Datetime,Adj Close,Close,High,Low,Open,Volume,US/Eastern Timezone
2024-11-03 18:00:00+00:00,110.421875,110.421875,110.515625,110.28125,110.296875,42064.0,2024-11-03 13:00:00-05:00
2024-11-03 18:15:00+00:00,110.375,110.375,110.421875,110.34375,110.40625,10683.0,2024-11-03 13:15:00-05:00
2024-11-03 18:30:00+00:00,110.34375,110.34375,110.390625,110.34375,110.375,14582.0,2024-11-03 13:30:00-05:00
2024-11-03 18:45:00+00:00,110.34375,110.34375,110.375,110.328125,110.34375,6991.0,2024-11-03 13:45:00-05:00
2024-11-03 19:00:00+00:00,110.375,110.375,110.40625,110.34375,110.34375,8660.0,2024-11-03 14:00:00-05:00
2024-11-03 19:15:00+00:00,110.359375,110.359375,110.40625,110.359375,110.375,3678.0,2024-11-03 14:15:00-05:00
2024-11-03 19:30:00+00:00,110.328125,110.328125,110.375,110.328125,110.359375,6497.0,2024-11-03 14:30:00-05:00
2024-11-03 19:45:00+00:00,110.328125,110.328125,110.359375,110.328125,110.34375,2433.0,2024-11-03 14:45:00-05:00
2024-11-03 20:00:00+00:00,110.296875,110.296875,110.34375,110.28125,110.328125,9819.0,2024-11-03 15:00:00-05:00
2024-11-03 20:15:00+00:00,110.34375,110.34375,110.34375,110.296875,110.296875,3738.0,2024-11-03 15:15:00-05:00
2024-11-03 20:30:00+00:00,110.359375,110.359375,110.375,110.34375,110.34375,5438.0,2024-11-03 15:30:00-05:00
2024-11-03 20:45:00+00:00,110.359375,110.359375,110.375,110.359375,110.359375,2534.0,2024-11-03 15:45:00-05:00
2024-11-03 21:00:00+00:00,110.34375,110.34375,110.359375,110.34375,110.34375,0.0,2024-11-03 16:00:00-05:00
2024-11-03 21:15:00+00:00,110.375,110.375,110.390625,110.34375,110.359375,3772.0,2024-11-03 16:15:00-05:00
2024-11-03 21:30:00+00:00,110.390625,110.390625,110.390625,110.375,110.390625,454.0,2024-11-03 16:30:00-05:00
2024-11-03 21:45:00+00:00,110.40625,110.40625,110.421875,110.375,110.390625,3009.0,2024-11-03 16:45:00-05:00
2024-11-03 22:00:00+00:00,110.40625,110.40625,110.421875,110.390625,110.421875,0.0,2024-11-03 17:00:00-05:00
2024-11-03 22:15:00+00:00,110.40625,110.40625,110.4375,110.40625,110.40625,6145.0,2024-11-03 17:15:00-05:00
2024-11-03 22:30:00+00:00,110.421875,110.421875,110.4375,110.40625,110.421875,4145.0,2024-11-03 17:30:00-05:00
2024-11-03 22:45:00+00:00,110.40625,110.40625,110.4375,110.40625,110.4375,1361.0,2024-11-03 17:45:00-05:00
2024-11-03 23:00:00+00:00,110.390625,110.390625,110.421875,110.390625,110.40625,2785.0,2024-11-03 18:00:00-05:00
2024-11-03 23:15:00+00:00,110.390625,110.390625,110.390625,110.375,110.390625,624.0,2024-11-03 18:15:00-05:00
2024-11-03 23:30:00+00:00,110.390625,110.390625,110.40625,110.375,110.390625,1963.0,2024-11-03 18:30:00-05:00
2024-11-03 23:45:00+00:00,110.390625,110.390625,110.40625,110.375,110.40625,949.0,2024-11-03 18:45:00-05:00
2024-11-04 00:00:00+00:00,110.375,110.375,110.390625,110.375,110.390625,844.0,2024-11-03 19:00:00-05:00
2024-11-04 00:15:00+00:00,110.375,110.375,110.390625,110.359375,110.375,1872.0,2024-11-03 19:15:00-05:00
2024-11-04 00:30:00+00:00,110.390625,110.390625,110.40625,110.375,110.390625,2077.0,2024-11-03 19:30:00-05:00
2024-11-04 00:45:00+00:00,110.390625,110.390625,110.421875,110.390625,110.390625,2037.0,2024-11-03 19:45:00-05:00
2024-11-04 01:00:00+00:00,110.40625,110.40625,110.421875,110.40625,110.421875,0.0,2024-11-03 20:00:00-05:00
2024-11-04 01:15:00+00:00,110.4375,110.4375,110.453125,110.40625,110.421875,3615.0,2024-11-03 20:15:00-05:00
2024-11-04 01:30:00+00:00,110.4375,110.4375,110.453125,110.421875,110.421875,1855.0,2024-11-03 20:30:00-05:00
2024-11-04 01:45:00+00:00,110.421875,110.421875,110.453125,110.40625,110.453125,4775.0,2024-11-03 20:45:00-05:00
2024-11-04 02:00:00+00:00,110.34375,110.34375,110.4375,110.328125,110.421875,14541.0,2024-11-03 21:00:00-05:00
2024-11-04 02:15:00+00:00,110.375,110.375,110.390625,110.34375,110.34375,16080.0,2024-11-03 21:15:00-05:00
2024-11-04 02:30:00+00:00,110.34375,110.34375,110.390625,110.328125,110.375,11230.0,2024-11-03 21:30:00-05:00
2024-11-04 02:45:00+00:00,110.34375,110.34375,110.359375,110.3125,110.34375,20227.0,2024-11-03 21:45:00-05:00
2024-11-04 03:00:00+00:00,110.328125,110.328125,110.375,110.3125,110.34375,18210.0,2024-11-03 22:00:00-05:00
2024-11-04 03:15:00+00:00,110.390625,110.390625,110.421875,110.328125,110.328125,23032.0,2024-11-03 22:15:00-05:00
2024-11-04 03:30:00+00:00,110.359375,110.359375,110.390625,110.3125,110.390625,15607.0,2024-11-03 22:30:00-05:00
2024-11-04 03:45:00+00:00,110.359375,110.359375,110.40625,110.34375,110.359375,16574.0,2024-11-03 22:45:00-05:00
2024-11-04 04:00:00+00:00,110.359375,110.359375,110.390625,110.328125,110.375,6199.0,2024-11-03 23:00:00-05:00
2024-11-04 04:15:00+00:00,110.390625,110.390625,110.40625,110.34375,110.34400177001952,10696.0,2024-11-03 23:15:00-05:00
2024-11-04 04:30:00+00:00,110.4375,110.4375,110.453125,110.375,110.390625,18473.0,2024-11-03 23:30:00-05:00
2024-11-04 04:45:00+00:00,110.4375,110.4375,110.46875,110.40625,110.4375,15905.0,2024-11-03 23:45:00-05:00
2024-11-04 05:00:00+00:00,110.375,110.375,110.4375,110.359375,110.4375,27873.0,2024-11-04 00:00:00-05:00
2024-11-04 05:15:00+00:00,110.4375,110.4375,110.4375,110.359375,110.359375,19901.0,2024-11-04 00:15:00-05:00
2024-11-04 05:30:00+00:00,110.453125,110.453125,110.453125,110.421875,110.4375,9983.0,2024-11-04 00:30:00-05:00
2024-11-04 05:45:00+00:00,110.453125,110.453125,110.453125,110.421875,110.453125,8186.0,2024-11-04 00:45:00-05:00
2024-11-04 06:00:00+00:00,110.5,110.5,110.53125,110.453125,110.453125,23591.0,2024-11-04 01:00:00-05:00
2024-11-04 06:15:00+00:00,110.5,110.5,110.515625,110.484375,110.515625,11370.0,2024-11-04 01:15:00-05:00
2024-11-04 06:30:00+00:00,110.515625,110.515625,110.546875,110.484375,110.5,21002.0,2024-11-04 01:30:00-05:00
2024-11-04 06:45:00+00:00,110.5625,110.5625,110.578125,110.515625,110.53125,16728.0,2024-11-04 01:45:00-05:00
2024-11-04 07:00:00+00:00,110.515625,110.515625,110.578125,110.5,110.578125,29330.0,2024-11-04 02:00:00-05:00
2024-11-04 07:15:00+00:00,110.515625,110.515625,110.53125,110.484375,110.5,20916.0,2024-11-04 02:15:00-05:00
2024-11-04 07:30:00+00:00,110.5,110.5,110.515625,110.453125,110.515625,30202.0,2024-11-04 02:30:00-05:00
2024-11-04 07:45:00+00:00,110.46875,110.46875,110.53125,110.453125,110.5,17871.0,2024-11-04 02:45:00-05:00
2024-11-04 08:00:00+00:00,110.515625,110.515625,110.546875,110.453125,110.46875,40156.0,2024-11-04 03:00:00-05:00
2024-11-04 08:15:00+00:00,110.46875,110.46875,110.546875,110.453125,110.515625,33220.0,2024-11-04 03:15:00-05:00
2024-11-04 08:30:00+00:00,110.484375,110.484375,110.515625,110.4375,110.46875,37083.0,2024-11-04 03:30:00-05:00
2024-11-04 08:45:00+00:00,110.5625,110.5625,110.59375,110.484375,110.5,49948.0,2024-11-04 03:45:00-05:00
2024-11-04 09:00:00+00:00,110.578125,110.578125,110.625,110.578125,110.578125,17698.0,2024-11-04 04:00:00-05:00
2024-11-04 09:15:00+00:00,110.5625,110.5625,110.625,110.546875,110.578125,40485.0,2024-11-04 04:15:00-05:00
2024-11-04 09:30:00+00:00,110.515625,110.515625,110.578125,110.5,110.5625,48076.0,2024-11-04 04:30:00-05:00
2024-11-04 09:45:00+00:00,110.5625,110.5625,110.59375,110.5,110.515625,37960.0,2024-11-04 04:45:00-05:00
2024-11-04 10:00:00+00:00,110.609375,110.609375,110.640625,110.546875,110.5625,29880.0,2024-11-04 05:00:00-05:00
2024-11-04 10:15:00+00:00,110.59375,110.59375,110.671875,110.578125,110.609375,39700.0,2024-11-04 05:15:00-05:00
2024-11-04 10:30:00+00:00,110.53125,110.53125,110.625,110.515625,110.59375,33489.0,2024-11-04 05:30:00-05:00
2024-11-04 10:45:00+00:00,110.484375,110.484375,110.546875,110.46875,110.515625,56853.0,2024-11-04 05:45:00-05:00
2024-11-04 11:00:00+00:00,110.4375,110.4375,110.484375,110.40625,110.484375,51554.0,2024-11-04 06:00:00-05:00
2024-11-04 11:15:00+00:00,110.4375,110.4375,110.453125,110.375,110.421875,42676.0,2024-11-04 06:15:00-05:00
2024-11-04 11:30:00+00:00,110.4375,110.4375,110.5,110.421875,110.4375,63812.0,2024-11-04 06:30:00-05:00
2024-11-04 11:45:00+00:00,110.453125,110.453125,110.453125,110.421875,110.4375,19091.0,2024-11-04 06:45:00-05:00
2024-11-04 12:00:00+00:00,110.453125,110.453125,110.484375,110.421875,110.4375,11941.0,2024-11-04 07:00:00-05:00
2024-11-04 12:15:00+00:00,110.453125,110.453125,110.484375,110.421875,110.453125,26413.0,2024-11-04 07:15:00-05:00
2024-11-04 12:30:00+00:00,110.359375,110.359375,110.46875,110.34375,110.453125,22112.0,2024-11-04 07:30:00-05:00
2024-11-04 12:45:00+00:00,110.375,110.375,110.390625,110.328125,110.34375,29546.0,2024-11-04 07:45:00-05:00
2024-11-04 13:00:00+00:00,110.28125,110.28125,110.3125,110.265625,110.3125,0.0,2024-11-04 08:00:00-05:00
2024-11-04 13:15:00+00:00,110.25,110.25,110.28125,110.21875,110.28125,39386.0,2024-11-04 08:15:00-05:00
2024-11-04 13:30:00+00:00,110.3125,110.3125,110.328125,110.25,110.25,26158.0,2024-11-04 08:30:00-05:00
2024-11-04 13:45:00+00:00,110.34375,110.34375,110.359375,110.28125,110.3125,22810.0,2024-11-04 08:45:00-05:00
2024-11-04 14:00:00+00:00,110.375,110.375,110.375,110.3125,110.34375,29206.0,2024-11-04 09:00:00-05:00
2024-11-04 14:15:00+00:00,110.359375,110.359375,110.390625,110.34375,110.375,17867.0,2024-11-04 09:15:00-05:00
2024-11-04 14:30:00+00:00,110.421875,110.421875,110.4375,110.34375,110.359375,37412.0,2024-11-04 09:30:00-05:00
2024-11-04 14:45:00+00:00,110.34375,110.34375,110.453125,110.34375,110.421875,98849.0,2024-11-04 09:45:00-05:00
2024-11-04 15:00:00+00:00,110.328125,110.328125,110.359375,110.28125,110.34375,33022.0,2024-11-04 10:00:00-05:00
2024-11-04 15:15:00+00:00,110.359375,110.359375,110.359375,110.3125,110.328125,32804.0,2024-11-04 10:15:00-05:00
2024-11-04 15:30:00+00:00,110.390625,110.390625,110.40625,110.34375,110.359375,23343.0,2024-11-04 10:30:00-05:00
2024-11-04 15:45:00+00:00,110.421875,110.421875,110.4375,110.375,110.40625,46597.0,2024-11-04 10:45:00-05:00
2024-11-04 16:00:00+00:00,110.421875,110.421875,110.4375,110.40625,110.421875,6055.0,2024-11-04 11:00:00-05:00
2024-11-04 16:15:00+00:00,110.453125,110.453125,110.453125,110.40625,110.4375,9257.0,2024-11-04 11:15:00-05:00
2024-11-04 16:30:00+00:00,110.46875,110.46875,110.484375,110.4375,110.453125,19131.0,2024-11-04 11:30:00-05:00
2024-11-04 16:45:00+00:00,110.484375,110.484375,110.515625,110.46875,110.46875,10457.0,2024-11-04 11:45:00-05:00
2024-11-04 18:00:00+00:00,110.46875,110.46875,110.515625,110.46875,110.515625,2348.0,2024-11-04 13:00:00-05:00
2024-11-04 18:15:00+00:00,110.453125,110.453125,110.46875,110.453125,110.453125,1322.0,2024-11-04 13:15:00-05:00
2024-11-04 18:30:00+00:00,110.46875,110.46875,110.46875,110.453125,110.46875,2157.0,2024-11-04 13:30:00-05:00
2024-11-04 18:45:00+00:00,110.46875,110.46875,110.484375,110.4375,110.46875,4580.0,2024-11-04 13:45:00-05:00
2024-11-04 19:00:00+00:00,110.46875,110.46875,110.5,110.453125,110.46875,2330.0,2024-11-04 14:00:00-05:00
2024-11-04 19:15:00+00:00,110.484375,110.484375,110.5,110.453125,110.484375,2067.0,2024-11-04 14:15:00-05:00
2024-11-04 19:30:00+00:00,110.46875,110.46875,110.5,110.46875,110.484375,627.0,2024-11-04 14:30:00-05:00
2024-11-04 19:45:00+00:00,110.421875,110.421875,110.484375,110.421875,110.484375,7958.0,2024-11-04 14:45:00-05:00
2024-11-04 20:00:00+00:00,110.375,110.375,110.421875,110.359375,110.421875,11246.0,2024-11-04 15:00:00-05:00
2024-11-04 20:15:00+00:00,110.40625,110.40625,110.40625,110.359375,110.390625,3893.0,2024-11-04 15:15:00-05:00
2024-11-04 20:30:00+00:00,110.40625,110.40625,110.40625,110.375,110.40625,1285.0,2024-11-04 15:30:00-05:00
2024-11-04 20:45:00+00:00,110.375,110.375,110.40625,110.359375,110.40625,3030.0,2024-11-04 15:45:00-05:00
2024-11-04 21:00:00+00:00,110.40625,110.40625,110.421875,110.375,110.375,2245.0,2024-11-04 16:00:00-05:00
2024-11-04 21:15:00+00:00,110.40625,110.40625,110.421875,110.390625,110.421875,2037.0,2024-11-04 16:15:00-05:00
2024-11-04 21:30:00+00:00,110.40625,110.40625,110.421875,110.390625,110.390625,1379.0,2024-11-04 16:30:00-05:00
2024-11-04 21:45:00+00:00,110.390625,110.390625,110.421875,110.390625,110.40625,1099.0,2024-11-04 16:45:00-05:00
2024-11-04 22:00:00+00:00,110.40625,110.40625,110.4375,110.390625,110.390625,1480.0,2024-11-04 17:00:00-05:00
2024-11-04 22:15:00+00:00,110.453125,110.453125,110.453125,110.40625,110.421875,3028.0,2024-11-04 17:15:00-05:00
2024-11-04 22:30:00+00:00,110.421875,110.421875,110.453125,110.40625,110.453125,2675.0,2024-11-04 17:30:00-05:00
2024-11-04 22:45:00+00:00,110.453125,110.453125,110.453125,110.40625,110.40625,1796.0,2024-11-04 17:45:00-05:00
2024-11-04 23:00:00+00:00,110.4375,110.4375,110.4375,110.421875,110.421875,0.0,2024-11-04 18:00:00-05:00
2024-11-04 23:15:00+00:00,110.4375,110.4375,110.453125,110.421875,110.4375,948.0,2024-11-04 18:15:00-05:00
2024-11-04 23:30:00+00:00,110.421875,110.421875,110.453125,110.421875,110.4375,1550.0,2024-11-04 18:30:00-05:00
2024-11-04 23:45:00+00:00,110.421875,110.421875,110.4375,110.421875,110.421875,550.0,2024-11-04 18:45:00-05:00
2024-11-05 00:00:00+00:00,110.421875,110.421875,110.4375,110.421875,110.4375,93.0,2024-11-04 19:00:00-05:00
2024-11-05 00:15:00+00:00,110.4375,110.4375,110.453125,110.421875,110.421875,1356.0,2024-11-04 19:15:00-05:00
2024-11-05 00:30:00+00:00,110.4375,110.4375,110.4375,110.421875,110.421875,408.0,2024-11-04 19:30:00-05:00
2024-11-05 00:45:00+00:00,110.4375,110.4375,110.4375,110.421875,110.421875,237.0,2024-11-04 19:45:00-05:00
2024-11-05 01:00:00+00:00,110.453125,110.453125,110.453125,110.4375,110.453125,0.0,2024-11-04 20:00:00-05:00
2024-11-05 01:15:00+00:00,110.453125,110.453125,110.46875,110.453125,110.46875,2841.0,2024-11-04 20:15:00-05:00
2024-11-05 01:30:00+00:00,110.4375,110.4375,110.453125,110.4375,110.453125,4160.0,2024-11-04 20:30:00-05:00
2024-11-05 01:45:00+00:00,110.421875,110.421875,110.453125,110.421875,110.4375,1825.0,2024-11-04 20:45:00-05:00
2024-11-05 02:00:00+00:00,110.4375,110.4375,110.453125,110.421875,110.4375,3155.0,2024-11-04 21:00:00-05:00
2024-11-05 02:15:00+00:00,110.421875,110.421875,110.4375,110.40625,110.4375,4701.0,2024-11-04 21:15:00-05:00
2024-11-05 02:30:00+00:00,110.390625,110.390625,110.4375,110.390625,110.421875,3370.0,2024-11-04 21:30:00-05:00
2024-11-05 02:45:00+00:00,110.34375,110.34375,110.390625,110.34375,110.390625,11826.0,2024-11-04 21:45:00-05:00
2024-11-05 03:00:00+00:00,110.25,110.25,110.34375,110.25,110.34375,21946.0,2024-11-04 22:00:00-05:00
2024-11-05 03:15:00+00:00,110.296875,110.296875,110.3125,110.25,110.25,10866.0,2024-11-04 22:15:00-05:00
2024-11-05 03:30:00+00:00,110.359375,110.359375,110.359375,110.28125,110.296875,11724.0,2024-11-04 22:30:00-05:00
2024-11-05 03:45:00+00:00,110.390625,110.390625,110.40625,110.328125,110.34375,16956.0,2024-11-04 22:45:00-05:00
2024-11-05 04:00:00+00:00,110.390625,110.390625,110.40625,110.34375,110.390625,9574.0,2024-11-04 23:00:00-05:00
2024-11-05 04:15:00+00:00,110.40625,110.40625,110.40625,110.375,110.39099884033205,17839.0,2024-11-04 23:15:00-05:00
2024-11-05 04:30:00+00:00,110.40625,110.40625,110.421875,110.375,110.40625,14270.0,2024-11-04 23:30:00-05:00
2024-11-05 04:45:00+00:00,110.375,110.375,110.40625,110.359375,110.40625,8155.0,2024-11-04 23:45:00-05:00
2024-11-05 05:00:00+00:00,110.390625,110.390625,110.421875,110.359375,110.375,18407.0,2024-11-05 00:00:00-05:00
2024-11-05 05:15:00+00:00,110.390625,110.390625,110.4375,110.375,110.390625,8950.0,2024-11-05 00:15:00-05:00
2024-11-05 05:30:00+00:00,110.375,110.375,110.40625,110.375,110.390625,8326.0,2024-11-05 00:30:00-05:00
2024-11-05 05:45:00+00:00,110.359375,110.359375,110.390625,110.34375,110.375,17684.0,2024-11-05 00:45:00-05:00
2024-11-05 06:00:00+00:00,110.34375,110.34375,110.359375,110.34375,110.359375,7075.0,2024-11-05 01:00:00-05:00
2024-11-05 06:15:00+00:00,110.328125,110.328125,110.359375,110.3280029296875,110.3280029296875,16855.0,2024-11-05 01:15:00-05:00
2024-11-05 06:30:00+00:00,110.3125,110.3125,110.34375,110.296875,110.328125,9827.0,2024-11-05 01:30:00-05:00
2024-11-05 06:45:00+00:00,110.328125,110.328125,110.359375,110.3125,110.3125,6638.0,2024-11-05 01:45:00-05:00
2024-11-05 07:00:00+00:00,110.296875,110.296875,110.375,110.296875,110.328125,13794.0,2024-11-05 02:00:00-05:00
2024-11-05 07:15:00+00:00,110.265625,110.265625,110.3125,110.265625,110.3125,14502.0,2024-11-05 02:15:00-05:00
2024-11-05 07:30:00+00:00,110.25,110.25,110.28125,110.21875,110.265625,31152.0,2024-11-05 02:30:00-05:00
2024-11-05 07:45:00+00:00,110.203125,110.203125,110.25,110.171875,110.25,31775.0,2024-11-05 02:45:00-05:00
2024-11-05 08:00:00+00:00,110.1875,110.1875,110.21875,110.171875,110.21875,0.0,2024-11-05 03:00:00-05:00
2024-11-05 08:15:00+00:00,110.203125,110.203125,110.21875,110.15625,110.1875,24273.0,2024-11-05 03:15:00-05:00
2024-11-05 08:30:00+00:00,110.21875,110.21875,110.25,110.171875,110.203125,38122.0,2024-11-05 03:30:00-05:00
2024-11-05 08:45:00+00:00,110.234375,110.234375,110.265625,110.203125,110.234375,33322.0,2024-11-05 03:45:00-05:00
2024-11-05 09:00:00+00:00,110.296875,110.296875,110.3125,110.203125,110.234375,10986.0,2024-11-05 04:00:00-05:00
2024-11-05 09:15:00+00:00,110.28125,110.28125,110.3125,110.25,110.296875,19058.0,2024-11-05 04:15:00-05:00
2024-11-05 09:30:00+00:00,110.28125,110.28125,110.328125,110.25,110.296875,37609.0,2024-11-05 04:30:00-05:00
2024-11-05 09:45:00+00:00,110.265625,110.265625,110.296875,110.234375,110.28125,41460.0,2024-11-05 04:45:00-05:00
2024-11-05 10:00:00+00:00,110.0,110.0,110.0625,109.953125,110.03125,27089.0,2024-11-05 05:00:00-05:00
2024-11-05 10:15:00+00:00,109.96875,109.96875,110.015625,109.9375,110.015625,56512.0,2024-11-05 05:15:00-05:00
2024-11-05 10:30:00+00:00,109.984375,109.984375,110.03125,109.953125,109.953125,40934.0,2024-11-05 05:30:00-05:00
2024-11-05 10:45:00+00:00,110.03125,110.03125,110.0625,109.96875,109.96875,41369.0,2024-11-05 05:45:00-05:00
2024-11-05 11:00:00+00:00,110.0,110.0,110.0625,109.96875,110.015625,37048.0,2024-11-05 06:00:00-05:00
2024-11-05 11:15:00+00:00,109.984375,109.984375,110.0,109.953125,109.984375,30552.0,2024-11-05 06:15:00-05:00
2024-11-05 11:30:00+00:00,109.984375,109.984375,110.0,109.9375,109.96875,32830.0,2024-11-05 06:30:00-05:00
2024-11-05 11:45:00+00:00,110.0,110.0,110.03125,109.96875,109.984375,23133.0,2024-11-05 06:45:00-05:00
2024-11-05 12:00:00+00:00,110.03125,110.03125,110.03125,110.0,110.0,25148.0,2024-11-05 07:00:00-05:00
2024-11-05 12:15:00+00:00,110.046875,110.046875,110.0625,110.0,110.03125,22481.0,2024-11-05 07:15:00-05:00
2024-11-05 12:30:00+00:00,110.125,110.125,110.15625,110.03125,110.046875,47167.0,2024-11-05 07:30:00-05:00
2024-11-05 12:45:00+00:00,110.046875,110.046875,110.125,110.046875,110.125,32488.0,2024-11-05 07:45:00-05:00
2024-11-05 13:00:00+00:00,110.234375,110.234375,110.28125,110.15625,110.15625,0.0,2024-11-05 08:00:00-05:00
2024-11-05 13:15:00+00:00,110.25,110.25,110.3125,110.234375,110.234375,29120.0,2024-11-05 08:15:00-05:00
2024-11-05 13:30:00+00:00,110.265625,110.265625,110.28125,110.21875,110.25,44577.0,2024-11-05 08:30:00-05:00
2024-11-05 13:45:00+00:00,110.28125,110.28125,110.296875,110.25,110.265625,29516.0,2024-11-05 08:45:00-05:00
2024-11-05 14:00:00+00:00,110.234375,110.234375,110.296875,110.234375,110.28125,24826.0,2024-11-05 09:00:00-05:00
2024-11-05 14:15:00+00:00,110.25,110.25,110.28125,110.21875,110.234375,38798.0,2024-11-05 09:15:00-05:00
2024-11-05 14:30:00+00:00,110.328125,110.328125,110.328125,110.234375,110.25,32182.0,2024-11-05 09:30:00-05:00
2024-11-05 14:45:00+00:00,110.390625,110.390625,110.4375,110.328125,110.34375,93864.0,2024-11-05 09:45:00-05:00
2024-11-05 15:00:00+00:00,110.40625,110.40625,110.453125,110.390625,110.40625,67517.0,2024-11-05 10:00:00-05:00
2024-11-05 15:15:00+00:00,110.453125,110.453125,110.484375,110.40625,110.40625,37398.0,2024-11-05 10:15:00-05:00
2024-11-05 15:30:00+00:00,110.4375,110.4375,110.5,110.421875,110.46875,47444.0,2024-11-05 10:30:00-05:00
2024-11-05 15:45:00+00:00,110.421875,110.421875,110.453125,110.375,110.421875,42947.0,2024-11-05 10:45:00-05:00
2024-11-05 16:00:00+00:00,110.421875,110.421875,110.4375,110.390625,110.390625,4557.0,2024-11-05 11:00:00-05:00
2024-11-05 16:15:00+00:00,110.484375,110.484375,110.5,110.40625,110.4375,16975.0,2024-11-05 11:15:00-05:00
2024-11-05 16:30:00+00:00,110.484375,110.484375,110.5,110.46875,110.484375,13579.0,2024-11-05 11:30:00-05:00
2024-11-05 16:45:00+00:00,110.53125,110.53125,110.53125,110.453125,110.484375,9739.0,2024-11-05 11:45:00-05:00
2024-11-05 18:00:00+00:00,110.515625,110.515625,110.53125,110.453125,110.484375,3035.0,2024-11-05 13:00:00-05:00
2024-11-05 18:15:00+00:00,110.46875,110.46875,110.5,110.4375,110.5,4432.0,2024-11-05 13:15:00-05:00
2024-11-05 18:30:00+00:00,110.546875,110.546875,110.5625,110.4375,110.46875,12341.0,2024-11-05 13:30:00-05:00
2024-11-05 18:45:00+00:00,110.609375,110.609375,110.671875,110.515625,110.53125,14235.0,2024-11-05 13:45:00-05:00
2024-11-05 19:00:00+00:00,110.421875,110.421875,110.625,110.390625,110.609375,26431.0,2024-11-05 14:00:00-05:00
2024-11-05 19:15:00+00:00,110.1875,110.1875,110.5,110.15625,110.421875,44953.0,2024-11-05 14:15:00-05:00
2024-11-05 19:30:00+00:00,110.0625,110.0625,110.203125,110.0,110.1875,37233.0,2024-11-05 14:30:00-05:00
2024-11-05 19:45:00+00:00,110.140625,110.140625,110.15625,110.015625,110.0625,21873.0,2024-11-05 14:45:00-05:00
2024-11-05 20:00:00+00:00,110.015625,110.015625,110.125,109.875,110.125,57132.0,2024-11-05 15:00:00-05:00
2024-11-05 20:15:00+00:00,110.046875,110.046875,110.109375,110.0,110.015625,23062.0,2024-11-05 15:15:00-05:00
2024-11-05 20:30:00+00:00,110.078125,110.078125,110.078125,109.921875,110.03125,19848.0,2024-11-05 15:30:00-05:00
2024-11-05 20:45:00+00:00,109.96875,109.96875,110.09375,109.953125,110.078125,17950.0,2024-11-05 15:45:00-05:00
2024-11-05 21:00:00+00:00,109.78125,109.78125,109.984375,109.734375,109.96875,51398.0,2024-11-05 16:00:00-05:00
2024-11-05 21:15:00+00:00,109.5625,109.5625,109.796875,109.5625,109.796875,37463.0,2024-11-05 16:15:00-05:00
2024-11-05 21:30:00+00:00,109.484375,109.484375,109.625,109.46875,109.578125,72643.0,2024-11-05 16:30:00-05:00
2024-11-05 21:45:00+00:00,109.40625,109.40625,109.546875,109.375,109.484375,41152.0,2024-11-05 16:45:00-05:00
2024-11-05 22:00:00+00:00,109.5,109.5,109.5625,109.296875,109.40625,64179.0,2024-11-05 17:00:00-05:00
2024-11-05 22:15:00+00:00,109.421875,109.421875,109.609375,109.390625,109.484375,32988.0,2024-11-05 17:15:00-05:00
2024-11-05 22:30:00+00:00,109.265625,109.265625,109.484375,109.21875,109.40625,60288.0,2024-11-05 17:30:00-05:00
2024-11-05 22:45:00+00:00,109.296875,109.296875,109.375,109.234375,109.265625,39538.0,2024-11-05 17:45:00-05:00
2024-11-05 23:00:00+00:00,109.375,109.375,109.40625,109.265625,109.296875,35821.0,2024-11-05 18:00:00-05:00
2024-11-05 23:15:00+00:00,109.4375,109.4375,109.5,109.328125,109.375,34299.0,2024-11-05 18:15:00-05:00
2024-11-05 23:30:00+00:00,109.484375,109.484375,109.515625,109.421875,109.4375,37164.0,2024-11-05 18:30:00-05:00
2024-11-05 23:45:00+00:00,109.625,109.625,109.65625,109.46875,109.484375,53121.0,2024-11-05 18:45:00-05:00
2024-11-06 00:00:00+00:00,109.71875,109.71875,109.734375,109.625,109.625,19715.0,2024-11-05 19:00:00-05:00
2024-11-06 00:15:00+00:00,109.625,109.625,109.890625,109.625,109.71875,53102.0,2024-11-05 19:15:00-05:00
2024-11-06 00:30:00+00:00,109.640625,109.640625,109.703125,109.5,109.625,47630.0,2024-11-05 19:30:00-05:00
2024-11-06 00:45:00+00:00,109.515625,109.515625,109.671875,109.515625,109.640625,25971.0,2024-11-05 19:45:00-05:00
2024-11-06 01:00:00+00:00,109.515625,109.515625,109.5625,109.484375,109.53125,0.0,2024-11-05 20:00:00-05:00
2024-11-06 01:15:00+00:00,109.578125,109.578125,109.609375,109.484375,109.53125,28778.0,2024-11-05 20:15:00-05:00
2024-11-06 01:30:00+00:00,109.4375,109.4375,109.65625,109.375,109.578125,43949.0,2024-11-05 20:30:00-05:00
2024-11-06 01:45:00+00:00,109.5625,109.5625,109.5625,109.328125,109.4375,54815.0,2024-11-05 20:45:00-05:00
2024-11-06 02:00:00+00:00,109.546875,109.546875,109.625,109.40625,109.5625,48200.0,2024-11-05 21:00:00-05:00
2024-11-06 02:15:00+00:00,109.703125,109.703125,109.71875,109.515625,109.546875,60667.0,2024-11-05 21:15:00-05:00
2024-11-06 02:30:00+00:00,109.75,109.75,109.75,109.609375,109.6875,51874.0,2024-11-05 21:30:00-05:00
2024-11-06 02:45:00+00:00,109.71875,109.71875,109.890625,109.703125,109.75,63255.0,2024-11-05 21:45:00-05:00
2024-11-06 03:00:00+00:00,109.65625,109.65625,109.734375,109.625,109.734375,34949.0,2024-11-05 22:00:00-05:00
2024-11-06 03:15:00+00:00,109.65625,109.65625,109.765625,109.625,109.640625,28214.0,2024-11-05 22:15:00-05:00
2024-11-06 03:30:00+00:00,109.734375,109.734375,109.75,109.625,109.671875,23014.0,2024-11-05 22:30:00-05:00
2024-11-06 03:45:00+00:00,109.703125,109.703125,109.796875,109.6875,109.75,18796.0,2024-11-05 22:45:00-05:00
2024-11-06 04:00:00+00:00,109.640625,109.640625,109.703125,109.609375,109.703125,24990.0,2024-11-05 23:00:00-05:00
2024-11-06 04:15:00+00:00,109.578125,109.578125,109.609375,109.546875,109.5780029296875,30640.0,2024-11-05 23:15:00-05:00
2024-11-06 04:30:00+00:00,109.5625,109.5625,109.625,109.546875,109.59375,17606.0,2024-11-05 23:30:00-05:00
2024-11-06 04:45:00+00:00,109.546875,109.546875,109.625,109.53125,109.5625,22565.0,2024-11-05 23:45:00-05:00
2024-11-06 05:00:00+00:00,109.5625,109.5625,109.5625,109.515625,109.53125,6959.0,2024-11-06 00:00:00-05:00
2024-11-06 05:15:00+00:00,109.5625,109.5625,109.578125,109.5,109.546875,14581.0,2024-11-06 00:15:00-05:00
2024-11-06 05:30:00+00:00,109.5,109.5,109.609375,109.46875,109.5625,16433.0,2024-11-06 00:30:00-05:00
2024-11-06 05:45:00+00:00,109.453125,109.453125,109.515625,109.4375,109.5,16993.0,2024-11-06 00:45:00-05:00
2024-11-06 06:00:00+00:00,109.40625,109.40625,109.484375,109.390625,109.453125,35216.0,2024-11-06 01:00:00-05:00
2024-11-06 06:15:00+00:00,109.359375,109.359375,109.40625,109.28125,109.390625,49744.0,2024-11-06 01:15:00-05:00
2024-11-06 06:30:00+00:00,109.3125,109.3125,109.4375,109.3125,109.34375,38416.0,2024-11-06 01:30:00-05:00
2024-11-06 06:45:00+00:00,109.296875,109.296875,109.328125,109.25,109.328125,40411.0,2024-11-06 01:45:00-05:00
2024-11-06 07:00:00+00:00,109.265625,109.265625,109.3125,109.265625,109.3125,0.0,2024-11-06 02:00:00-05:00
2024-11-06 07:15:00+00:00,109.25,109.25,109.296875,109.21875,109.265625,35776.0,2024-11-06 02:15:00-05:00
2024-11-06 07:30:00+00:00,109.46875,109.46875,109.484375,109.25,109.25,50334.0,2024-11-06 02:30:00-05:00
2024-11-06 07:45:00+00:00,109.390625,109.390625,109.546875,109.390625,109.46875,47178.0,2024-11-06 02:45:00-05:00
2024-11-06 08:00:00+00:00,109.484375,109.484375,109.53125,109.390625,109.390625,38007.0,2024-11-06 03:00:00-05:00
2024-11-06 08:15:00+00:00,109.453125,109.453125,109.609375,109.421875,109.484375,80914.0,2024-11-06 03:15:00-05:00
2024-11-06 08:30:00+00:00,109.515625,109.515625,109.53125,109.40625,109.453125,69913.0,2024-11-06 03:30:00-05:00
2024-11-06 08:45:00+00:00,109.40625,109.40625,109.5625,109.390625,109.5,77180.0,2024-11-06 03:45:00-05:00
2024-11-06 09:00:00+00:00,109.375,109.375,109.40625,109.34375,109.375,16690.0,2024-11-06 04:00:00-05:00
2024-11-06 09:15:00+00:00,109.265625,109.265625,109.390625,109.234375,109.375,68663.0,2024-11-06 04:15:00-05:00
2024-11-06 09:30:00+00:00,109.296875,109.296875,109.34375,109.265625,109.265625,57701.0,2024-11-06 04:30:00-05:00
2024-11-06 09:45:00+00:00,109.34375,109.34375,109.40625,109.234375,109.296875,82331.0,2024-11-06 04:45:00-05:00
2024-11-06 10:00:00+00:00,109.4375,109.4375,109.4375,109.390625,109.40625,20793.0,2024-11-06 05:00:00-05:00
2024-11-06 10:15:00+00:00,109.40625,109.40625,109.46875,109.390625,109.4375,48513.0,2024-11-06 05:15:00-05:00
2024-11-06 10:30:00+00:00,109.359375,109.359375,109.484375,109.359375,109.390625,72234.0,2024-11-06 05:30:00-05:00
2024-11-06 10:45:00+00:00,109.390625,109.390625,109.421875,109.328125,109.359375,70689.0,2024-11-06 05:45:00-05:00
2024-11-06 11:00:00+00:00,109.40625,109.40625,109.4375,109.359375,109.390625,53502.0,2024-11-06 06:00:00-05:00
2024-11-06 11:15:00+00:00,109.40625,109.40625,109.453125,109.359375,109.40625,37346.0,2024-11-06 06:15:00-05:00
2024-11-06 11:30:00+00:00,109.359375,109.359375,109.4375,109.34375,109.421875,30620.0,2024-11-06 06:30:00-05:00
2024-11-06 11:45:00+00:00,109.328125,109.328125,109.375,109.3125,109.34375,48788.0,2024-11-06 06:45:00-05:00
2024-11-06 12:00:00+00:00,109.421875,109.421875,109.4375,109.3125,109.34375,37526.0,2024-11-06 07:00:00-05:00
2024-11-06 12:15:00+00:00,109.5625,109.5625,109.578125,109.421875,109.4375,60440.0,2024-11-06 07:15:00-05:00
2024-11-06 12:30:00+00:00,109.53125,109.53125,109.578125,109.5,109.546875,45898.0,2024-11-06 07:30:00-05:00
2024-11-06 12:45:00+00:00,109.53125,109.53125,109.5625,109.484375,109.53125,36526.0,2024-11-06 07:45:00-05:00
2024-11-06 13:00:00+00:00,109.65625,109.65625,109.671875,109.5,109.53125,71240.0,2024-11-06 08:00:00-05:00
2024-11-06 13:15:00+00:00,109.6875,109.6875,109.734375,109.625,109.65625,48869.0,2024-11-06 08:15:00-05:00
2024-11-06 13:30:00+00:00,109.640625,109.640625,109.703125,109.625,109.703125,24811.0,2024-11-06 08:30:00-05:00
2024-11-06 13:45:00+00:00,109.53125,109.53125,109.65625,109.53125,109.640625,28778.0,2024-11-06 08:45:00-05:00
2024-11-06 14:00:00+00:00,109.421875,109.421875,109.5625,109.359375,109.546875,76284.0,2024-11-06 09:00:00-05:00
2024-11-06 14:15:00+00:00,109.453125,109.453125,109.484375,109.375,109.40625,30719.0,2024-11-06 09:15:00-05:00
2024-11-06 14:30:00+00:00,109.53125,109.53125,109.546875,109.453125,109.453125,38666.0,2024-11-06 09:30:00-05:00
2024-11-06 14:45:00+00:00,109.5625,109.5625,109.5625,109.5,109.515625,94246.0,2024-11-06 09:45:00-05:00
2024-11-06 15:00:00+00:00,109.53125,109.53125,109.609375,109.5,109.578125,8145.0,2024-11-06 10:00:00-05:00
2024-11-06 15:15:00+00:00,109.515625,109.515625,109.5625,109.5,109.53125,20712.0,2024-11-06 10:15:00-05:00
2024-11-06 15:30:00+00:00,109.515625,109.515625,109.53125,109.5,109.53125,24489.0,2024-11-06 10:30:00-05:00
2024-11-06 15:45:00+00:00,109.453125,109.453125,109.515625,109.4375,109.515625,34922.0,2024-11-06 10:45:00-05:00
2024-11-06 16:00:00+00:00,109.515625,109.515625,109.515625,109.4375,109.46875,28194.0,2024-11-06 11:00:00-05:00
2024-11-06 16:15:00+00:00,109.515625,109.515625,109.53125,109.5,109.515625,19081.0,2024-11-06 11:15:00-05:00
2024-11-06 16:30:00+00:00,109.546875,109.546875,109.546875,109.515625,109.53125,10357.0,2024-11-06 11:30:00-05:00
2024-11-06 16:45:00+00:00,109.515625,109.515625,109.546875,109.484375,109.546875,8281.0,2024-11-06 11:45:00-05:00
2024-11-06 18:00:00+00:00,109.546875,109.546875,109.59375,109.484375,109.515625,5964.0,2024-11-06 13:00:00-05:00
2024-11-06 18:15:00+00:00,109.484375,109.484375,109.5625,109.484375,109.5625,6337.0,2024-11-06 13:15:00-05:00
2024-11-06 18:30:00+00:00,109.515625,109.515625,109.515625,109.484375,109.5,5324.0,2024-11-06 13:30:00-05:00
2024-11-06 18:45:00+00:00,109.546875,109.546875,109.546875,109.5,109.5,5728.0,2024-11-06 13:45:00-05:00
2024-11-06 19:00:00+00:00,109.53125,109.53125,109.578125,109.515625,109.546875,2864.0,2024-11-06 14:00:00-05:00
2024-11-06 19:15:00+00:00,109.453125,109.453125,109.53125,109.4375,109.53125,9199.0,2024-11-06 14:15:00-05:00
2024-11-06 19:30:00+00:00,109.5,109.5,109.5,109.46875,109.46875,0.0,2024-11-06 14:30:00-05:00
2024-11-06 19:45:00+00:00,109.5,109.5,109.53125,109.46875,109.5,4654.0,2024-11-06 14:45:00-05:00
2024-11-06 20:00:00+00:00,109.5625,109.5625,109.59375,109.5,109.5,6278.0,2024-11-06 15:00:00-05:00
2024-11-06 20:15:00+00:00,109.5,109.5,109.546875,109.453125,109.546875,5982.0,2024-11-06 15:15:00-05:00
2024-11-06 20:30:00+00:00,109.546875,109.546875,109.546875,109.484375,109.5,9535.0,2024-11-06 15:30:00-05:00
2024-11-06 20:45:00+00:00,109.546875,109.546875,109.578125,109.53125,109.546875,7203.0,2024-11-06 15:45:00-05:00
2024-11-06 21:00:00+00:00,109.578125,109.578125,109.578125,109.546875,109.546875,7089.0,2024-11-06 16:00:00-05:00
2024-11-06 21:15:00+00:00,109.609375,109.609375,109.609375,109.5625,109.578125,6669.0,2024-11-06 16:15:00-05:00
2024-11-06 21:30:00+00:00,109.5625,109.5625,109.609375,109.5625,109.59375,8323.0,2024-11-06 16:30:00-05:00
2024-11-06 21:45:00+00:00,109.59375,109.59375,109.59375,109.546875,109.5625,6731.0,2024-11-06 16:45:00-05:00
2024-11-06 22:00:00+00:00,109.59375,109.59375,109.609375,109.578125,109.578125,3807.0,2024-11-06 17:00:00-05:00
2024-11-06 22:15:00+00:00,109.5625,109.5625,109.59375,109.5625,109.59375,2436.0,2024-11-06 17:15:00-05:00
2024-11-06 22:30:00+00:00,109.5625,109.5625,109.59375,109.546875,109.59375,119022.0,2024-11-06 17:30:00-05:00
2024-11-06 22:45:00+00:00,109.5625,109.5625,109.578125,109.5625,109.5625,1001.0,2024-11-06 17:45:00-05:00
2024-11-06 23:00:00+00:00,109.578125,109.578125,109.59375,109.53125,109.578125,5096.0,2024-11-06 18:00:00-05:00
2024-11-06 23:15:00+00:00,109.546875,109.546875,109.609375,109.546875,109.59375,1548.0,2024-11-06 18:15:00-05:00
2024-11-06 23:30:00+00:00,109.53125,109.53125,109.5625,109.53125,109.546875,2413.0,2024-11-06 18:30:00-05:00
2024-11-06 23:45:00+00:00,109.515625,109.515625,109.546875,109.515625,109.546875,1455.0,2024-11-06 18:45:00-05:00
2024-11-07 00:00:00+00:00,109.53125,109.53125,109.53125,109.5,109.515625,1620.0,2024-11-06 19:00:00-05:00
2024-11-07 00:15:00+00:00,109.515625,109.515625,109.53125,109.484375,109.515625,2440.0,2024-11-06 19:15:00-05:00
2024-11-07 00:30:00+00:00,109.546875,109.546875,109.546875,109.515625,109.53125,2175.0,2024-11-06 19:30:00-05:00
2024-11-07 00:45:00+00:00,109.5625,109.5625,109.578125,109.546875,109.546875,2583.0,2024-11-06 19:45:00-05:00
2024-11-07 01:00:00+00:00,109.59375,109.59375,109.609375,109.59375,109.59375,0.0,2024-11-06 20:00:00-05:00
2024-11-07 01:15:00+00:00,109.59375,109.59375,109.609375,109.5625,109.609375,3202.0,2024-11-06 20:15:00-05:00
2024-11-07 01:30:00+00:00,109.578125,109.578125,109.609375,109.5625,109.59375,2205.0,2024-11-06 20:30:00-05:00
2024-11-07 01:45:00+00:00,109.609375,109.609375,109.609375,109.5625,109.578125,4875.0,2024-11-06 20:45:00-05:00
2024-11-07 02:00:00+00:00,109.6875,109.6875,109.703125,109.609375,109.625,7611.0,2024-11-06 21:00:00-05:00
2024-11-07 02:15:00+00:00,109.765625,109.765625,109.796875,109.671875,109.6875,27590.0,2024-11-06 21:15:00-05:00
2024-11-07 02:30:00+00:00,109.765625,109.765625,109.78125,109.71875,109.75,13714.0,2024-11-06 21:30:00-05:00
2024-11-07 02:45:00+00:00,109.703125,109.703125,109.765625,109.703125,109.765625,12786.0,2024-11-06 21:45:00-05:00
2024-11-07 03:00:00+00:00,109.625,109.625,109.71875,109.625,109.703125,27633.0,2024-11-06 22:00:00-05:00
2024-11-07 03:15:00+00:00,109.65625,109.65625,109.6875,109.609375,109.625,19455.0,2024-11-06 22:15:00-05:00
2024-11-07 03:30:00+00:00,109.6875,109.6875,109.703125,109.640625,109.65625,18906.0,2024-11-06 22:30:00-05:00
2024-11-07 03:45:00+00:00,109.734375,109.734375,109.734375,109.671875,109.6875,17619.0,2024-11-06 22:45:00-05:00
2024-11-07 04:00:00+00:00,109.640625,109.640625,109.734375,109.640625,109.734375,17264.0,2024-11-06 23:00:00-05:00
2024-11-07 04:15:00+00:00,109.65625,109.65625,109.671875,109.625,109.640625,11350.0,2024-11-06 23:15:00-05:00
2024-11-07 04:30:00+00:00,109.65625,109.65625,109.671875,109.640625,109.671875,12602.0,2024-11-06 23:30:00-05:00
2024-11-07 04:45:00+00:00,109.625,109.625,109.671875,109.59375,109.65625,14017.0,2024-11-06 23:45:00-05:00
2024-11-07 05:00:00+00:00,109.625,109.625,109.65625,109.609375,109.640625,4439.0,2024-11-07 00:00:00-05:00
2024-11-07 05:15:00+00:00,109.625,109.625,109.65625,109.609375,109.625,13335.0,2024-11-07 00:15:00-05:00
2024-11-07 05:30:00+00:00,109.625,109.625,109.65625,109.59375,109.625,18202.0,2024-11-07 00:30:00-05:00
2024-11-07 05:45:00+00:00,109.578125,109.578125,109.625,109.5625,109.625,10087.0,2024-11-07 00:45:00-05:00
2024-11-07 06:00:00+00:00,109.515625,109.515625,109.5625,109.5,109.5625,12262.0,2024-11-07 01:00:00-05:00
2024-11-07 06:15:00+00:00,109.5,109.5,109.546875,109.484375,109.53099822998048,15545.0,2024-11-07 01:15:00-05:00
2024-11-07 06:30:00+00:00,109.5,109.5,109.515625,109.46875,109.5,10664.0,2024-11-07 01:30:00-05:00
2024-11-07 06:45:00+00:00,109.5,109.5,109.515625,109.46875,109.5,11655.0,2024-11-07 01:45:00-05:00
2024-11-07 07:00:00+00:00,109.546875,109.546875,109.546875,109.4375,109.515625,32510.0,2024-11-07 02:00:00-05:00
2024-11-07 07:15:00+00:00,109.546875,109.546875,109.578125,109.515625,109.546875,21594.0,2024-11-07 02:15:00-05:00
2024-11-07 07:30:00+00:00,109.578125,109.578125,109.59375,109.484375,109.546875,23462.0,2024-11-07 02:30:00-05:00
2024-11-07 07:45:00+00:00,109.6875,109.6875,109.703125,109.5625,109.578125,43049.0,2024-11-07 02:45:00-05:00
2024-11-07 08:00:00+00:00,109.734375,109.734375,109.75,109.671875,109.6875,44367.0,2024-11-07 03:00:00-05:00
2024-11-07 08:15:00+00:00,109.671875,109.671875,109.734375,109.65625,109.734375,60834.0,2024-11-07 03:15:00-05:00
2024-11-07 08:30:00+00:00,109.65625,109.65625,109.71875,109.578125,109.671875,89266.0,2024-11-07 03:30:00-05:00
2024-11-07 08:45:00+00:00,109.78125,109.78125,109.8125,109.640625,109.640625,80891.0,2024-11-07 03:45:00-05:00
2024-11-07 09:00:00+00:00,109.84375,109.84375,109.90625,109.765625,109.78125,77671.0,2024-11-07 04:00:00-05:00
2024-11-07 09:15:00+00:00,109.84375,109.84375,109.890625,109.796875,109.84375,70656.0,2024-11-07 04:15:00-05:00
2024-11-07 09:30:00+00:00,109.875,109.875,109.9375,109.8125,109.84375,59967.0,2024-11-07 04:30:00-05:00
2024-11-07 09:45:00+00:00,109.984375,109.984375,110.0625,109.875,109.890625,102806.0,2024-11-07 04:45:00-05:00
2024-11-07 10:00:00+00:00,110.0,110.0,110.046875,109.953125,110.0,49332.0,2024-11-07 05:00:00-05:00
2024-11-07 10:15:00+00:00,110.0625,110.0625,110.078125,109.984375,110.015625,59271.0,2024-11-07 05:15:00-05:00
2024-11-07 10:30:00+00:00,110.078125,110.078125,110.109375,110.015625,110.0625,68752.0,2024-11-07 05:30:00-05:00
2024-11-07 10:45:00+00:00,110.140625,110.140625,110.203125,110.046875,110.078125,107550.0,2024-11-07 05:45:00-05:00
2024-11-07 11:00:00+00:00,110.109375,110.109375,110.1875,110.09375,110.15625,55753.0,2024-11-07 06:00:00-05:00
2024-11-07 11:15:00+00:00,110.0625,110.0625,110.125,110.015625,110.109375,64423.0,2024-11-07 06:15:00-05:00
2024-11-07 11:30:00+00:00,110.078125,110.078125,110.09375,110.046875,110.0625,37743.0,2024-11-07 06:30:00-05:00
2024-11-07 11:45:00+00:00,110.078125,110.078125,110.09375,110.03125,110.078125,49750.0,2024-11-07 06:45:00-05:00
2024-11-07 12:00:00+00:00,110.09375,110.09375,110.09375,110.03125,110.046875,7843.0,2024-11-07 07:00:00-05:00
2024-11-07 12:15:00+00:00,110.125,110.125,110.125,110.078125,110.09375,21544.0,2024-11-07 07:15:00-05:00
2024-11-07 12:30:00+00:00,110.171875,110.171875,110.21875,110.125,110.125,52569.0,2024-11-07 07:30:00-05:00
2024-11-07 12:45:00+00:00,110.15625,110.15625,110.1875,110.125,110.1875,21997.0,2024-11-07 07:45:00-05:00
2024-11-07 13:00:00+00:00,110.140625,110.140625,110.171875,110.125,110.140625,22292.0,2024-11-07 08:00:00-05:00
2024-11-07 13:15:00+00:00,110.15625,110.15625,110.171875,110.125,110.15625,25346.0,2024-11-07 08:15:00-05:00
2024-11-07 13:30:00+00:00,110.21875,110.21875,110.21875,110.140625,110.15625,26955.0,2024-11-07 08:30:00-05:00
2024-11-07 13:45:00+00:00,110.21875,110.21875,110.25,110.140625,110.203125,45500.0,2024-11-07 08:45:00-05:00
2024-11-07 14:00:00+00:00,110.140625,110.140625,110.265625,110.015625,110.21875,96983.0,2024-11-07 09:00:00-05:00
2024-11-07 14:15:00+00:00,110.078125,110.078125,110.15625,110.046875,110.125,34655.0,2024-11-07 09:15:00-05:00
2024-11-07 14:30:00+00:00,109.96875,109.96875,110.171875,109.921875,110.078125,116356.0,2024-11-07 09:30:00-05:00
2024-11-07 14:45:00+00:00,110.171875,110.171875,110.21875,109.953125,109.96875,137748.0,2024-11-07 09:45:00-05:00
2024-11-07 15:00:00+00:00,110.359375,110.359375,110.40625,110.234375,110.28125,44317.0,2024-11-07 10:00:00-05:00
2024-11-07 15:15:00+00:00,110.296875,110.296875,110.390625,110.296875,110.375,87445.0,2024-11-07 10:15:00-05:00
2024-11-07 15:30:00+00:00,110.203125,110.203125,110.3125,110.203125,110.296875,50495.0,2024-11-07 10:30:00-05:00
2024-11-07 15:45:00+00:00,110.28125,110.28125,110.296875,110.1875,110.21875,53954.0,2024-11-07 10:45:00-05:00
2024-11-07 16:00:00+00:00,110.265625,110.265625,110.28125,110.25,110.28125,7842.0,2024-11-07 11:00:00-05:00
2024-11-07 16:15:00+00:00,110.28125,110.28125,110.28125,110.25,110.28125,9506.0,2024-11-07 11:15:00-05:00
2024-11-07 16:30:00+00:00,110.296875,110.296875,110.3125,110.28125,110.28125,13375.0,2024-11-07 11:30:00-05:00
2024-11-07 16:45:00+00:00,110.265625,110.265625,110.328125,110.265625,110.3125,18112.0,2024-11-07 11:45:00-05:00
2024-11-07 18:00:00+00:00,110.234375,110.234375,110.234375,110.21875,110.234375,1384.0,2024-11-07 13:00:00-05:00
2024-11-07 18:15:00+00:00,110.21875,110.21875,110.234375,110.203125,110.21875,1604.0,2024-11-07 13:15:00-05:00
2024-11-07 18:30:00+00:00,110.21875,110.21875,110.234375,110.203125,110.21875,1670.0,2024-11-07 13:30:00-05:00
2024-11-07 18:45:00+00:00,110.203125,110.203125,110.234375,110.1875,110.21875,3131.0,2024-11-07 13:45:00-05:00
2024-11-07 19:00:00+00:00,110.234375,110.234375,110.25,110.203125,110.21875,5188.0,2024-11-07 14:00:00-05:00
2024-11-07 19:15:00+00:00,110.21875,110.21875,110.296875,110.21875,110.25,8438.0,2024-11-07 14:15:00-05:00
2024-11-07 19:30:00+00:00,110.15625,110.15625,110.234375,110.15625,110.21875,18799.0,2024-11-07 14:30:00-05:00
2024-11-07 19:45:00+00:00,110.171875,110.171875,110.1875,110.15625,110.15625,6033.0,2024-11-07 14:45:00-05:00
2024-11-07 20:00:00+00:00,110.125,110.125,110.203125,110.109375,110.1875,8161.0,2024-11-07 15:00:00-05:00
2024-11-07 20:15:00+00:00,110.15625,110.15625,110.171875,110.125,110.125,4583.0,2024-11-07 15:15:00-05:00
2024-11-07 20:30:00+00:00,110.140625,110.140625,110.15625,110.125,110.15625,3045.0,2024-11-07 15:30:00-05:00
2024-11-07 20:45:00+00:00,110.1875,110.1875,110.203125,110.140625,110.140625,4924.0,2024-11-07 15:45:00-05:00
2024-11-07 21:00:00+00:00,110.234375,110.234375,110.234375,110.203125,110.203125,2988.0,2024-11-07 16:00:00-05:00
2024-11-07 21:15:00+00:00,110.171875,110.171875,110.234375,110.171875,110.234375,3190.0,2024-11-07 16:15:00-05:00
2024-11-07 21:30:00+00:00,110.1875,110.1875,110.1875,110.171875,110.171875,5254.0,2024-11-07 16:30:00-05:00
2024-11-07 21:45:00+00:00,110.21875,110.21875,110.234375,110.1875,110.1875,2272.0,2024-11-07 16:45:00-05:00
2024-11-07 22:00:00+00:00,110.234375,110.234375,110.25,110.21875,110.234375,5119.0,2024-11-07 17:00:00-05:00
2024-11-07 22:15:00+00:00,110.265625,110.265625,110.28125,110.234375,110.234375,5891.0,2024-11-07 17:15:00-05:00
2024-11-07 22:30:00+00:00,110.265625,110.265625,110.28125,110.25,110.265625,2114.0,2024-11-07 17:30:00-05:00
2024-11-07 22:45:00+00:00,110.265625,110.265625,110.28125,110.25,110.25,1484.0,2024-11-07 17:45:00-05:00
2024-11-07 23:00:00+00:00,110.265625,110.265625,110.265625,110.234375,110.265625,2564.0,2024-11-07 18:00:00-05:00
2024-11-07 23:15:00+00:00,110.25,110.25,110.265625,110.25,110.265625,1188.0,2024-11-07 18:15:00-05:00
2024-11-07 23:30:00+00:00,110.25,110.25,110.25,110.234375,110.25,1113.0,2024-11-07 18:30:00-05:00
2024-11-07 23:45:00+00:00,110.25,110.25,110.25,110.234375,110.234375,3305.0,2024-11-07 18:45:00-05:00
2024-11-08 00:00:00+00:00,110.25,110.25,110.265625,110.25,110.25,4084.0,2024-11-07 19:00:00-05:00
2024-11-08 00:15:00+00:00,110.21875,110.21875,110.25,110.203125,110.25,4006.0,2024-11-07 19:15:00-05:00
2024-11-08 00:30:00+00:00,110.203125,110.203125,110.21875,110.171875,110.21875,6809.0,2024-11-07 19:30:00-05:00
2024-11-08 00:45:00+00:00,110.234375,110.234375,110.234375,110.203125,110.203125,1284.0,2024-11-07 19:45:00-05:00
2024-11-08 01:00:00+00:00,110.21875,110.21875,110.21875,110.203125,110.21875,0.0,2024-11-07 20:00:00-05:00
2024-11-08 01:15:00+00:00,110.203125,110.203125,110.21875,110.1875,110.21875,2122.0,2024-11-07 20:15:00-05:00
2024-11-08 01:30:00+00:00,110.234375,110.234375,110.25,110.1875,110.203125,2518.0,2024-11-07 20:30:00-05:00
2024-11-08 01:45:00+00:00,110.25,110.25,110.265625,110.234375,110.25,2709.0,2024-11-07 20:45:00-05:00
2024-11-08 02:00:00+00:00,110.265625,110.265625,110.265625,110.21875,110.25,5312.0,2024-11-07 21:00:00-05:00
2024-11-08 02:15:00+00:00,110.203125,110.203125,110.28125,110.203125,110.265625,6996.0,2024-11-07 21:15:00-05:00
2024-11-08 02:30:00+00:00,110.21875,110.21875,110.21875,110.203125,110.203125,9124.0,2024-11-07 21:30:00-05:00
2024-11-08 02:45:00+00:00,110.296875,110.296875,110.3125,110.203125,110.21875,12743.0,2024-11-07 21:45:00-05:00
2024-11-08 03:00:00+00:00,110.390625,110.390625,110.421875,110.265625,110.296875,41622.0,2024-11-07 22:00:00-05:00
2024-11-08 03:15:00+00:00,110.375,110.375,110.40625,110.3125,110.40625,19700.0,2024-11-07 22:15:00-05:00
2024-11-08 03:30:00+00:00,110.34375,110.34375,110.40625,110.34375,110.375,17143.0,2024-11-07 22:30:00-05:00
2024-11-08 03:45:00+00:00,110.484375,110.484375,110.5,110.34375,110.359375,45229.0,2024-11-07 22:45:00-05:00
2024-11-08 04:00:00+00:00,110.484375,110.484375,110.5,110.46875,110.484375,21113.0,2024-11-07 23:00:00-05:00
2024-11-08 04:15:00+00:00,110.5,110.5,110.515625,110.46875,110.48400115966795,28170.0,2024-11-07 23:15:00-05:00
2024-11-08 04:30:00+00:00,110.484375,110.484375,110.515625,110.46875,110.5,21151.0,2024-11-07 23:30:00-05:00
2024-11-08 04:45:00+00:00,110.484375,110.484375,110.5,110.46875,110.484375,7645.0,2024-11-07 23:45:00-05:00
2024-11-08 05:00:00+00:00,110.5,110.5,110.5,110.46875,110.484375,15405.0,2024-11-08 00:00:00-05:00
2024-11-08 05:15:00+00:00,110.484375,110.484375,110.484375,110.453125,110.484375,10237.0,2024-11-08 00:15:00-05:00
2024-11-08 05:30:00+00:00,110.46875,110.46875,110.484375,110.4375,110.484375,8229.0,2024-11-08 00:30:00-05:00
2024-11-08 05:45:00+00:00,110.484375,110.484375,110.484375,110.453125,110.484375,7843.0,2024-11-08 00:45:00-05:00
2024-11-08 06:00:00+00:00,110.453125,110.453125,110.484375,110.453125,110.46875,0.0,2024-11-08 01:00:00-05:00
2024-11-08 06:15:00+00:00,110.4375,110.4375,110.453125,110.40625,110.4530029296875,21182.0,2024-11-08 01:15:00-05:00
2024-11-08 06:30:00+00:00,110.390625,110.390625,110.453125,110.390625,110.421875,7274.0,2024-11-08 01:30:00-05:00
2024-11-08 06:45:00+00:00,110.40625,110.40625,110.4375,110.390625,110.390625,11718.0,2024-11-08 01:45:00-05:00
2024-11-08 07:00:00+00:00,110.359375,110.359375,110.40625,110.359375,110.40625,13481.0,2024-11-08 02:00:00-05:00
2024-11-08 07:15:00+00:00,110.375,110.375,110.375,110.3125,110.375,17421.0,2024-11-08 02:15:00-05:00
2024-11-08 07:30:00+00:00,110.421875,110.421875,110.453125,110.359375,110.375,16804.0,2024-11-08 02:30:00-05:00
2024-11-08 07:45:00+00:00,110.40625,110.40625,110.421875,110.359375,110.40625,21072.0,2024-11-08 02:45:00-05:00
2024-11-08 08:00:00+00:00,110.390625,110.390625,110.4375,110.359375,110.390625,25948.0,2024-11-08 03:00:00-05:00
2024-11-08 08:15:00+00:00,110.34375,110.34375,110.375,110.265625,110.375,31362.0,2024-11-08 03:15:00-05:00
2024-11-08 08:30:00+00:00,110.21875,110.21875,110.359375,110.21875,110.34375,45448.0,2024-11-08 03:30:00-05:00
2024-11-08 08:45:00+00:00,110.234375,110.234375,110.3125,110.203125,110.21875,47065.0,2024-11-08 03:45:00-05:00
2024-11-08 09:00:00+00:00,110.28125,110.28125,110.296875,110.203125,110.234375,38590.0,2024-11-08 04:00:00-05:00
2024-11-08 09:15:00+00:00,110.359375,110.359375,110.359375,110.265625,110.28125,51233.0,2024-11-08 04:15:00-05:00
2024-11-08 09:30:00+00:00,110.375,110.375,110.40625,110.34375,110.359375,64442.0,2024-11-08 04:30:00-05:00
2024-11-08 09:45:00+00:00,110.40625,110.40625,110.453125,110.328125,110.375,53961.0,2024-11-08 04:45:00-05:00
2024-11-08 10:00:00+00:00,110.546875,110.546875,110.5625,110.375,110.421875,104335.0,2024-11-08 05:00:00-05:00
2024-11-08 10:15:00+00:00,110.578125,110.578125,110.609375,110.515625,110.53125,47914.0,2024-11-08 05:15:00-05:00
2024-11-08 10:30:00+00:00,110.53125,110.53125,110.5625,110.484375,110.5625,61625.0,2024-11-08 05:30:00-05:00
2024-11-08 10:45:00+00:00,110.5,110.5,110.5625,110.46875,110.546875,50514.0,2024-11-08 05:45:00-05:00
2024-11-08 11:00:00+00:00,110.40625,110.40625,110.515625,110.40625,110.484375,61960.0,2024-11-08 06:00:00-05:00
2024-11-08 11:15:00+00:00,110.390625,110.390625,110.421875,110.34375,110.421875,61112.0,2024-11-08 06:15:00-05:00
2024-11-08 11:30:00+00:00,110.3125,110.3125,110.390625,110.25,110.375,58322.0,2024-11-08 06:30:00-05:00
2024-11-08 11:45:00+00:00,110.328125,110.328125,110.375,110.28125,110.3125,46666.0,2024-11-08 06:45:00-05:00
2024-11-08 12:00:00+00:00,110.3125,110.3125,110.359375,110.296875,110.34375,34946.0,2024-11-08 07:00:00-05:00
2024-11-08 12:15:00+00:00,110.296875,110.296875,110.328125,110.265625,110.3125,22189.0,2024-11-08 07:15:00-05:00
2024-11-08 12:30:00+00:00,110.265625,110.265625,110.359375,110.25,110.296875,38984.0,2024-11-08 07:30:00-05:00
2024-11-08 12:45:00+00:00,110.34375,110.34375,110.375,110.265625,110.265625,33274.0,2024-11-08 07:45:00-05:00
2024-11-08 13:00:00+00:00,110.34375,110.34375,110.40625,110.328125,110.34375,31670.0,2024-11-08 08:00:00-05:00
2024-11-08 13:15:00+00:00,110.3125,110.3125,110.359375,110.3125,110.34375,20247.0,2024-11-08 08:15:00-05:00
2024-11-08 13:30:00+00:00,110.265625,110.265625,110.328125,110.25,110.3125,33153.0,2024-11-08 08:30:00-05:00
2024-11-08 13:45:00+00:00,110.359375,110.359375,110.359375,110.25,110.265625,27812.0,2024-11-08 08:45:00-05:00
2024-11-08 14:00:00+00:00,110.3125,110.3125,110.34375,110.3125,110.328125,6406.0,2024-11-08 09:00:00-05:00
2024-11-08 14:15:00+00:00,110.296875,110.296875,110.34375,110.265625,110.328125,19540.0,2024-11-08 09:15:00-05:00
2024-11-08 14:30:00+00:00,110.265625,110.265625,110.3125,110.265625,110.296875,18487.0,2024-11-08 09:30:00-05:00
2024-11-08 14:45:00+00:00,110.265625,110.265625,110.296875,110.234375,110.265625,91003.0,2024-11-08 09:45:00-05:00
2024-11-08 15:00:00+00:00,110.203125,110.203125,110.25,110.1875,110.25,9356.0,2024-11-08 10:00:00-05:00
2024-11-08 15:15:00+00:00,110.265625,110.265625,110.265625,110.203125,110.21875,20103.0,2024-11-08 10:15:00-05:00
2024-11-08 15:30:00+00:00,110.28125,110.28125,110.28125,110.234375,110.25,26501.0,2024-11-08 10:30:00-05:00
2024-11-08 15:45:00+00:00,110.3125,110.3125,110.3125,110.25,110.265625,47978.0,2024-11-08 10:45:00-05:00
2024-11-08 16:00:00+00:00,110.265625,110.265625,110.28125,110.25,110.265625,8335.0,2024-11-08 11:00:00-05:00
2024-11-08 16:15:00+00:00,110.296875,110.296875,110.3125,110.25,110.25,20479.0,2024-11-08 11:15:00-05:00
2024-11-08 16:30:00+00:00,110.265625,110.265625,110.296875,110.25,110.296875,8647.0,2024-11-08 11:30:00-05:00
2024-11-08 16:45:00+00:00,110.265625,110.265625,110.26599884033205,110.234375,110.265625,11305.0,2024-11-08 11:45:00-05:00
2024-11-10 18:00:00+00:00,110.125,110.125,110.234375,110.109375,110.203125,9837.0,2024-11-10 13:00:00-05:00
2024-11-10 18:15:00+00:00,110.15625,110.15625,110.15625,110.125,110.140625,4327.0,2024-11-10 13:15:00-05:00
2024-11-10 18:30:00+00:00,110.125,110.125,110.15625,110.125,110.15625,4192.0,2024-11-10 13:30:00-05:00
2024-11-10 18:45:00+00:00,110.125,110.125,110.140625,110.109375,110.125,1137.0,2024-11-10 13:45:00-05:00
2024-11-10 19:00:00+00:00,110.09375,110.09375,110.140625,110.09375,110.125,4654.0,2024-11-10 14:00:00-05:00
2024-11-10 19:15:00+00:00,110.125,110.125,110.125,110.09375,110.09375,1822.0,2024-11-10 14:15:00-05:00
2024-11-10 19:30:00+00:00,110.0625,110.0625,110.125,110.0625,110.125,5727.0,2024-11-10 14:30:00-05:00
2024-11-10 19:45:00+00:00,110.046875,110.046875,110.078125,110.046875,110.0625,5511.0,2024-11-10 14:45:00-05:00
2024-11-10 20:00:00+00:00,110.078125,110.078125,110.078125,110.046875,110.046875,3355.0,2024-11-10 15:00:00-05:00
2024-11-10 20:15:00+00:00,110.0625,110.0625,110.078125,110.046875,110.0625,2061.0,2024-11-10 15:15:00-05:00
2024-11-10 20:30:00+00:00,110.0625,110.0625,110.078125,110.046875,110.078125,1803.0,2024-11-10 15:30:00-05:00
2024-11-10 20:45:00+00:00,110.0625,110.0625,110.0625,110.046875,110.046875,1288.0,2024-11-10 15:45:00-05:00
2024-11-10 21:00:00+00:00,110.046875,110.046875,110.0625,110.046875,110.046875,0.0,2024-11-10 16:00:00-05:00
2024-11-10 21:15:00+00:00,110.0625,110.0625,110.0625,110.046875,110.0625,1655.0,2024-11-10 16:15:00-05:00
2024-11-10 21:30:00+00:00,110.046875,110.046875,110.078125,110.03125,110.0625,7099.0,2024-11-10 16:30:00-05:00
2024-11-10 21:45:00+00:00,110.0625,110.0625,110.0625,110.046875,110.0625,3371.0,2024-11-10 16:45:00-05:00
2024-11-10 22:00:00+00:00,110.046875,110.046875,110.0625,110.046875,110.046875,302.0,2024-11-10 17:00:00-05:00
2024-11-10 22:15:00+00:00,110.03125,110.03125,110.0625,110.03125,110.046875,1315.0,2024-11-10 17:15:00-05:00
2024-11-10 22:30:00+00:00,110.015625,110.015625,110.046875,110.0,110.046875,5067.0,2024-11-10 17:30:00-05:00
2024-11-10 22:45:00+00:00,110.03125,110.03125,110.03125,110.015625,110.015625,1825.0,2024-11-10 17:45:00-05:00
2024-11-10 23:00:00+00:00,110.015625,110.015625,110.03125,110.0,110.015625,889.0,2024-11-10 18:00:00-05:00
2024-11-10 23:15:00+00:00,110.03125,110.03125,110.03125,110.0,110.0,2565.0,2024-11-10 18:15:00-05:00
2024-11-10 23:30:00+00:00,110.015625,110.015625,110.046875,110.015625,110.03125,5603.0,2024-11-10 18:30:00-05:00
2024-11-10 23:45:00+00:00,110.015625,110.015625,110.03125,110.015625,110.03125,1205.0,2024-11-10 18:45:00-05:00
2024-11-11 00:00:00+00:00,110.03125,110.03125,110.046875,110.015625,110.015625,6509.0,2024-11-10 19:00:00-05:00
2024-11-11 00:15:00+00:00,110.046875,110.046875,110.046875,110.03125,110.03125,3783.0,2024-11-10 19:15:00-05:00
2024-11-11 00:30:00+00:00,110.0625,110.0625,110.0625,110.03125,110.046875,1728.0,2024-11-10 19:30:00-05:00
2024-11-11 00:45:00+00:00,110.078125,110.078125,110.078125,110.0625,110.0625,1314.0,2024-11-10 19:45:00-05:00
2024-11-11 01:00:00+00:00,110.0625,110.0625,110.078125,110.0625,110.078125,668.0,2024-11-10 20:00:00-05:00
2024-11-11 01:15:00+00:00,110.0625,110.0625,110.078125,110.046875,110.0625,1852.0,2024-11-10 20:15:00-05:00
2024-11-11 01:30:00+00:00,110.0625,110.0625,110.078125,110.046875,110.078125,1814.0,2024-11-10 20:30:00-05:00
2024-11-11 01:45:00+00:00,110.046875,110.046875,110.0625,110.03125,110.046875,4035.0,2024-11-10 20:45:00-05:00
2024-11-11 02:00:00+00:00,110.09375,110.09375,110.09375,110.0625,110.09375,632.0,2024-11-10 21:00:00-05:00
2024-11-11 02:15:00+00:00,110.171875,110.171875,110.171875,110.078125,110.09375,15627.0,2024-11-10 21:15:00-05:00
2024-11-11 02:30:00+00:00,110.171875,110.171875,110.171875,110.140625,110.15625,5437.0,2024-11-10 21:30:00-05:00
2024-11-11 02:45:00+00:00,110.140625,110.140625,110.1875,110.125,110.171875,4884.0,2024-11-10 21:45:00-05:00
2024-11-11 03:00:00+00:00,110.078125,110.078125,110.15625,110.0625,110.15625,18480.0,2024-11-10 22:00:00-05:00
2024-11-11 03:15:00+00:00,110.03125,110.03125,110.078125,110.015625,110.078125,12810.0,2024-11-10 22:15:00-05:00
2024-11-11 03:30:00+00:00,110.03125,110.03125,110.046875,110.015625,110.03125,8978.0,2024-11-10 22:30:00-05:00
2024-11-11 03:45:00+00:00,110.046875,110.046875,110.046875,110.015625,110.03125,10416.0,2024-11-10 22:45:00-05:00
2024-11-11 04:00:00+00:00,110.015625,110.015625,110.0625,110.015625,110.0625,51.0,2024-11-10 23:00:00-05:00
2024-11-11 04:15:00+00:00,110.109375,110.109375,110.125,110.046875,110.06199645996094,7141.0,2024-11-10 23:15:00-05:00
2024-11-11 04:30:00+00:00,110.125,110.125,110.140625,110.09375,110.109375,7294.0,2024-11-10 23:30:00-05:00
2024-11-11 04:45:00+00:00,110.140625,110.140625,110.15625,110.109375,110.125,7686.0,2024-11-10 23:45:00-05:00
2024-11-11 05:00:00+00:00,110.09375,110.09375,110.15625,110.078125,110.140625,6386.0,2024-11-11 00:00:00-05:00
2024-11-11 05:15:00+00:00,110.046875,110.046875,110.109375,110.046875,110.078125,12025.0,2024-11-11 00:15:00-05:00
2024-11-11 05:30:00+00:00,110.046875,110.046875,110.0625,110.03125,110.046875,5420.0,2024-11-11 00:30:00-05:00
2024-11-11 05:45:00+00:00,110.046875,110.046875,110.0625,110.03125,110.046875,1730.0,2024-11-11 00:45:00-05:00
2024-11-11 06:00:00+00:00,110.03125,110.03125,110.046875,110.015625,110.03125,3383.0,2024-11-11 01:00:00-05:00
2024-11-11 06:15:00+00:00,110.03125,110.03125,110.0625,110.03125,110.0469970703125,8591.0,2024-11-11 01:15:00-05:00
2024-11-11 06:30:00+00:00,110.015625,110.015625,110.0625,110.0,110.046875,6464.0,2024-11-11 01:30:00-05:00
2024-11-11 06:45:00+00:00,110.0,110.0,110.015625,109.96875,110.0,13564.0,2024-11-11 01:45:00-05:00
2024-11-11 07:00:00+00:00,109.953125,109.953125,110.0,109.9375,109.984375,12319.0,2024-11-11 02:00:00-05:00
2024-11-11 07:15:00+00:00,109.921875,109.921875,109.953125,109.90625,109.9375,1619.0,2024-11-11 02:15:00-05:00
2024-11-11 07:30:00+00:00,109.953125,109.953125,109.953125,109.921875,109.921875,11902.0,2024-11-11 02:30:00-05:00
2024-11-11 07:45:00+00:00,109.9375,109.9375,109.96875,109.9375,109.953125,8809.0,2024-11-11 02:45:00-05:00
2024-11-11 08:00:00+00:00,109.921875,109.921875,109.953125,109.90625,109.9375,7736.0,2024-11-11 03:00:00-05:00
2024-11-11 08:15:00+00:00,109.8125,109.8125,109.921875,109.796875,109.90625,25895.0,2024-11-11 03:15:00-05:00
2024-11-11 08:30:00+00:00,109.828125,109.828125,109.859375,109.796875,109.828125,28141.0,2024-11-11 03:30:00-05:00
2024-11-11 08:45:00+00:00,109.921875,109.921875,109.9375,109.828125,109.828125,36543.0,2024-11-11 03:45:00-05:00
2024-11-11 09:00:00+00:00,109.953125,109.953125,109.96875,109.9375,109.96875,696.0,2024-11-11 04:00:00-05:00
2024-11-11 09:15:00+00:00,109.96875,109.96875,110.0,109.9375,109.9375,24646.0,2024-11-11 04:15:00-05:00
2024-11-11 09:30:00+00:00,110.0,110.0,110.0,109.9375,109.984375,20417.0,2024-11-11 04:30:00-05:00
2024-11-11 09:45:00+00:00,109.875,109.875,110.0,109.859375,110.0,29532.0,2024-11-11 04:45:00-05:00
2024-11-11 10:00:00+00:00,109.890625,109.890625,109.9375,109.875,109.90625,5535.0,2024-11-11 05:00:00-05:00
2024-11-11 10:15:00+00:00,109.890625,109.890625,109.90625,109.859375,109.875,15007.0,2024-11-11 05:15:00-05:00
2024-11-11 10:30:00+00:00,109.890625,109.890625,109.90625,109.859375,109.890625,13372.0,2024-11-11 05:30:00-05:00
2024-11-11 10:45:00+00:00,109.9375,109.9375,109.953125,109.875,109.875,13070.0,2024-11-11 05:45:00-05:00
2024-11-11 11:00:00+00:00,109.953125,109.953125,109.984375,109.9375,109.953125,11831.0,2024-11-11 06:00:00-05:00
2024-11-11 11:15:00+00:00,109.953125,109.953125,109.984375,109.953125,109.96875,6077.0,2024-11-11 06:15:00-05:00
2024-11-11 11:30:00+00:00,109.953125,109.953125,109.984375,109.921875,109.953125,9659.0,2024-11-11 06:30:00-05:00
2024-11-11 11:45:00+00:00,109.9375,109.9375,109.96875,109.9375,109.953125,10388.0,2024-11-11 06:45:00-05:00
2024-11-11 12:00:00+00:00,109.9375,109.9375,109.953125,109.921875,109.921875,2798.0,2024-11-11 07:00:00-05:00
2024-11-11 12:15:00+00:00,109.890625,109.890625,109.953125,109.890625,109.9375,5428.0,2024-11-11 07:15:00-05:00
2024-11-11 12:30:00+00:00,109.890625,109.890625,109.921875,109.890625,109.890625,6987.0,2024-11-11 07:30:00-05:00
2024-11-11 12:45:00+00:00,109.921875,109.921875,109.921875,109.890625,109.90625,6923.0,2024-11-11 07:45:00-05:00
2024-11-11 13:00:00+00:00,109.96875,109.96875,109.96875,109.9375,109.9375,0.0,2024-11-11 08:00:00-05:00
2024-11-11 13:15:00+00:00,109.96875,109.96875,109.96875,109.953125,109.953125,1692.0,2024-11-11 08:15:00-05:00
2024-11-11 13:30:00+00:00,109.921875,109.921875,109.953125,109.921875,109.953125,3906.0,2024-11-11 08:30:00-05:00
2024-11-11 13:45:00+00:00,109.921875,109.921875,109.9375,109.921875,109.921875,1798.0,2024-11-11 08:45:00-05:00
2024-11-11 14:00:00+00:00,109.921875,109.921875,109.9375,109.90625,109.921875,2408.0,2024-11-11 09:00:00-05:00
2024-11-11 14:15:00+00:00,109.90625,109.90625,109.921875,109.90625,109.90625,806.0,2024-11-11 09:15:00-05:00
2024-11-11 14:30:00+00:00,109.90625,109.90625,109.921875,109.90625,109.921875,1090.0,2024-11-11 09:30:00-05:00
2024-11-11 14:45:00+00:00,109.90625,109.90625,109.921875,109.890625,109.90625,27346.0,2024-11-11 09:45:00-05:00
2024-11-11 15:00:00+00:00,109.9375,109.9375,109.953125,109.890625,109.90625,19311.0,2024-11-11 10:00:00-05:00
2024-11-11 15:15:00+00:00,109.953125,109.953125,109.953125,109.9375,109.9375,574.0,2024-11-11 10:15:00-05:00
2024-11-11 15:30:00+00:00,109.96875,109.96875,109.984375,109.9375,109.953125,4290.0,2024-11-11 10:30:00-05:00
2024-11-11 15:45:00+00:00,110.0,110.0,110.015625,109.953125,109.984375,17559.0,2024-11-11 10:45:00-05:00
2024-11-11 16:00:00+00:00,109.984375,109.984375,110.015625,109.984375,109.984375,15528.0,2024-11-11 11:00:00-05:00
2024-11-11 16:15:00+00:00,109.984375,109.984375,110.0,109.984375,109.984375,2198.0,2024-11-11 11:15:00-05:00
2024-11-11 16:30:00+00:00,110.0,110.0,110.0,109.984375,109.984375,3835.0,2024-11-11 11:30:00-05:00
2024-11-11 16:45:00+00:00,110.0,110.0,110.03125,109.984375,109.984375,10525.0,2024-11-11 11:45:00-05:00
2024-11-11 18:00:00+00:00,110.0,110.0,110.015625,109.984375,110.0,1090.0,2024-11-11 13:00:00-05:00
2024-11-11 18:15:00+00:00,110.015625,110.015625,110.03125,110.015625,110.015625,904.0,2024-11-11 13:15:00-05:00
2024-11-11 18:30:00+00:00,110.046875,110.046875,110.0625,110.015625,110.03125,4274.0,2024-11-11 13:30:00-05:00
2024-11-11 18:45:00+00:00,110.0625,110.0625,110.078125,110.046875,110.046875,4873.0,2024-11-11 13:45:00-05:00
2024-11-11 19:00:00+00:00,110.0625,110.0625,110.0625,110.015625,110.046875,7941.0,2024-11-11 14:00:00-05:00
2024-11-11 19:15:00+00:00,110.015625,110.015625,110.078125,110.0,110.078125,3927.0,2024-11-11 14:15:00-05:00
2024-11-11 19:30:00+00:00,110.046875,110.046875,110.0625,110.0,110.0,1154.0,2024-11-11 14:30:00-05:00
2024-11-11 19:45:00+00:00,110.03125,110.03125,110.0625,110.015625,110.046875,3433.0,2024-11-11 14:45:00-05:00
2024-11-11 20:00:00+00:00,110.046875,110.046875,110.0625,110.0,110.03125,6998.0,2024-11-11 15:00:00-05:00
2024-11-11 20:15:00+00:00,110.03125,110.03125,110.046875,109.96875,110.046875,47679.0,2024-11-11 15:15:00-05:00
2024-11-11 20:30:00+00:00,110.03125,110.03125,110.0625,110.015625,110.015625,3162.0,2024-11-11 15:30:00-05:00
2024-11-11 20:45:00+00:00,110.015625,110.015625,110.046875,110.015625,110.046875,3219.0,2024-11-11 15:45:00-05:00
2024-11-11 21:00:00+00:00,110.078125,110.078125,110.078125,110.03125,110.046875,0.0,2024-11-11 16:00:00-05:00
2024-11-11 21:15:00+00:00,110.125,110.125,110.125,110.078125,110.078125,5695.0,2024-11-11 16:15:00-05:00
2024-11-11 21:30:00+00:00,110.125,110.125,110.140625,110.109375,110.109375,4351.0,2024-11-11 16:30:00-05:00
2024-11-11 21:45:00+00:00,110.09375,110.09375,110.125,110.09375,110.125,3113.0,2024-11-11 16:45:00-05:00
2024-11-11 22:00:00+00:00,110.109375,110.109375,110.109375,110.09375,110.09375,756.0,2024-11-11 17:00:00-05:00
2024-11-11 22:15:00+00:00,110.0625,110.0625,110.109375,110.0625,110.09375,2301.0,2024-11-11 17:15:00-05:00
2024-11-11 22:30:00+00:00,110.015625,110.015625,110.078125,110.015625,110.078125,7699.0,2024-11-11 17:30:00-05:00
2024-11-11 22:45:00+00:00,110.0625,110.0625,110.0625,110.015625,110.015625,3384.0,2024-11-11 17:45:00-05:00
2024-11-11 23:00:00+00:00,110.078125,110.078125,110.078125,110.046875,110.0625,1572.0,2024-11-11 18:00:00-05:00
2024-11-11 23:15:00+00:00,110.078125,110.078125,110.09375,110.0625,110.078125,1729.0,2024-11-11 18:15:00-05:00
2024-11-11 23:30:00+00:00,110.0625,110.0625,110.078125,110.0625,110.0625,1177.0,2024-11-11 18:30:00-05:00
2024-11-11 23:45:00+00:00,110.046875,110.046875,110.0625,110.03125,110.046875,1669.0,2024-11-11 18:45:00-05:00
2024-11-12 00:00:00+00:00,110.0625,110.0625,110.0625,110.03125,110.046875,485.0,2024-11-11 19:00:00-05:00
2024-11-12 00:15:00+00:00,110.0625,110.0625,110.0625,110.046875,110.046875,1257.0,2024-11-11 19:15:00-05:00
2024-11-12 00:30:00+00:00,110.03125,110.03125,110.078125,110.03125,110.046875,2284.0,2024-11-11 19:30:00-05:00
2024-11-12 00:45:00+00:00,110.0,110.0,110.046875,110.0,110.03125,1477.0,2024-11-11 19:45:00-05:00
2024-11-12 01:00:00+00:00,109.96875,109.96875,110.0,109.96875,109.96875,0.0,2024-11-11 20:00:00-05:00
2024-11-12 01:15:00+00:00,110.0,110.0,110.015625,109.984375,109.984375,2914.0,2024-11-11 20:15:00-05:00
2024-11-12 01:30:00+00:00,109.984375,109.984375,110.0,109.984375,109.984375,2502.0,2024-11-11 20:30:00-05:00
2024-11-12 01:45:00+00:00,110.0,110.0,110.015625,109.96875,109.96875,3163.0,2024-11-11 20:45:00-05:00
2024-11-12 02:00:00+00:00,109.9375,109.9375,110.03125,109.921875,109.984375,13667.0,2024-11-11 21:00:00-05:00
2024-11-12 02:15:00+00:00,109.90625,109.90625,109.96875,109.890625,109.9375,10444.0,2024-11-11 21:15:00-05:00
2024-11-12 02:30:00+00:00,109.890625,109.890625,109.90625,109.859375,109.90625,17586.0,2024-11-11 21:30:00-05:00
2024-11-12 02:45:00+00:00,109.828125,109.828125,109.890625,109.828125,109.875,15541.0,2024-11-11 21:45:00-05:00
2024-11-12 03:00:00+00:00,109.765625,109.765625,109.875,109.765625,109.84375,29211.0,2024-11-11 22:00:00-05:00
2024-11-12 03:15:00+00:00,109.796875,109.796875,109.8125,109.765625,109.78125,19426.0,2024-11-11 22:15:00-05:00
2024-11-12 03:30:00+00:00,109.8125,109.8125,109.859375,109.765625,109.796875,17636.0,2024-11-11 22:30:00-05:00
2024-11-12 03:45:00+00:00,109.828125,109.828125,109.859375,109.8125,109.8125,16201.0,2024-11-11 22:45:00-05:00
2024-11-12 04:00:00+00:00,109.859375,109.859375,109.875,109.828125,109.828125,13476.0,2024-11-11 23:00:00-05:00
2024-11-12 04:15:00+00:00,109.8125,109.8125,109.875,109.8125,109.875,14281.0,2024-11-11 23:15:00-05:00
2024-11-12 04:30:00+00:00,109.78125,109.78125,109.828125,109.78125,109.8125,13549.0,2024-11-11 23:30:00-05:00
2024-11-12 04:45:00+00:00,109.84375,109.84375,109.875,109.78125,109.78125,12369.0,2024-11-11 23:45:00-05:00
2024-11-12 05:00:00+00:00,109.890625,109.890625,109.921875,109.859375,109.859375,18517.0,2024-11-12 00:00:00-05:00
2024-11-12 05:15:00+00:00,109.859375,109.859375,109.90625,109.859375,109.890625,9553.0,2024-11-12 00:15:00-05:00
2024-11-12 05:30:00+00:00,109.84375,109.84375,109.875,109.828125,109.859375,12036.0,2024-11-12 00:30:00-05:00
2024-11-12 05:45:00+00:00,109.859375,109.859375,109.875,109.84375,109.859375,5976.0,2024-11-12 00:45:00-05:00
2024-11-12 06:00:00+00:00,109.90625,109.90625,109.90625,109.84375,109.84375,4223.0,2024-11-12 01:00:00-05:00
2024-11-12 06:15:00+00:00,109.875,109.875,109.90625,109.859375,109.89099884033205,14786.0,2024-11-12 01:15:00-05:00
2024-11-12 06:30:00+00:00,109.8125,109.8125,109.890625,109.8125,109.875,11086.0,2024-11-12 01:30:00-05:00
2024-11-12 06:45:00+00:00,109.796875,109.796875,109.828125,109.765625,109.796875,22245.0,2024-11-12 01:45:00-05:00
2024-11-12 07:00:00+00:00,109.796875,109.796875,109.796875,109.734375,109.734375,0.0,2024-11-12 02:00:00-05:00
2024-11-12 07:15:00+00:00,109.828125,109.828125,109.84375,109.765625,109.78125,18414.0,2024-11-12 02:15:00-05:00
2024-11-12 07:30:00+00:00,109.8125,109.8125,109.84375,109.78125,109.84375,15638.0,2024-11-12 02:30:00-05:00
2024-11-12 07:45:00+00:00,109.78125,109.78125,109.828125,109.765625,109.796875,15289.0,2024-11-12 02:45:00-05:00
2024-11-12 08:00:00+00:00,109.75,109.75,109.796875,109.734375,109.78125,38908.0,2024-11-12 03:00:00-05:00
2024-11-12 08:15:00+00:00,109.71875,109.71875,109.796875,109.6875,109.75,35345.0,2024-11-12 03:15:00-05:00
2024-11-12 08:30:00+00:00,109.609375,109.609375,109.75,109.609375,109.71875,63677.0,2024-11-12 03:30:00-05:00
2024-11-12 08:45:00+00:00,109.625,109.625,109.671875,109.609375,109.625,49336.0,2024-11-12 03:45:00-05:00
2024-11-12 09:00:00+00:00,109.640625,109.640625,109.671875,109.625,109.625,15980.0,2024-11-12 04:00:00-05:00
2024-11-12 09:15:00+00:00,109.625,109.625,109.671875,109.59375,109.65625,60323.0,2024-11-12 04:15:00-05:00
2024-11-12 09:30:00+00:00,109.78125,109.78125,109.78125,109.625,109.640625,52443.0,2024-11-12 04:30:00-05:00
2024-11-12 09:45:00+00:00,109.765625,109.765625,109.8125,109.765625,109.765625,64121.0,2024-11-12 04:45:00-05:00
2024-11-12 10:00:00+00:00,109.71875,109.71875,109.8125,109.6875,109.796875,13694.0,2024-11-12 05:00:00-05:00
2024-11-12 10:15:00+00:00,109.78125,109.78125,109.796875,109.703125,109.71875,45334.0,2024-11-12 05:15:00-05:00
2024-11-12 10:30:00+00:00,109.71875,109.71875,109.796875,109.71875,109.78125,27485.0,2024-11-12 05:30:00-05:00
2024-11-12 10:45:00+00:00,109.65625,109.65625,109.75,109.609375,109.71875,59292.0,2024-11-12 05:45:00-05:00
2024-11-12 11:00:00+00:00,109.6875,109.6875,109.703125,109.640625,109.65625,32533.0,2024-11-12 06:00:00-05:00
2024-11-12 11:15:00+00:00,109.625,109.625,109.65625,109.609375,109.65625,39188.0,2024-11-12 06:15:00-05:00
2024-11-12 11:30:00+00:00,109.578125,109.578125,109.640625,109.546875,109.625,50919.0,2024-11-12 06:30:00-05:00
2024-11-12 11:45:00+00:00,109.515625,109.515625,109.5625,109.5,109.5625,77481.0,2024-11-12 06:45:00-05:00
2024-11-12 12:00:00+00:00,109.4375,109.4375,109.53125,109.40625,109.515625,50469.0,2024-11-12 07:00:00-05:00
2024-11-12 12:15:00+00:00,109.390625,109.390625,109.4375,109.3125,109.4375,49877.0,2024-11-12 07:15:00-05:00
2024-11-12 12:30:00+00:00,109.328125,109.328125,109.421875,109.328125,109.390625,55945.0,2024-11-12 07:30:00-05:00
2024-11-12 12:45:00+00:00,109.40625,109.40625,109.4375,109.3125,109.328125,64192.0,2024-11-12 07:45:00-05:00
2024-11-12 13:00:00+00:00,109.40625,109.40625,109.453125,109.375,109.453125,0.0,2024-11-12 08:00:00-05:00
2024-11-12 13:15:00+00:00,109.4375,109.4375,109.453125,109.390625,109.40625,26133.0,2024-11-12 08:15:00-05:00
2024-11-12 13:30:00+00:00,109.4375,109.4375,109.46875,109.40625,109.421875,50331.0,2024-11-12 08:30:00-05:00
2024-11-12 13:45:00+00:00,109.453125,109.453125,109.46875,109.375,109.4375,24182.0,2024-11-12 08:45:00-05:00
2024-11-12 14:00:00+00:00,109.421875,109.421875,109.46875,109.40625,109.453125,8970.0,2024-11-12 09:00:00-05:00
2024-11-12 14:15:00+00:00,109.4375,109.4375,109.4375,109.390625,109.40625,20268.0,2024-11-12 09:15:00-05:00
2024-11-12 14:30:00+00:00,109.453125,109.453125,109.453125,109.421875,109.4375,16707.0,2024-11-12 09:30:00-05:00
2024-11-12 14:45:00+00:00,109.40625,109.40625,109.46875,109.40625,109.453125,68837.0,2024-11-12 09:45:00-05:00
2024-11-12 15:00:00+00:00,109.40625,109.40625,109.4375,109.359375,109.421875,59640.0,2024-11-12 10:00:00-05:00
2024-11-12 15:15:00+00:00,109.390625,109.390625,109.421875,109.375,109.40625,26475.0,2024-11-12 10:15:00-05:00
2024-11-12 15:30:00+00:00,109.421875,109.421875,109.4375,109.359375,109.375,28271.0,2024-11-12 10:30:00-05:00
2024-11-12 15:45:00+00:00,109.40625,109.40625,109.453125,109.40625,109.4375,56247.0,2024-11-12 10:45:00-05:00
2024-11-12 16:00:00+00:00,109.453125,109.453125,109.46875,109.40625,109.421875,26675.0,2024-11-12 11:00:00-05:00
2024-11-12 16:15:00+00:00,109.4375,109.4375,109.46875,109.4375,109.453125,33522.0,2024-11-12 11:15:00-05:00
2024-11-12 16:30:00+00:00,109.4375,109.4375,109.453125,109.40625,109.4375,17670.0,2024-11-12 11:30:00-05:00
2024-11-12 16:45:00+00:00,109.421875,109.421875,109.453125,109.40625,109.421875,10201.0,2024-11-12 11:45:00-05:00
2024-11-12 18:00:00+00:00,109.4375,109.4375,109.4375,109.375,109.40625,2246.0,2024-11-12 13:00:00-05:00
2024-11-12 18:15:00+00:00,109.4375,109.4375,109.453125,109.4375,109.4375,1678.0,2024-11-12 13:15:00-05:00
2024-11-12 18:30:00+00:00,109.4375,109.4375,109.4375,109.421875,109.4375,2087.0,2024-11-12 13:30:00-05:00
2024-11-12 18:45:00+00:00,109.390625,109.390625,109.4375,109.390625,109.4375,2446.0,2024-11-12 13:45:00-05:00
2024-11-12 19:00:00+00:00,109.390625,109.390625,109.421875,109.390625,109.40625,4561.0,2024-11-12 14:00:00-05:00
2024-11-12 19:15:00+00:00,109.4375,109.4375,109.46875,109.390625,109.40625,5771.0,2024-11-12 14:15:00-05:00
2024-11-12 19:30:00+00:00,109.484375,109.484375,109.484375,109.453125,109.453125,6843.0,2024-11-12 14:30:00-05:00
2024-11-12 19:45:00+00:00,109.453125,109.453125,109.484375,109.453125,109.46875,3757.0,2024-11-12 14:45:00-05:00
2024-11-12 20:00:00+00:00,109.453125,109.453125,109.46875,109.4375,109.46875,6459.0,2024-11-12 15:00:00-05:00
2024-11-12 20:15:00+00:00,109.5,109.5,109.5,109.453125,109.453125,4727.0,2024-11-12 15:15:00-05:00
2024-11-12 20:30:00+00:00,109.484375,109.484375,109.515625,109.484375,109.5,4752.0,2024-11-12 15:30:00-05:00
2024-11-12 20:45:00+00:00,109.4375,109.4375,109.484375,109.4375,109.46875,3583.0,2024-11-12 15:45:00-05:00
2024-11-12 21:00:00+00:00,109.453125,109.453125,109.46875,109.4375,109.453125,2410.0,2024-11-12 16:00:00-05:00
2024-11-12 21:15:00+00:00,109.453125,109.453125,109.46875,109.4375,109.453125,1226.0,2024-11-12 16:15:00-05:00
2024-11-12 21:30:00+00:00,109.4375,109.4375,109.46875,109.4375,109.453125,1344.0,2024-11-12 16:30:00-05:00
2024-11-12 21:45:00+00:00,109.390625,109.390625,109.453125,109.390625,109.4375,3158.0,2024-11-12 16:45:00-05:00
2024-11-12 22:00:00+00:00,109.390625,109.390625,109.40625,109.375,109.40625,3540.0,2024-11-12 17:00:00-05:00
2024-11-12 22:15:00+00:00,109.40625,109.40625,109.40625,109.390625,109.390625,364.0,2024-11-12 17:15:00-05:00
2024-11-12 22:30:00+00:00,109.40625,109.40625,109.40625,109.390625,109.390625,3492.0,2024-11-12 17:30:00-05:00
2024-11-12 22:45:00+00:00,109.375,109.375,109.40625,109.375,109.40625,2290.0,2024-11-12 17:45:00-05:00
2024-11-12 23:00:00+00:00,109.375,109.375,109.390625,109.359375,109.375,2221.0,2024-11-12 18:00:00-05:00
2024-11-12 23:15:00+00:00,109.40625,109.40625,109.421875,109.375,109.375,1811.0,2024-11-12 18:15:00-05:00
2024-11-12 23:30:00+00:00,109.421875,109.421875,109.421875,109.390625,109.421875,1990.0,2024-11-12 18:30:00-05:00
2024-11-12 23:45:00+00:00,109.421875,109.421875,109.4375,109.421875,109.421875,1301.0,2024-11-12 18:45:00-05:00
2024-11-13 00:00:00+00:00,109.390625,109.390625,109.421875,109.390625,109.421875,1029.0,2024-11-12 19:00:00-05:00
2024-11-13 00:15:00+00:00,109.40625,109.40625,109.421875,109.390625,109.390625,1772.0,2024-11-12 19:15:00-05:00
2024-11-13 00:30:00+00:00,109.390625,109.390625,109.421875,109.375,109.40625,1587.0,2024-11-12 19:30:00-05:00
2024-11-13 00:45:00+00:00,109.359375,109.359375,109.390625,109.359375,109.390625,7004.0,2024-11-12 19:45:00-05:00
2024-11-13 01:00:00+00:00,109.296875,109.296875,109.3125,109.296875,109.296875,0.0,2024-11-12 20:00:00-05:00
2024-11-13 01:15:00+00:00,109.328125,109.328125,109.328125,109.296875,109.296875,6163.0,2024-11-12 20:15:00-05:00
2024-11-13 01:30:00+00:00,109.359375,109.359375,109.375,109.328125,109.328125,5797.0,2024-11-12 20:30:00-05:00
2024-11-13 01:45:00+00:00,109.390625,109.390625,109.390625,109.359375,109.375,1382.0,2024-11-12 20:45:00-05:00
2024-11-13 02:00:00+00:00,109.375,109.375,109.390625,109.34375,109.390625,8744.0,2024-11-12 21:00:00-05:00
2024-11-13 02:15:00+00:00,109.375,109.375,109.40625,109.375,109.375,5107.0,2024-11-12 21:15:00-05:00
2024-11-13 02:30:00+00:00,109.40625,109.40625,109.40625,109.359375,109.375,6454.0,2024-11-12 21:30:00-05:00
2024-11-13 02:45:00+00:00,109.359375,109.359375,109.40625,109.34375,109.390625,6341.0,2024-11-12 21:45:00-05:00
2024-11-13 03:00:00+00:00,109.359375,109.359375,109.375,109.328125,109.34375,12107.0,2024-11-12 22:00:00-05:00
2024-11-13 03:15:00+00:00,109.359375,109.359375,109.390625,109.328125,109.359375,9024.0,2024-11-12 22:15:00-05:00
2024-11-13 03:30:00+00:00,109.46875,109.46875,109.46875,109.359375,109.359375,21787.0,2024-11-12 22:30:00-05:00
2024-11-13 03:45:00+00:00,109.515625,109.515625,109.53125,109.46875,109.46875,22889.0,2024-11-12 22:45:00-05:00
2024-11-13 04:00:00+00:00,109.53125,109.53125,109.546875,109.484375,109.5,20386.0,2024-11-12 23:00:00-05:00
2024-11-13 04:15:00+00:00,109.546875,109.546875,109.546875,109.5,109.53125,16758.0,2024-11-12 23:15:00-05:00
2024-11-13 04:30:00+00:00,109.53125,109.53125,109.578125,109.515625,109.546875,24368.0,2024-11-12 23:30:00-05:00
2024-11-13 04:45:00+00:00,109.546875,109.546875,109.546875,109.5,109.515625,7734.0,2024-11-12 23:45:00-05:00
2024-11-13 05:00:00+00:00,109.515625,109.515625,109.546875,109.5,109.546875,6562.0,2024-11-13 00:00:00-05:00
2024-11-13 05:15:00+00:00,109.46875,109.46875,109.53125,109.46875,109.515625,4479.0,2024-11-13 00:15:00-05:00
2024-11-13 05:30:00+00:00,109.5,109.5,109.515625,109.46875,109.46875,6893.0,2024-11-13 00:30:00-05:00
2024-11-13 05:45:00+00:00,109.453125,109.453125,109.5,109.453125,109.5,7126.0,2024-11-13 00:45:00-05:00
2024-11-13 06:00:00+00:00,109.4375,109.4375,109.484375,109.421875,109.453125,6194.0,2024-11-13 01:00:00-05:00
2024-11-13 06:15:00+00:00,109.46875,109.46875,109.46875,109.421875,109.4219970703125,9678.0,2024-11-13 01:15:00-05:00
2024-11-13 06:30:00+00:00,109.484375,109.484375,109.515625,109.453125,109.46875,6065.0,2024-11-13 01:30:00-05:00
2024-11-13 06:45:00+00:00,109.53125,109.53125,109.5625,109.46875,109.484375,11597.0,2024-11-13 01:45:00-05:00
2024-11-13 07:00:00+00:00,109.46875,109.46875,109.515625,109.46875,109.5,0.0,2024-11-13 02:00:00-05:00
2024-11-13 07:15:00+00:00,109.515625,109.515625,109.5625,109.46875,109.46875,11742.0,2024-11-13 02:15:00-05:00
2024-11-13 07:30:00+00:00,109.46875,109.46875,109.53125,109.453125,109.515625,19703.0,2024-11-13 02:30:00-05:00
2024-11-13 07:45:00+00:00,109.46875,109.46875,109.5,109.453125,109.46875,19864.0,2024-11-13 02:45:00-05:00
2024-11-13 08:00:00+00:00,109.40625,109.40625,109.484375,109.390625,109.46875,29723.0,2024-11-13 03:00:00-05:00
2024-11-13 08:15:00+00:00,109.40625,109.40625,109.5625,109.328125,109.40625,55778.0,2024-11-13 03:15:00-05:00
2024-11-13 08:30:00+00:00,109.75,109.75,109.859375,109.390625,109.390625,290109.0,2024-11-13 03:30:00-05:00
2024-11-13 08:45:00+00:00,109.8125,109.8125,109.84375,109.6875,109.75,115792.0,2024-11-13 03:45:00-05:00
2024-11-13 09:00:00+00:00,109.890625,109.890625,109.921875,109.765625,109.828125,73833.0,2024-11-13 04:00:00-05:00
2024-11-13 09:15:00+00:00,109.890625,109.890625,109.953125,109.859375,109.890625,85627.0,2024-11-13 04:15:00-05:00
2024-11-13 09:30:00+00:00,109.84375,109.84375,109.90625,109.6875,109.875,80879.0,2024-11-13 04:30:00-05:00
2024-11-13 09:45:00+00:00,109.703125,109.703125,109.84375,109.671875,109.84375,71274.0,2024-11-13 04:45:00-05:00
2024-11-13 10:00:00+00:00,109.59375,109.59375,109.71875,109.53125,109.71875,104640.0,2024-11-13 05:00:00-05:00
2024-11-13 10:15:00+00:00,109.5,109.5,109.671875,109.5,109.59375,81112.0,2024-11-13 05:15:00-05:00
2024-11-13 10:30:00+00:00,109.53125,109.53125,109.5625,109.4375,109.5,84081.0,2024-11-13 05:30:00-05:00
2024-11-13 10:45:00+00:00,109.625,109.625,109.671875,109.5,109.53125,77678.0,2024-11-13 05:45:00-05:00
2024-11-13 11:00:00+00:00,109.578125,109.578125,109.609375,109.515625,109.546875,17268.0,2024-11-13 06:00:00-05:00
2024-11-13 11:15:00+00:00,109.5625,109.5625,109.578125,109.546875,109.578125,34800.0,2024-11-13 06:15:00-05:00
2024-11-13 11:30:00+00:00,109.640625,109.640625,109.6875,109.5625,109.5625,34394.0,2024-11-13 06:30:00-05:00
2024-11-13 11:45:00+00:00,109.625,109.625,109.6875,109.578125,109.640625,29601.0,2024-11-13 06:45:00-05:00
2024-11-13 12:00:00+00:00,109.625,109.625,109.625,109.5625,109.578125,3221.0,2024-11-13 07:00:00-05:00
2024-11-13 12:15:00+00:00,109.484375,109.484375,109.625,109.46875,109.625,31480.0,2024-11-13 07:15:00-05:00
2024-11-13 12:30:00+00:00,109.484375,109.484375,109.53125,109.453125,109.46875,22430.0,2024-11-13 07:30:00-05:00
2024-11-13 12:45:00+00:00,109.484375,109.484375,109.515625,109.4375,109.5,25760.0,2024-11-13 07:45:00-05:00
2024-11-13 13:00:00+00:00,109.390625,109.390625,109.390625,109.34375,109.390625,0.0,2024-11-13 08:00:00-05:00
2024-11-13 13:15:00+00:00,109.375,109.375,109.421875,109.34375,109.375,43325.0,2024-11-13 08:15:00-05:00
2024-11-13 13:30:00+00:00,109.390625,109.390625,109.4375,109.375,109.375,32649.0,2024-11-13 08:30:00-05:00
2024-11-13 13:45:00+00:00,109.390625,109.390625,109.421875,109.375,109.390625,23587.0,2024-11-13 08:45:00-05:00
2024-11-13 14:00:00+00:00,109.40625,109.40625,109.421875,109.359375,109.390625,24198.0,2024-11-13 09:00:00-05:00
2024-11-13 14:15:00+00:00,109.4375,109.4375,109.453125,109.390625,109.390625,19284.0,2024-11-13 09:15:00-05:00
2024-11-13 14:30:00+00:00,109.515625,109.515625,109.515625,109.4375,109.453125,24023.0,2024-11-13 09:30:00-05:00
2024-11-13 14:45:00+00:00,109.4375,109.4375,109.515625,109.40625,109.5,59498.0,2024-11-13 09:45:00-05:00
2024-11-13 15:00:00+00:00,109.421875,109.421875,109.453125,109.375,109.4375,31623.0,2024-11-13 10:00:00-05:00
2024-11-13 15:15:00+00:00,109.4375,109.4375,109.453125,109.40625,109.421875,11654.0,2024-11-13 10:15:00-05:00
2024-11-13 15:30:00+00:00,109.46875,109.46875,109.46875,109.421875,109.4375,13836.0,2024-11-13 10:30:00-05:00
2024-11-13 15:45:00+00:00,109.484375,109.484375,109.515625,109.4375,109.453125,31678.0,2024-11-13 10:45:00-05:00
2024-11-13 16:00:00+00:00,109.390625,109.390625,109.484375,109.390625,109.46875,27450.0,2024-11-13 11:00:00-05:00
2024-11-13 16:15:00+00:00,109.4375,109.4375,109.4375,109.40625,109.40625,11231.0,2024-11-13 11:15:00-05:00
2024-11-13 16:30:00+00:00,109.421875,109.421875,109.4375,109.390625,109.4375,6134.0,2024-11-13 11:30:00-05:00
2024-11-13 16:45:00+00:00,109.375,109.375,109.421875,109.375,109.40625,9319.0,2024-11-13 11:45:00-05:00
2024-11-13 18:00:00+00:00,109.40625,109.40625,109.421875,109.40625,109.40625,2229.0,2024-11-13 13:00:00-05:00
2024-11-13 18:15:00+00:00,109.40625,109.40625,109.40625,109.390625,109.40625,802.0,2024-11-13 13:15:00-05:00
2024-11-13 18:30:00+00:00,109.390625,109.390625,109.40625,109.375,109.390625,2056.0,2024-11-13 13:30:00-05:00
2024-11-13 18:45:00+00:00,109.375,109.375,109.40625,109.375,109.390625,2130.0,2024-11-13 13:45:00-05:00
2024-11-13 19:00:00+00:00,109.328125,109.328125,109.390625,109.328125,109.390625,6793.0,2024-11-13 14:00:00-05:00
2024-11-13 19:15:00+00:00,109.328125,109.328125,109.34375,109.296875,109.328125,8144.0,2024-11-13 14:15:00-05:00
2024-11-13 19:30:00+00:00,109.28125,109.28125,109.3125,109.28125,109.3125,0.0,2024-11-13 14:30:00-05:00
2024-11-13 19:45:00+00:00,109.21875,109.21875,109.28125,109.203125,109.28125,13996.0,2024-11-13 14:45:00-05:00
2024-11-13 20:00:00+00:00,109.21875,109.21875,109.234375,109.1875,109.21875,9115.0,2024-11-13 15:00:00-05:00
2024-11-13 20:15:00+00:00,109.265625,109.265625,109.28125,109.203125,109.21875,8888.0,2024-11-13 15:15:00-05:00
2024-11-13 20:30:00+00:00,109.265625,109.265625,109.265625,109.234375,109.25,4992.0,2024-11-13 15:30:00-05:00
2024-11-13 20:45:00+00:00,109.234375,109.234375,109.28125,109.234375,109.265625,5143.0,2024-11-13 15:45:00-05:00
2024-11-13 21:00:00+00:00,109.25,109.25,109.265625,109.234375,109.234375,7599.0,2024-11-13 16:00:00-05:00
2024-11-13 21:15:00+00:00,109.234375,109.234375,109.265625,109.234375,109.234375,2611.0,2024-11-13 16:15:00-05:00
2024-11-13 21:30:00+00:00,109.21875,109.21875,109.25,109.203125,109.234375,1948.0,2024-11-13 16:30:00-05:00
2024-11-13 21:45:00+00:00,109.1875,109.1875,109.234375,109.1875,109.203125,5417.0,2024-11-13 16:45:00-05:00
2024-11-13 22:00:00+00:00,109.203125,109.203125,109.21875,109.203125,109.203125,1218.0,2024-11-13 17:00:00-05:00
2024-11-13 22:15:00+00:00,109.21875,109.21875,109.234375,109.1875,109.203125,2576.0,2024-11-13 17:15:00-05:00
2024-11-13 22:30:00+00:00,109.21875,109.21875,109.25,109.21875,109.21875,2668.0,2024-11-13 17:30:00-05:00
2024-11-13 22:45:00+00:00,109.203125,109.203125,109.234375,109.203125,109.21875,2755.0,2024-11-13 17:45:00-05:00
2024-11-13 23:00:00+00:00,109.1875,109.1875,109.234375,109.1875,109.203125,2803.0,2024-11-13 18:00:00-05:00
2024-11-13 23:15:00+00:00,109.21875,109.21875,109.21875,109.1875,109.203125,2270.0,2024-11-13 18:15:00-05:00
2024-11-13 23:30:00+00:00,109.203125,109.203125,109.21875,109.203125,109.21875,3121.0,2024-11-13 18:30:00-05:00
2024-11-13 23:45:00+00:00,109.234375,109.234375,109.234375,109.203125,109.21875,1693.0,2024-11-13 18:45:00-05:00
2024-11-14 00:00:00+00:00,109.234375,109.234375,109.234375,109.203125,109.21875,1285.0,2024-11-13 19:00:00-05:00
2024-11-14 00:15:00+00:00,109.234375,109.234375,109.265625,109.203125,109.21875,4888.0,2024-11-13 19:15:00-05:00
2024-11-14 00:30:00+00:00,109.234375,109.234375,109.234375,109.21875,109.21875,2339.0,2024-11-13 19:30:00-05:00
2024-11-14 00:45:00+00:00,109.234375,109.234375,109.234375,109.21875,109.234375,1191.0,2024-11-13 19:45:00-05:00
2024-11-14 01:00:00+00:00,109.265625,109.265625,109.296875,109.203125,109.21875,7237.0,2024-11-13 20:00:00-05:00
2024-11-14 01:15:00+00:00,109.28125,109.28125,109.3125,109.265625,109.265625,5810.0,2024-11-13 20:15:00-05:00
2024-11-14 01:30:00+00:00,109.28125,109.28125,109.28125,109.265625,109.28125,3763.0,2024-11-13 20:30:00-05:00
2024-11-14 01:45:00+00:00,109.28125,109.28125,109.296875,109.265625,109.28125,2591.0,2024-11-13 20:45:00-05:00
2024-11-14 02:00:00+00:00,109.265625,109.265625,109.296875,109.265625,109.296875,0.0,2024-11-13 21:00:00-05:00
2024-11-14 02:15:00+00:00,109.28125,109.28125,109.28125,109.25,109.265625,5742.0,2024-11-13 21:15:00-05:00
2024-11-14 02:30:00+00:00,109.3125,109.3125,109.328125,109.265625,109.28125,18929.0,2024-11-13 21:30:00-05:00
2024-11-14 02:45:00+00:00,109.265625,109.265625,109.328125,109.25,109.3125,9412.0,2024-11-13 21:45:00-05:00
2024-11-14 03:00:00+00:00,109.28125,109.28125,109.328125,109.265625,109.3125,0.0,2024-11-13 22:00:00-05:00
2024-11-14 03:15:00+00:00,109.296875,109.296875,109.3125,109.265625,109.28125,24315.0,2024-11-13 22:15:00-05:00
2024-11-14 03:30:00+00:00,109.28125,109.28125,109.3125,109.234375,109.296875,19951.0,2024-11-13 22:30:00-05:00
2024-11-14 03:45:00+00:00,109.3125,109.3125,109.328125,109.265625,109.28125,11543.0,2024-11-13 22:45:00-05:00
2024-11-14 04:00:00+00:00,109.296875,109.296875,109.328125,109.28125,109.3125,7174.0,2024-11-13 23:00:00-05:00
2024-11-14 04:15:00+00:00,109.25,109.25,109.296875,109.25,109.28099822998048,2156.0,2024-11-13 23:15:00-05:00
2024-11-14 04:30:00+00:00,109.265625,109.265625,109.28125,109.234375,109.25,8208.0,2024-11-13 23:30:00-05:00
2024-11-14 04:45:00+00:00,109.28125,109.28125,109.296875,109.25,109.265625,10940.0,2024-11-13 23:45:00-05:00
2024-11-14 05:00:00+00:00,109.28125,109.28125,109.28125,109.25,109.265625,7993.0,2024-11-14 00:00:00-05:00
2024-11-14 05:15:00+00:00,109.28125,109.28125,109.296875,109.25,109.28125,8431.0,2024-11-14 00:15:00-05:00
2024-11-14 05:30:00+00:00,109.296875,109.296875,109.3125,109.28125,109.28125,10300.0,2024-11-14 00:30:00-05:00
2024-11-14 05:45:00+00:00,109.359375,109.359375,109.359375,109.296875,109.296875,13518.0,2024-11-14 00:45:00-05:00
2024-11-14 06:00:00+00:00,109.421875,109.421875,109.421875,109.34375,109.359375,14717.0,2024-11-14 01:00:00-05:00
2024-11-14 06:15:00+00:00,109.375,109.375,109.421875,109.359375,109.421875,9429.0,2024-11-14 01:15:00-05:00
2024-11-14 06:30:00+00:00,109.40625,109.40625,109.40625,109.34375,109.359375,8575.0,2024-11-14 01:30:00-05:00
2024-11-14 06:45:00+00:00,109.4375,109.4375,109.4375,109.390625,109.390625,20329.0,2024-11-14 01:45:00-05:00
2024-11-14 07:00:00+00:00,109.46875,109.46875,109.484375,109.40625,109.421875,30185.0,2024-11-14 02:00:00-05:00
2024-11-14 07:15:00+00:00,109.390625,109.390625,109.46875,109.390625,109.46875,15905.0,2024-11-14 02:15:00-05:00
2024-11-14 07:30:00+00:00,109.4375,109.4375,109.484375,109.40625,109.40625,13725.0,2024-11-14 02:30:00-05:00
2024-11-14 07:45:00+00:00,109.40625,109.40625,109.453125,109.390625,109.4375,10956.0,2024-11-14 02:45:00-05:00
2024-11-14 08:00:00+00:00,109.390625,109.390625,109.4375,109.375,109.40625,19310.0,2024-11-14 03:00:00-05:00
2024-11-14 08:15:00+00:00,109.453125,109.453125,109.515625,109.375,109.390625,33937.0,2024-11-14 03:15:00-05:00
2024-11-14 08:30:00+00:00,109.21875,109.21875,109.484375,109.125,109.4375,238774.0,2024-11-14 03:30:00-05:00
2024-11-14 08:45:00+00:00,109.296875,109.296875,109.3125,109.171875,109.21875,80389.0,2024-11-14 03:45:00-05:00
2024-11-14 09:00:00+00:00,109.4375,109.4375,109.453125,109.34375,109.375,17924.0,2024-11-14 04:00:00-05:00
2024-11-14 09:15:00+00:00,109.5625,109.5625,109.609375,109.421875,109.4375,101987.0,2024-11-14 04:15:00-05:00
2024-11-14 09:30:00+00:00,109.59375,109.59375,109.671875,109.546875,109.5625,59956.0,2024-11-14 04:30:00-05:00
2024-11-14 09:45:00+00:00,109.546875,109.546875,109.59375,109.5,109.59375,46030.0,2024-11-14 04:45:00-05:00
2024-11-14 10:00:00+00:00,109.53125,109.53125,109.609375,109.515625,109.5625,46280.0,2024-11-14 05:00:00-05:00
2024-11-14 10:15:00+00:00,109.578125,109.578125,109.609375,109.515625,109.53125,35514.0,2024-11-14 05:15:00-05:00
2024-11-14 10:30:00+00:00,109.5,109.5,109.578125,109.4375,109.578125,50511.0,2024-11-14 05:30:00-05:00
2024-11-14 10:45:00+00:00,109.53125,109.53125,109.578125,109.484375,109.5,48555.0,2024-11-14 05:45:00-05:00
2024-11-14 11:00:00+00:00,109.578125,109.578125,109.59375,109.53125,109.53125,33159.0,2024-11-14 06:00:00-05:00
2024-11-14 11:15:00+00:00,109.65625,109.65625,109.703125,109.609375,109.609375,62614.0,2024-11-14 06:15:00-05:00
2024-11-14 11:30:00+00:00,109.640625,109.640625,109.671875,109.59375,109.65625,24836.0,2024-11-14 06:30:00-05:00
2024-11-14 11:45:00+00:00,109.625,109.625,109.671875,109.609375,109.625,21401.0,2024-11-14 06:45:00-05:00
2024-11-14 12:00:00+00:00,109.65625,109.65625,109.671875,109.609375,109.625,16630.0,2024-11-14 07:00:00-05:00
2024-11-14 12:15:00+00:00,109.765625,109.765625,109.78125,109.625,109.671875,34390.0,2024-11-14 07:15:00-05:00
2024-11-14 12:30:00+00:00,109.71875,109.71875,109.765625,109.6875,109.75,24765.0,2024-11-14 07:30:00-05:00
2024-11-14 12:45:00+00:00,109.765625,109.765625,109.765625,109.71875,109.71875,27817.0,2024-11-14 07:45:00-05:00
2024-11-14 13:00:00+00:00,109.6875,109.6875,109.765625,109.671875,109.765625,24907.0,2024-11-14 08:00:00-05:00
2024-11-14 13:15:00+00:00,109.625,109.625,109.703125,109.609375,109.6875,23471.0,2024-11-14 08:15:00-05:00
2024-11-14 13:30:00+00:00,109.609375,109.609375,109.640625,109.59375,109.625,21388.0,2024-11-14 08:30:00-05:00
2024-11-14 13:45:00+00:00,109.53125,109.53125,109.625,109.515625,109.609375,28571.0,2024-11-14 08:45:00-05:00
2024-11-14 14:00:00+00:00,109.5625,109.5625,109.59375,109.5625,109.578125,867.0,2024-11-14 09:00:00-05:00
2024-11-14 14:15:00+00:00,109.53125,109.53125,109.609375,109.53125,109.5625,21706.0,2024-11-14 09:15:00-05:00
2024-11-14 14:30:00+00:00,109.546875,109.546875,109.578125,109.53125,109.546875,16402.0,2024-11-14 09:30:00-05:00
2024-11-14 14:45:00+00:00,109.546875,109.546875,109.59375,109.515625,109.546875,100131.0,2024-11-14 09:45:00-05:00
2024-11-14 15:00:00+00:00,109.296875,109.296875,109.546875,109.21875,109.53125,176137.0,2024-11-14 10:00:00-05:00
2024-11-14 15:15:00+00:00,109.40625,109.40625,109.421875,109.265625,109.3125,65295.0,2024-11-14 10:15:00-05:00
2024-11-14 15:30:00+00:00,109.375,109.375,109.453125,109.328125,109.40625,52611.0,2024-11-14 10:30:00-05:00
2024-11-14 15:45:00+00:00,109.34375,109.34375,109.390625,109.265625,109.390625,63178.0,2024-11-14 10:45:00-05:00
2024-11-14 16:00:00+00:00,109.25,109.25,109.359375,109.25,109.34375,40661.0,2024-11-14 11:00:00-05:00
2024-11-14 16:15:00+00:00,109.296875,109.296875,109.3125,109.25,109.265625,28394.0,2024-11-14 11:15:00-05:00
2024-11-14 16:30:00+00:00,109.3125,109.3125,109.328125,109.265625,109.28125,13375.0,2024-11-14 11:30:00-05:00
2024-11-14 16:45:00+00:00,109.359375,109.359375,109.375,109.3125,109.3125,7378.0,2024-11-14 11:45:00-05:00
2024-11-14 18:00:00+00:00,109.34375,109.34375,109.359375,109.34375,109.34375,141.0,2024-11-14 13:00:00-05:00
2024-11-14 18:15:00+00:00,109.359375,109.359375,109.375,109.34375,109.359375,1146.0,2024-11-14 13:15:00-05:00
2024-11-14 18:30:00+00:00,109.34375,109.34375,109.375,109.34375,109.359375,1294.0,2024-11-14 13:30:00-05:00
2024-11-14 18:45:00+00:00,109.296875,109.296875,109.359375,109.28125,109.359375,13465.0,2024-11-14 13:45:00-05:00
2024-11-14 19:00:00+00:00,109.28125,109.28125,109.34375,109.28125,109.296875,6054.0,2024-11-14 14:00:00-05:00
2024-11-14 19:15:00+00:00,109.265625,109.265625,109.296875,109.25,109.28125,8401.0,2024-11-14 14:15:00-05:00
2024-11-14 19:30:00+00:00,109.25,109.25,109.265625,109.25,109.25,1311.0,2024-11-14 14:30:00-05:00
2024-11-14 19:45:00+00:00,109.28125,109.28125,109.296875,109.25,109.25,2543.0,2024-11-14 14:45:00-05:00
2024-11-14 20:00:00+00:00,109.3125,109.3125,109.328125,109.265625,109.265625,2894.0,2024-11-14 15:00:00-05:00
2024-11-14 20:15:00+00:00,109.28125,109.28125,109.328125,109.28125,109.328125,2848.0,2024-11-14 15:15:00-05:00
2024-11-14 20:30:00+00:00,109.234375,109.234375,109.28125,109.21875,109.28125,9537.0,2024-11-14 15:30:00-05:00
2024-11-14 20:45:00+00:00,109.21875,109.21875,109.25,109.203125,109.234375,6409.0,2024-11-14 15:45:00-05:00
2024-11-14 21:00:00+00:00,109.234375,109.234375,109.234375,109.203125,109.21875,5550.0,2024-11-14 16:00:00-05:00
2024-11-14 21:15:00+00:00,109.25,109.25,109.265625,109.21875,109.234375,3453.0,2024-11-14 16:15:00-05:00
2024-11-14 21:30:00+00:00,109.25,109.25,109.265625,109.234375,109.25,2393.0,2024-11-14 16:30:00-05:00
2024-11-14 21:45:00+00:00,109.265625,109.265625,109.28125,109.25,109.265625,2869.0,2024-11-14 16:45:00-05:00
2024-11-14 22:00:00+00:00,109.25,109.25,109.28125,109.25,109.28125,2197.0,2024-11-14 17:00:00-05:00
2024-11-14 22:15:00+00:00,109.265625,109.265625,109.28125,109.25,109.25,1673.0,2024-11-14 17:15:00-05:00
2024-11-14 22:30:00+00:00,109.25,109.25,109.28125,109.25,109.28125,2596.0,2024-11-14 17:30:00-05:00
2024-11-14 22:45:00+00:00,109.234375,109.234375,109.265625,109.234375,109.25,1358.0,2024-11-14 17:45:00-05:00
2024-11-14 23:00:00+00:00,109.265625,109.265625,109.28125,109.234375,109.234375,6176.0,2024-11-14 18:00:00-05:00
2024-11-14 23:15:00+00:00,109.28125,109.28125,109.28125,109.25,109.25,4307.0,2024-11-14 18:15:00-05:00
2024-11-14 23:30:00+00:00,109.28125,109.28125,109.28125,109.265625,109.265625,2339.0,2024-11-14 18:30:00-05:00
2024-11-14 23:45:00+00:00,109.234375,109.234375,109.28125,109.234375,109.265625,2378.0,2024-11-14 18:45:00-05:00
2024-11-15 00:00:00+00:00,109.25,109.25,109.25,109.21875,109.234375,9587.0,2024-11-14 19:00:00-05:00
2024-11-15 00:15:00+00:00,109.234375,109.234375,109.25,109.21875,109.234375,4153.0,2024-11-14 19:15:00-05:00
2024-11-15 00:30:00+00:00,109.21875,109.21875,109.25,109.21875,109.234375,4722.0,2024-11-14 19:30:00-05:00
2024-11-15 00:45:00+00:00,109.21875,109.21875,109.25,109.21875,109.21875,2011.0,2024-11-14 19:45:00-05:00
2024-11-15 01:00:00+00:00,109.21875,109.21875,109.234375,109.1875,109.203125,6109.0,2024-11-14 20:00:00-05:00
2024-11-15 01:15:00+00:00,109.265625,109.265625,109.28125,109.203125,109.203125,3327.0,2024-11-14 20:15:00-05:00
2024-11-15 01:30:00+00:00,109.296875,109.296875,109.3125,109.265625,109.265625,4833.0,2024-11-14 20:30:00-05:00
2024-11-15 01:45:00+00:00,109.3125,109.3125,109.359375,109.296875,109.296875,13151.0,2024-11-14 20:45:00-05:00
2024-11-15 02:00:00+00:00,109.359375,109.359375,109.359375,109.3125,109.3125,2285.0,2024-11-14 21:00:00-05:00
2024-11-15 02:15:00+00:00,109.34375,109.34375,109.375,109.328125,109.34375,5111.0,2024-11-14 21:15:00-05:00
2024-11-15 02:30:00+00:00,109.34375,109.34375,109.375,109.328125,109.359375,7099.0,2024-11-14 21:30:00-05:00
2024-11-15 02:45:00+00:00,109.359375,109.359375,109.390625,109.328125,109.34375,9164.0,2024-11-14 21:45:00-05:00
2024-11-15 03:00:00+00:00,109.359375,109.359375,109.40625,109.359375,109.375,17287.0,2024-11-14 22:00:00-05:00
2024-11-15 03:15:00+00:00,109.359375,109.359375,109.359375,109.3125,109.34375,8813.0,2024-11-14 22:15:00-05:00
2024-11-15 03:30:00+00:00,109.421875,109.421875,109.421875,109.34375,109.359375,15775.0,2024-11-14 22:30:00-05:00
2024-11-15 03:45:00+00:00,109.390625,109.390625,109.4375,109.375,109.421875,28549.0,2024-11-14 22:45:00-05:00
2024-11-15 04:00:00+00:00,109.359375,109.359375,109.375,109.34375,109.375,0.0,2024-11-14 23:00:00-05:00
2024-11-15 04:15:00+00:00,109.375,109.375,109.375,109.328125,109.34400177001952,14715.0,2024-11-14 23:15:00-05:00
2024-11-15 04:30:00+00:00,109.4375,109.4375,109.484375,109.375,109.375,15546.0,2024-11-14 23:30:00-05:00
2024-11-15 04:45:00+00:00,109.484375,109.484375,109.5,109.4375,109.4375,8297.0,2024-11-14 23:45:00-05:00
2024-11-15 05:00:00+00:00,109.5,109.5,109.515625,109.46875,109.46875,6957.0,2024-11-15 00:00:00-05:00
2024-11-15 05:15:00+00:00,109.484375,109.484375,109.5,109.453125,109.484375,10141.0,2024-11-15 00:15:00-05:00
2024-11-15 05:30:00+00:00,109.4375,109.4375,109.5,109.40625,109.46875,20158.0,2024-11-15 00:30:00-05:00
2024-11-15 05:45:00+00:00,109.46875,109.46875,109.5,109.421875,109.4375,12117.0,2024-11-15 00:45:00-05:00
2024-11-15 06:00:00+00:00,109.453125,109.453125,109.484375,109.4375,109.46875,3427.0,2024-11-15 01:00:00-05:00
2024-11-15 06:15:00+00:00,109.453125,109.453125,109.46875,109.40625,109.453125,7092.0,2024-11-15 01:15:00-05:00
2024-11-15 06:30:00+00:00,109.421875,109.421875,109.46875,109.421875,109.453125,13107.0,2024-11-15 01:30:00-05:00
2024-11-15 06:45:00+00:00,109.40625,109.40625,109.453125,109.40625,109.421875,8339.0,2024-11-15 01:45:00-05:00
2024-11-15 07:00:00+00:00,109.421875,109.421875,109.5,109.40625,109.40625,13360.0,2024-11-15 02:00:00-05:00
2024-11-15 07:15:00+00:00,109.40625,109.40625,109.4375,109.390625,109.421875,20464.0,2024-11-15 02:15:00-05:00
2024-11-15 07:30:00+00:00,109.359375,109.359375,109.421875,109.34375,109.421875,16495.0,2024-11-15 02:30:00-05:00
2024-11-15 07:45:00+00:00,109.453125,109.453125,109.46875,109.34375,109.359375,12993.0,2024-11-15 02:45:00-05:00
2024-11-15 08:00:00+00:00,109.53125,109.53125,109.5625,109.484375,109.484375,0.0,2024-11-15 03:00:00-05:00
2024-11-15 08:15:00+00:00,109.515625,109.515625,109.578125,109.484375,109.53125,52245.0,2024-11-15 03:15:00-05:00
2024-11-15 08:30:00+00:00,109.34375,109.34375,109.53125,109.21875,109.515625,217021.0,2024-11-15 03:30:00-05:00
2024-11-15 08:45:00+00:00,109.28125,109.28125,109.4375,109.265625,109.359375,80245.0,2024-11-15 03:45:00-05:00
2024-11-15 09:00:00+00:00,109.203125,109.203125,109.375,109.203125,109.296875,47615.0,2024-11-15 04:00:00-05:00
2024-11-15 09:15:00+00:00,109.15625,109.15625,109.21875,109.125,109.203125,105612.0,2024-11-15 04:15:00-05:00
2024-11-15 09:30:00+00:00,109.03125,109.03125,109.15625,108.9375,109.15625,172742.0,2024-11-15 04:30:00-05:00
2024-11-15 09:45:00+00:00,109.09375,109.09375,109.140625,109.0,109.03125,77553.0,2024-11-15 04:45:00-05:00
2024-11-15 10:00:00+00:00,109.15625,109.15625,109.1875,109.078125,109.109375,59014.0,2024-11-15 05:00:00-05:00
2024-11-15 10:15:00+00:00,109.171875,109.171875,109.21875,109.140625,109.140625,40099.0,2024-11-15 05:15:00-05:00
2024-11-15 10:30:00+00:00,109.21875,109.21875,109.28125,109.15625,109.1875,52848.0,2024-11-15 05:30:00-05:00
2024-11-15 10:45:00+00:00,109.34375,109.34375,109.359375,109.203125,109.21875,70832.0,2024-11-15 05:45:00-05:00
2024-11-15 11:00:00+00:00,109.375,109.375,109.4375,109.328125,109.40625,28017.0,2024-11-15 06:00:00-05:00
2024-11-15 11:15:00+00:00,109.3125,109.3125,109.390625,109.265625,109.359375,45728.0,2024-11-15 06:15:00-05:00
2024-11-15 11:30:00+00:00,109.328125,109.328125,109.359375,109.21875,109.3125,42517.0,2024-11-15 06:30:00-05:00
2024-11-15 11:45:00+00:00,109.34375,109.34375,109.359375,109.28125,109.3125,33572.0,2024-11-15 06:45:00-05:00
2024-11-15 12:00:00+00:00,109.421875,109.421875,109.421875,109.328125,109.34375,25126.0,2024-11-15 07:00:00-05:00
2024-11-15 12:15:00+00:00,109.453125,109.453125,109.46875,109.375,109.421875,21915.0,2024-11-15 07:15:00-05:00
2024-11-15 12:30:00+00:00,109.5,109.5,109.53125,109.4375,109.453125,53474.0,2024-11-15 07:30:00-05:00
2024-11-15 12:45:00+00:00,109.5,109.5,109.546875,109.46875,109.5,27624.0,2024-11-15 07:45:00-05:00
2024-11-15 13:00:00+00:00,109.609375,109.609375,109.671875,109.609375,109.625,0.0,2024-11-15 08:00:00-05:00
2024-11-15 13:15:00+00:00,109.609375,109.609375,109.640625,109.5625,109.609375,57989.0,2024-11-15 08:15:00-05:00
2024-11-15 13:30:00+00:00,109.609375,109.609375,109.640625,109.5625,109.625,21396.0,2024-11-15 08:30:00-05:00
2024-11-15 13:45:00+00:00,109.71875,109.71875,109.734375,109.59375,109.59375,44589.0,2024-11-15 08:45:00-05:00
2024-11-15 14:00:00+00:00,109.640625,109.640625,109.71875,109.625,109.71875,35249.0,2024-11-15 09:00:00-05:00
2024-11-15 14:15:00+00:00,109.609375,109.609375,109.65625,109.59375,109.640625,16799.0,2024-11-15 09:15:00-05:00
2024-11-15 14:30:00+00:00,109.5625,109.5625,109.625,109.5625,109.609375,17310.0,2024-11-15 09:30:00-05:00
2024-11-15 14:45:00+00:00,109.53125,109.53125,109.609375,109.5,109.5625,104771.0,2024-11-15 09:45:00-05:00
2024-11-15 15:00:00+00:00,109.5,109.5,109.53125,109.4375,109.515625,83443.0,2024-11-15 10:00:00-05:00
2024-11-15 15:15:00+00:00,109.515625,109.515625,109.515625,109.453125,109.484375,21758.0,2024-11-15 10:15:00-05:00
2024-11-15 15:30:00+00:00,109.46875,109.46875,109.515625,109.453125,109.515625,29767.0,2024-11-15 10:30:00-05:00
2024-11-15 15:45:00+00:00,109.421875,109.421875,109.46875,109.40625,109.453125,34789.0,2024-11-15 10:45:00-05:00
2024-11-15 16:00:00+00:00,109.421875,109.421875,109.453125,109.390625,109.421875,21500.0,2024-11-15 11:00:00-05:00
2024-11-15 16:15:00+00:00,109.40625,109.40625,109.4375,109.390625,109.40625,8879.0,2024-11-15 11:15:00-05:00
2024-11-15 16:30:00+00:00,109.390625,109.390625,109.421875,109.390625,109.40625,6607.0,2024-11-15 11:30:00-05:00
2024-11-15 16:45:00+00:00,109.40625,109.40625,109.421875,109.390625,109.390625,12911.0,2024-11-15 11:45:00-05:00
2024-11-17 18:00:00+00:00,109.4375,109.4375,109.5,109.40625,109.421875,7922.0,2024-11-17 13:00:00-05:00
2024-11-17 18:15:00+00:00,109.40625,109.40625,109.4375,109.40625,109.4375,1097.0,2024-11-17 13:15:00-05:00
2024-11-17 18:30:00+00:00,109.46875,109.46875,109.46875,109.40625,109.421875,4909.0,2024-11-17 13:30:00-05:00
2024-11-17 18:45:00+00:00,109.4375,109.4375,109.46875,109.421875,109.46875,3925.0,2024-11-17 13:45:00-05:00
2024-11-17 19:00:00+00:00,109.421875,109.421875,109.453125,109.40625,109.4375,5078.0,2024-11-17 14:00:00-05:00
2024-11-17 19:15:00+00:00,109.453125,109.453125,109.484375,109.421875,109.421875,4498.0,2024-11-17 14:15:00-05:00
2024-11-17 19:30:00+00:00,109.46875,109.46875,109.46875,109.421875,109.453125,1916.0,2024-11-17 14:30:00-05:00
2024-11-17 19:45:00+00:00,109.515625,109.515625,109.53125,109.4375,109.46875,6714.0,2024-11-17 14:45:00-05:00
2024-11-17 20:00:00+00:00,109.515625,109.515625,109.53125,109.484375,109.5,6966.0,2024-11-17 15:00:00-05:00
2024-11-17 20:15:00+00:00,109.5,109.5,109.515625,109.484375,109.515625,4160.0,2024-11-17 15:15:00-05:00
2024-11-17 20:30:00+00:00,109.515625,109.515625,109.53125,109.484375,109.5,4225.0,2024-11-17 15:30:00-05:00
2024-11-17 20:45:00+00:00,109.5,109.5,109.515625,109.484375,109.515625,1671.0,2024-11-17 15:45:00-05:00
2024-11-17 21:00:00+00:00,109.484375,109.484375,109.53125,109.46875,109.5,4188.0,2024-11-17 16:00:00-05:00
2024-11-17 21:15:00+00:00,109.5,109.5,109.515625,109.484375,109.5,1767.0,2024-11-17 16:15:00-05:00
2024-11-17 21:30:00+00:00,109.4375,109.4375,109.5,109.4375,109.5,3359.0,2024-11-17 16:30:00-05:00
2024-11-17 21:45:00+00:00,109.46875,109.46875,109.484375,109.453125,109.453125,1699.0,2024-11-17 16:45:00-05:00
2024-11-17 22:00:00+00:00,109.4375,109.4375,109.46875,109.421875,109.453125,2958.0,2024-11-17 17:00:00-05:00
2024-11-17 22:15:00+00:00,109.421875,109.421875,109.453125,109.375,109.4375,5905.0,2024-11-17 17:15:00-05:00
2024-11-17 22:30:00+00:00,109.4375,109.4375,109.4375,109.40625,109.40625,2242.0,2024-11-17 17:30:00-05:00
2024-11-17 22:45:00+00:00,109.4375,109.4375,109.453125,109.421875,109.4375,2086.0,2024-11-17 17:45:00-05:00
2024-11-17 23:00:00+00:00,109.4375,109.4375,109.453125,109.4375,109.453125,967.0,2024-11-17 18:00:00-05:00
2024-11-17 23:15:00+00:00,109.46875,109.46875,109.46875,109.4375,109.4375,1618.0,2024-11-17 18:15:00-05:00
2024-11-17 23:30:00+00:00,109.4375,109.4375,109.46875,109.4375,109.46875,681.0,2024-11-17 18:30:00-05:00
2024-11-17 23:45:00+00:00,109.453125,109.453125,109.46875,109.4375,109.4375,940.0,2024-11-17 18:45:00-05:00
2024-11-18 00:00:00+00:00,109.4375,109.4375,109.453125,109.4375,109.453125,1101.0,2024-11-17 19:00:00-05:00
2024-11-18 00:15:00+00:00,109.453125,109.453125,109.46875,109.4375,109.4375,959.0,2024-11-17 19:15:00-05:00
2024-11-18 00:30:00+00:00,109.46875,109.46875,109.46875,109.453125,109.46875,710.0,2024-11-17 19:30:00-05:00
2024-11-18 00:45:00+00:00,109.484375,109.484375,109.484375,109.46875,109.46875,1087.0,2024-11-17 19:45:00-05:00
2024-11-18 01:00:00+00:00,109.515625,109.515625,109.515625,109.46875,109.46875,4546.0,2024-11-17 20:00:00-05:00
2024-11-18 01:15:00+00:00,109.515625,109.515625,109.53125,109.5,109.515625,3424.0,2024-11-17 20:15:00-05:00
2024-11-18 01:30:00+00:00,109.53125,109.53125,109.546875,109.515625,109.515625,4959.0,2024-11-17 20:30:00-05:00
2024-11-18 01:45:00+00:00,109.5,109.5,109.546875,109.484375,109.515625,3076.0,2024-11-17 20:45:00-05:00
2024-11-18 02:00:00+00:00,109.5,109.5,109.515625,109.484375,109.5,7295.0,2024-11-17 21:00:00-05:00
2024-11-18 02:15:00+00:00,109.484375,109.484375,109.53125,109.46875,109.5,3703.0,2024-11-17 21:15:00-05:00
2024-11-18 02:30:00+00:00,109.453125,109.453125,109.484375,109.4375,109.484375,6254.0,2024-11-17 21:30:00-05:00
2024-11-18 02:45:00+00:00,109.453125,109.453125,109.484375,109.421875,109.453125,7499.0,2024-11-17 21:45:00-05:00
2024-11-18 03:00:00+00:00,109.40625,109.40625,109.453125,109.375,109.4375,13692.0,2024-11-17 22:00:00-05:00
2024-11-18 03:15:00+00:00,109.453125,109.453125,109.46875,109.390625,109.421875,16509.0,2024-11-17 22:15:00-05:00
2024-11-18 03:30:00+00:00,109.421875,109.421875,109.453125,109.40625,109.453125,8932.0,2024-11-17 22:30:00-05:00
2024-11-18 03:45:00+00:00,109.421875,109.421875,109.421875,109.390625,109.421875,7492.0,2024-11-17 22:45:00-05:00
2024-11-18 04:00:00+00:00,109.515625,109.515625,109.515625,109.40625,109.421875,14195.0,2024-11-17 23:00:00-05:00
2024-11-18 04:15:00+00:00,109.5625,109.5625,109.578125,109.53125,109.5780029296875,19038.0,2024-11-17 23:15:00-05:00
2024-11-18 04:30:00+00:00,109.515625,109.515625,109.5625,109.484375,109.546875,8936.0,2024-11-17 23:30:00-05:00
2024-11-18 04:45:00+00:00,109.484375,109.484375,109.53125,109.46875,109.515625,6068.0,2024-11-17 23:45:00-05:00
2024-11-18 05:00:00+00:00,109.390625,109.390625,109.5,109.375,109.5,24490.0,2024-11-18 00:00:00-05:00
2024-11-18 05:15:00+00:00,109.34375,109.34375,109.421875,109.3125,109.390625,17137.0,2024-11-18 00:15:00-05:00
2024-11-18 05:30:00+00:00,109.359375,109.359375,109.359375,109.3125,109.34375,13818.0,2024-11-18 00:30:00-05:00
2024-11-18 05:45:00+00:00,109.34375,109.34375,109.359375,109.3125,109.359375,7210.0,2024-11-18 00:45:00-05:00
2024-11-18 06:00:00+00:00,109.34375,109.34375,109.34375,109.296875,109.34375,3549.0,2024-11-18 01:00:00-05:00
2024-11-18 06:15:00+00:00,109.3125,109.3125,109.34375,109.296875,109.3280029296875,6840.0,2024-11-18 01:15:00-05:00
2024-11-18 06:30:00+00:00,109.296875,109.296875,109.34375,109.28125,109.296875,9119.0,2024-11-18 01:30:00-05:00
2024-11-18 06:45:00+00:00,109.3125,109.3125,109.328125,109.28125,109.296875,5563.0,2024-11-18 01:45:00-05:00
2024-11-18 07:00:00+00:00,109.25,109.25,109.3125,109.25,109.296875,12809.0,2024-11-18 02:00:00-05:00
2024-11-18 07:15:00+00:00,109.25,109.25,109.28125,109.25,109.25,7800.0,2024-11-18 02:15:00-05:00
2024-11-18 07:30:00+00:00,109.296875,109.296875,109.296875,109.25,109.25,12721.0,2024-11-18 02:30:00-05:00
2024-11-18 07:45:00+00:00,109.1875,109.1875,109.296875,109.1875,109.28125,31528.0,2024-11-18 02:45:00-05:00
2024-11-18 08:00:00+00:00,109.25,109.25,109.28125,109.1875,109.203125,20574.0,2024-11-18 03:00:00-05:00
2024-11-18 08:15:00+00:00,109.171875,109.171875,109.265625,109.140625,109.25,35820.0,2024-11-18 03:15:00-05:00
2024-11-18 08:30:00+00:00,109.3125,109.3125,109.328125,109.171875,109.171875,37967.0,2024-11-18 03:30:00-05:00
2024-11-18 08:45:00+00:00,109.34375,109.34375,109.359375,109.28125,109.3125,52383.0,2024-11-18 03:45:00-05:00
2024-11-18 09:00:00+00:00,109.453125,109.453125,109.453125,109.34375,109.359375,74070.0,2024-11-18 04:00:00-05:00
2024-11-18 09:15:00+00:00,109.390625,109.390625,109.46875,109.375,109.453125,47012.0,2024-11-18 04:15:00-05:00
2024-11-18 09:30:00+00:00,109.359375,109.359375,109.4375,109.34375,109.390625,48202.0,2024-11-18 04:30:00-05:00
2024-11-18 09:45:00+00:00,109.359375,109.359375,109.421875,109.3125,109.359375,38923.0,2024-11-18 04:45:00-05:00
2024-11-18 10:00:00+00:00,109.34375,109.34375,109.40625,109.328125,109.359375,28625.0,2024-11-18 05:00:00-05:00
2024-11-18 10:15:00+00:00,109.34375,109.34375,109.375,109.28125,109.34375,28804.0,2024-11-18 05:15:00-05:00
2024-11-18 10:30:00+00:00,109.375,109.375,109.421875,109.34375,109.34375,31534.0,2024-11-18 05:30:00-05:00
2024-11-18 10:45:00+00:00,109.328125,109.328125,109.390625,109.3125,109.375,23667.0,2024-11-18 05:45:00-05:00
2024-11-18 11:00:00+00:00,109.4375,109.4375,109.453125,109.3125,109.34375,31231.0,2024-11-18 06:00:00-05:00
2024-11-18 11:15:00+00:00,109.390625,109.390625,109.453125,109.359375,109.421875,19758.0,2024-11-18 06:15:00-05:00
2024-11-18 11:30:00+00:00,109.390625,109.390625,109.40625,109.359375,109.390625,15578.0,2024-11-18 06:30:00-05:00
2024-11-18 11:45:00+00:00,109.46875,109.46875,109.484375,109.375,109.375,24340.0,2024-11-18 06:45:00-05:00
2024-11-18 12:00:00+00:00,109.484375,109.484375,109.515625,109.453125,109.46875,22932.0,2024-11-18 07:00:00-05:00
2024-11-18 12:15:00+00:00,109.53125,109.53125,109.546875,109.484375,109.5,23788.0,2024-11-18 07:15:00-05:00
2024-11-18 12:30:00+00:00,109.5625,109.5625,109.578125,109.484375,109.515625,28148.0,2024-11-18 07:30:00-05:00
2024-11-18 12:45:00+00:00,109.5625,109.5625,109.578125,109.546875,109.5625,15239.0,2024-11-18 07:45:00-05:00
2024-11-18 13:00:00+00:00,109.53125,109.53125,109.5625,109.515625,109.546875,13237.0,2024-11-18 08:00:00-05:00
2024-11-18 13:15:00+00:00,109.640625,109.640625,109.640625,109.53125,109.546875,28446.0,2024-11-18 08:15:00-05:00
2024-11-18 13:30:00+00:00,109.625,109.625,109.640625,109.59375,109.640625,35107.0,2024-11-18 08:30:00-05:00
2024-11-18 13:45:00+00:00,109.625,109.625,109.65625,109.609375,109.625,13281.0,2024-11-18 08:45:00-05:00
2024-11-18 14:00:00+00:00,109.625,109.625,109.640625,109.59375,109.625,17268.0,2024-11-18 09:00:00-05:00
2024-11-18 14:15:00+00:00,109.609375,109.609375,109.625,109.59375,109.625,15928.0,2024-11-18 09:15:00-05:00
2024-11-18 14:30:00+00:00,109.59375,109.59375,109.640625,109.59375,109.59375,15103.0,2024-11-18 09:30:00-05:00
2024-11-18 14:45:00+00:00,109.625,109.625,109.640625,109.59375,109.59375,56148.0,2024-11-18 09:45:00-05:00
2024-11-18 15:00:00+00:00,109.640625,109.640625,109.6875,109.625,109.625,39881.0,2024-11-18 10:00:00-05:00
2024-11-18 15:15:00+00:00,109.625,109.625,109.65625,109.609375,109.65625,17617.0,2024-11-18 10:15:00-05:00
2024-11-18 15:30:00+00:00,109.578125,109.578125,109.640625,109.578125,109.625,13049.0,2024-11-18 10:30:00-05:00
2024-11-18 15:45:00+00:00,109.609375,109.609375,109.640625,109.578125,109.59375,28146.0,2024-11-18 10:45:00-05:00
2024-11-18 16:00:00+00:00,109.59375,109.59375,109.625,109.578125,109.625,27277.0,2024-11-18 11:00:00-05:00
2024-11-18 16:15:00+00:00,109.609375,109.609375,109.625,109.578125,109.59375,14823.0,2024-11-18 11:15:00-05:00
2024-11-18 16:30:00+00:00,109.625,109.625,109.640625,109.59375,109.609375,9617.0,2024-11-18 11:30:00-05:00
2024-11-18 16:45:00+00:00,109.609375,109.609375,109.65625,109.609375,109.640625,5423.0,2024-11-18 11:45:00-05:00
2024-11-18 18:00:00+00:00,109.625,109.625,109.625,109.59375,109.609375,1518.0,2024-11-18 13:00:00-05:00
2024-11-18 18:15:00+00:00,109.625,109.625,109.65625,109.609375,109.625,2337.0,2024-11-18 13:15:00-05:00
2024-11-18 18:30:00+00:00,109.625,109.625,109.65625,109.625,109.640625,2725.0,2024-11-18 13:30:00-05:00
2024-11-18 18:45:00+00:00,109.625,109.625,109.640625,109.609375,109.625,640.0,2024-11-18 13:45:00-05:00
2024-11-18 19:00:00+00:00,109.640625,109.640625,109.65625,109.625,109.640625,3121.0,2024-11-18 14:00:00-05:00
2024-11-18 19:15:00+00:00,109.65625,109.65625,109.671875,109.640625,109.65625,1543.0,2024-11-18 14:15:00-05:00
2024-11-18 19:30:00+00:00,109.625,109.625,109.671875,109.625,109.65625,2878.0,2024-11-18 14:30:00-05:00
2024-11-18 19:45:00+00:00,109.625,109.625,109.640625,109.609375,109.625,2098.0,2024-11-18 14:45:00-05:00
2024-11-18 20:00:00+00:00,109.671875,109.671875,109.671875,109.609375,109.625,3631.0,2024-11-18 15:00:00-05:00
2024-11-18 20:15:00+00:00,109.640625,109.640625,109.65625,109.625,109.65625,1427.0,2024-11-18 15:15:00-05:00
2024-11-18 20:30:00+00:00,109.640625,109.640625,109.671875,109.640625,109.640625,1967.0,2024-11-18 15:30:00-05:00
2024-11-18 20:45:00+00:00,109.640625,109.640625,109.671875,109.625,109.640625,7258.0,2024-11-18 15:45:00-05:00
2024-11-18 21:00:00+00:00,109.625,109.625,109.671875,109.625,109.640625,2474.0,2024-11-18 16:00:00-05:00
2024-11-18 21:15:00+00:00,109.65625,109.65625,109.65625,109.625,109.640625,3758.0,2024-11-18 16:15:00-05:00
2024-11-18 21:30:00+00:00,109.6875,109.6875,109.703125,109.65625,109.65625,4100.0,2024-11-18 16:30:00-05:00
2024-11-18 21:45:00+00:00,109.6875,109.6875,109.703125,109.671875,109.6875,2610.0,2024-11-18 16:45:00-05:00
2024-11-18 22:00:00+00:00,109.71875,109.71875,109.71875,109.6875,109.6875,9462.0,2024-11-18 17:00:00-05:00
2024-11-18 22:15:00+00:00,109.703125,109.703125,109.71875,109.6875,109.71875,1389.0,2024-11-18 17:15:00-05:00
2024-11-18 22:30:00+00:00,109.6875,109.6875,109.703125,109.671875,109.703125,3483.0,2024-11-18 17:30:00-05:00
2024-11-18 22:45:00+00:00,109.671875,109.671875,109.6875,109.65625,109.671875,1859.0,2024-11-18 17:45:00-05:00
2024-11-18 23:00:00+00:00,109.6875,109.6875,109.6875,109.671875,109.671875,368.0,2024-11-18 18:00:00-05:00
2024-11-18 23:15:00+00:00,109.6875,109.6875,109.6875,109.671875,109.6875,982.0,2024-11-18 18:15:00-05:00
2024-11-18 23:30:00+00:00,109.6875,109.6875,109.6875,109.671875,109.671875,1356.0,2024-11-18 18:30:00-05:00
2024-11-18 23:45:00+00:00,109.671875,109.671875,109.703125,109.671875,109.6875,687.0,2024-11-18 18:45:00-05:00
2024-11-19 00:00:00+00:00,109.6875,109.6875,109.703125,109.671875,109.6875,1338.0,2024-11-18 19:00:00-05:00
2024-11-19 00:15:00+00:00,109.703125,109.703125,109.703125,109.671875,109.6875,1101.0,2024-11-18 19:15:00-05:00
2024-11-19 00:30:00+00:00,109.671875,109.671875,109.703125,109.65625,109.6875,1854.0,2024-11-18 19:30:00-05:00
2024-11-19 00:45:00+00:00,109.671875,109.671875,109.6875,109.65625,109.671875,1617.0,2024-11-18 19:45:00-05:00
2024-11-19 01:00:00+00:00,109.671875,109.671875,109.671875,109.65625,109.671875,740.0,2024-11-18 20:00:00-05:00
2024-11-19 01:15:00+00:00,109.640625,109.640625,109.65625,109.640625,109.65625,2308.0,2024-11-18 20:15:00-05:00
2024-11-19 01:30:00+00:00,109.671875,109.671875,109.671875,109.640625,109.640625,1931.0,2024-11-18 20:30:00-05:00
2024-11-19 01:45:00+00:00,109.640625,109.640625,109.671875,109.640625,109.65625,1637.0,2024-11-18 20:45:00-05:00
2024-11-19 02:00:00+00:00,109.671875,109.671875,109.6875,109.640625,109.640625,32855.0,2024-11-18 21:00:00-05:00
2024-11-19 02:15:00+00:00,109.65625,109.65625,109.71875,109.65625,109.671875,8969.0,2024-11-18 21:15:00-05:00
2024-11-19 02:30:00+00:00,109.671875,109.671875,109.703125,109.65625,109.671875,14834.0,2024-11-18 21:30:00-05:00
2024-11-19 02:45:00+00:00,109.71875,109.71875,109.71875,109.6875,109.6875,5595.0,2024-11-18 21:45:00-05:00
2024-11-19 03:00:00+00:00,109.8125,109.8125,109.8125,109.6875,109.703125,31938.0,2024-11-18 22:00:00-05:00
2024-11-19 03:15:00+00:00,109.828125,109.828125,109.828125,109.78125,109.8125,23162.0,2024-11-18 22:15:00-05:00
2024-11-19 03:30:00+00:00,109.953125,109.953125,109.984375,109.8125,109.828125,63811.0,2024-11-18 22:30:00-05:00
2024-11-19 03:45:00+00:00,109.890625,109.890625,109.953125,109.875,109.953125,66539.0,2024-11-18 22:45:00-05:00
2024-11-19 04:00:00+00:00,109.859375,109.859375,109.90625,109.828125,109.890625,27441.0,2024-11-18 23:00:00-05:00
2024-11-19 04:15:00+00:00,110.078125,110.078125,110.109375,109.84375,109.859375,92239.0,2024-11-18 23:15:00-05:00
2024-11-19 04:30:00+00:00,110.046875,110.046875,110.125,110.0,110.09375,47127.0,2024-11-18 23:30:00-05:00
2024-11-19 04:45:00+00:00,109.96875,109.96875,110.109375,109.96875,110.046875,33408.0,2024-11-18 23:45:00-05:00
2024-11-19 05:00:00+00:00,110.03125,110.03125,110.0625,109.953125,109.984375,52106.0,2024-11-19 00:00:00-05:00
2024-11-19 05:15:00+00:00,110.0,110.0,110.046875,109.9375,110.03125,19592.0,2024-11-19 00:15:00-05:00
2024-11-19 05:30:00+00:00,110.015625,110.015625,110.03125,109.984375,110.015625,14765.0,2024-11-19 00:30:00-05:00
2024-11-19 05:45:00+00:00,110.0,110.0,110.015625,109.96875,110.0,12064.0,2024-11-19 00:45:00-05:00
2024-11-19 06:00:00+00:00,109.96875,109.96875,110.015625,109.9375,110.0,16889.0,2024-11-19 01:00:00-05:00
2024-11-19 06:15:00+00:00,110.015625,110.015625,110.03125,109.9375,109.96875,16286.0,2024-11-19 01:15:00-05:00
2024-11-19 06:30:00+00:00,109.953125,109.953125,110.03125,109.953125,110.03125,14918.0,2024-11-19 01:30:00-05:00
2024-11-19 06:45:00+00:00,109.890625,109.890625,109.96875,109.875,109.953125,17151.0,2024-11-19 01:45:00-05:00
2024-11-19 07:00:00+00:00,109.9375,109.9375,109.953125,109.859375,109.890625,19303.0,2024-11-19 02:00:00-05:00
2024-11-19 07:15:00+00:00,109.953125,109.953125,109.953125,109.90625,109.921875,20297.0,2024-11-19 02:15:00-05:00
2024-11-19 07:30:00+00:00,109.875,109.875,109.953125,109.859375,109.953125,23587.0,2024-11-19 02:30:00-05:00
2024-11-19 07:45:00+00:00,109.96875,109.96875,109.96875,109.859375,109.859375,28019.0,2024-11-19 02:45:00-05:00
2024-11-19 08:00:00+00:00,109.953125,109.953125,109.984375,109.90625,109.96875,25514.0,2024-11-19 03:00:00-05:00
2024-11-19 08:15:00+00:00,110.03125,110.03125,110.0625,109.953125,109.96875,44097.0,2024-11-19 03:15:00-05:00
2024-11-19 08:30:00+00:00,110.078125,110.078125,110.109375,109.96875,110.015625,93164.0,2024-11-19 03:30:00-05:00
2024-11-19 08:45:00+00:00,110.109375,110.109375,110.140625,110.046875,110.09375,77654.0,2024-11-19 03:45:00-05:00
2024-11-19 09:00:00+00:00,109.9375,109.9375,110.125,109.90625,110.109375,156409.0,2024-11-19 04:00:00-05:00
2024-11-19 09:15:00+00:00,109.875,109.875,109.984375,109.859375,109.9375,67406.0,2024-11-19 04:15:00-05:00
2024-11-19 09:30:00+00:00,109.875,109.875,109.90625,109.84375,109.890625,57100.0,2024-11-19 04:30:00-05:00
2024-11-19 09:45:00+00:00,109.828125,109.828125,109.921875,109.828125,109.875,58328.0,2024-11-19 04:45:00-05:00
2024-11-19 10:00:00+00:00,109.859375,109.859375,109.890625,109.8125,109.84375,63676.0,2024-11-19 05:00:00-05:00
2024-11-19 10:15:00+00:00,109.875,109.875,109.890625,109.84375,109.875,43697.0,2024-11-19 05:15:00-05:00
2024-11-19 10:30:00+00:00,109.90625,109.90625,109.90625,109.796875,109.890625,44192.0,2024-11-19 05:30:00-05:00
2024-11-19 10:45:00+00:00,109.890625,109.890625,109.9375,109.859375,109.890625,60759.0,2024-11-19 05:45:00-05:00
2024-11-19 11:00:00+00:00,109.90625,109.90625,109.9375,109.859375,109.890625,38108.0,2024-11-19 06:00:00-05:00
2024-11-19 11:15:00+00:00,109.8125,109.8125,109.921875,109.796875,109.90625,26994.0,2024-11-19 06:15:00-05:00
2024-11-19 11:30:00+00:00,109.84375,109.84375,109.84375,109.796875,109.8125,14628.0,2024-11-19 06:30:00-05:00
2024-11-19 11:45:00+00:00,109.890625,109.890625,109.90625,109.828125,109.84375,33201.0,2024-11-19 06:45:00-05:00
2024-11-19 12:00:00+00:00,109.890625,109.890625,109.90625,109.84375,109.890625,23455.0,2024-11-19 07:00:00-05:00
2024-11-19 12:15:00+00:00,109.875,109.875,109.921875,109.859375,109.890625,20014.0,2024-11-19 07:15:00-05:00
2024-11-19 12:30:00+00:00,109.859375,109.859375,109.890625,109.84375,109.875,11448.0,2024-11-19 07:30:00-05:00
2024-11-19 12:45:00+00:00,109.78125,109.78125,109.875,109.78125,109.859375,18923.0,2024-11-19 07:45:00-05:00
2024-11-19 13:00:00+00:00,109.8125,109.8125,109.8125,109.75,109.796875,30610.0,2024-11-19 08:00:00-05:00
2024-11-19 13:15:00+00:00,109.828125,109.828125,109.84375,109.796875,109.8125,21403.0,2024-11-19 08:15:00-05:00
2024-11-19 13:30:00+00:00,109.875,109.875,109.875,109.8125,109.828125,11394.0,2024-11-19 08:30:00-05:00
2024-11-19 13:45:00+00:00,109.859375,109.859375,109.90625,109.84375,109.859375,20905.0,2024-11-19 08:45:00-05:00
2024-11-19 14:00:00+00:00,109.859375,109.859375,109.890625,109.828125,109.875,13722.0,2024-11-19 09:00:00-05:00
2024-11-19 14:15:00+00:00,109.8125,109.8125,109.859375,109.8125,109.859375,11904.0,2024-11-19 09:15:00-05:00
2024-11-19 14:30:00+00:00,109.828125,109.828125,109.84375,109.8125,109.8125,17707.0,2024-11-19 09:30:00-05:00
2024-11-19 14:45:00+00:00,109.84375,109.84375,109.890625,109.8125,109.828125,57083.0,2024-11-19 09:45:00-05:00
2024-11-19 15:00:00+00:00,109.84375,109.84375,109.859375,109.8125,109.84375,36078.0,2024-11-19 10:00:00-05:00
2024-11-19 15:15:00+00:00,109.796875,109.796875,109.84375,109.796875,109.828125,12822.0,2024-11-19 10:15:00-05:00
2024-11-19 15:30:00+00:00,109.78125,109.78125,109.8125,109.765625,109.8125,23080.0,2024-11-19 10:30:00-05:00
2024-11-19 15:45:00+00:00,109.78125,109.78125,109.796875,109.765625,109.78125,17540.0,2024-11-19 10:45:00-05:00
2024-11-19 16:00:00+00:00,109.78125,109.78125,109.796875,109.75,109.796875,32808.0,2024-11-19 11:00:00-05:00
2024-11-19 16:15:00+00:00,109.765625,109.765625,109.796875,109.75,109.78125,8519.0,2024-11-19 11:15:00-05:00
2024-11-19 16:30:00+00:00,109.75,109.75,109.765625,109.734375,109.75,12062.0,2024-11-19 11:30:00-05:00
2024-11-19 16:45:00+00:00,109.734375,109.734375,109.75,109.71875,109.734375,4624.0,2024-11-19 11:45:00-05:00
2024-11-19 18:00:00+00:00,109.71875,109.71875,109.765625,109.71875,109.71875,5678.0,2024-11-19 13:00:00-05:00
2024-11-19 18:15:00+00:00,109.734375,109.734375,109.75,109.734375,109.734375,1152.0,2024-11-19 13:15:00-05:00
2024-11-19 18:30:00+00:00,109.71875,109.71875,109.75,109.71875,109.75,1923.0,2024-11-19 13:30:00-05:00
2024-11-19 18:45:00+00:00,109.703125,109.703125,109.71875,109.671875,109.71875,8657.0,2024-11-19 13:45:00-05:00
2024-11-19 19:00:00+00:00,109.734375,109.734375,109.796875,109.703125,109.703125,9397.0,2024-11-19 14:00:00-05:00
2024-11-19 19:15:00+00:00,109.75,109.75,109.765625,109.71875,109.71875,2627.0,2024-11-19 14:15:00-05:00
2024-11-19 19:30:00+00:00,109.765625,109.765625,109.765625,109.75,109.765625,2074.0,2024-11-19 14:30:00-05:00
2024-11-19 19:45:00+00:00,109.78125,109.78125,109.796875,109.765625,109.765625,1500.0,2024-11-19 14:45:00-05:00
2024-11-19 20:00:00+00:00,109.765625,109.765625,109.796875,109.765625,109.796875,4032.0,2024-11-19 15:00:00-05:00
2024-11-19 20:15:00+00:00,109.75,109.75,109.765625,109.734375,109.75,2986.0,2024-11-19 15:15:00-05:00
2024-11-19 20:30:00+00:00,109.765625,109.765625,109.765625,109.75,109.75,2416.0,2024-11-19 15:30:00-05:00
2024-11-19 20:45:00+00:00,109.796875,109.796875,109.8125,109.75,109.75,3712.0,2024-11-19 15:45:00-05:00
2024-11-19 21:00:00+00:00,109.765625,109.765625,109.796875,109.75,109.796875,2260.0,2024-11-19 16:00:00-05:00
2024-11-19 21:15:00+00:00,109.765625,109.765625,109.78125,109.75,109.765625,1675.0,2024-11-19 16:15:00-05:00
2024-11-19 21:30:00+00:00,109.765625,109.765625,109.78125,109.75,109.765625,845.0,2024-11-19 16:30:00-05:00
2024-11-19 21:45:00+00:00,109.734375,109.734375,109.75,109.734375,109.75,898.0,2024-11-19 16:45:00-05:00
2024-11-19 22:00:00+00:00,109.75,109.75,109.765625,109.734375,109.75,1043.0,2024-11-19 17:00:00-05:00
2024-11-19 22:15:00+00:00,109.75,109.75,109.75,109.734375,109.75,1373.0,2024-11-19 17:15:00-05:00
2024-11-19 22:30:00+00:00,109.71875,109.71875,109.765625,109.71875,109.765625,4459.0,2024-11-19 17:30:00-05:00
2024-11-19 22:45:00+00:00,109.6875,109.6875,109.71875,109.6875,109.71875,1151.0,2024-11-19 17:45:00-05:00
2024-11-19 23:00:00+00:00,109.703125,109.703125,109.703125,109.6875,109.6875,2431.0,2024-11-19 18:00:00-05:00
2024-11-19 23:15:00+00:00,109.703125,109.703125,109.703125,109.6875,109.703125,1753.0,2024-11-19 18:15:00-05:00
2024-11-19 23:30:00+00:00,109.71875,109.71875,109.71875,109.703125,109.703125,2275.0,2024-11-19 18:30:00-05:00
2024-11-19 23:45:00+00:00,109.703125,109.703125,109.734375,109.703125,109.71875,1132.0,2024-11-19 18:45:00-05:00
2024-11-20 00:00:00+00:00,109.703125,109.703125,109.71875,109.703125,109.703125,1207.0,2024-11-19 19:00:00-05:00
2024-11-20 00:15:00+00:00,109.71875,109.71875,109.71875,109.703125,109.703125,865.0,2024-11-19 19:15:00-05:00
2024-11-20 00:30:00+00:00,109.734375,109.734375,109.734375,109.703125,109.703125,2386.0,2024-11-19 19:30:00-05:00
2024-11-20 00:45:00+00:00,109.75,109.75,109.75,109.734375,109.734375,2329.0,2024-11-19 19:45:00-05:00
2024-11-20 01:00:00+00:00,109.703125,109.703125,109.734375,109.703125,109.734375,1963.0,2024-11-19 20:00:00-05:00
2024-11-20 01:15:00+00:00,109.640625,109.640625,109.71875,109.640625,109.71875,12161.0,2024-11-19 20:15:00-05:00
2024-11-20 01:30:00+00:00,109.640625,109.640625,109.671875,109.625,109.640625,6594.0,2024-11-19 20:30:00-05:00
2024-11-20 01:45:00+00:00,109.65625,109.65625,109.65625,109.625,109.640625,10020.0,2024-11-19 20:45:00-05:00
2024-11-20 02:00:00+00:00,109.625,109.625,109.65625,109.59375,109.65625,25913.0,2024-11-19 21:00:00-05:00
2024-11-20 02:15:00+00:00,109.609375,109.609375,109.640625,109.59375,109.625,7554.0,2024-11-19 21:15:00-05:00
2024-11-20 02:30:00+00:00,109.59375,109.59375,109.625,109.5625,109.609375,15462.0,2024-11-19 21:30:00-05:00
2024-11-20 02:45:00+00:00,109.578125,109.578125,109.625,109.578125,109.59375,8760.0,2024-11-19 21:45:00-05:00
2024-11-20 03:00:00+00:00,109.5625,109.5625,109.609375,109.5625,109.578125,11941.0,2024-11-19 22:00:00-05:00
2024-11-20 03:15:00+00:00,109.609375,109.609375,109.625,109.546875,109.578125,16828.0,2024-11-19 22:15:00-05:00
2024-11-20 03:30:00+00:00,109.609375,109.609375,109.640625,109.59375,109.625,13866.0,2024-11-19 22:30:00-05:00
2024-11-20 03:45:00+00:00,109.578125,109.578125,109.625,109.578125,109.625,15578.0,2024-11-19 22:45:00-05:00
2024-11-20 04:00:00+00:00,109.578125,109.578125,109.609375,109.578125,109.59375,17289.0,2024-11-19 23:00:00-05:00
2024-11-20 04:15:00+00:00,109.546875,109.546875,109.59375,109.53125,109.578125,10230.0,2024-11-19 23:15:00-05:00
2024-11-20 04:30:00+00:00,109.59375,109.59375,109.59375,109.53125,109.546875,8623.0,2024-11-19 23:30:00-05:00
2024-11-20 04:45:00+00:00,109.578125,109.578125,109.609375,109.5625,109.59375,5622.0,2024-11-19 23:45:00-05:00
2024-11-20 05:00:00+00:00,109.609375,109.609375,109.625,109.546875,109.5625,8186.0,2024-11-20 00:00:00-05:00
2024-11-20 05:15:00+00:00,109.609375,109.609375,109.640625,109.609375,109.609375,8034.0,2024-11-20 00:15:00-05:00
2024-11-20 05:30:00+00:00,109.59375,109.59375,109.625,109.578125,109.609375,6353.0,2024-11-20 00:30:00-05:00
2024-11-20 05:45:00+00:00,109.578125,109.578125,109.59375,109.5625,109.59375,5173.0,2024-11-20 00:45:00-05:00
2024-11-20 06:00:00+00:00,109.546875,109.546875,109.578125,109.546875,109.578125,11493.0,2024-11-20 01:00:00-05:00
2024-11-20 06:15:00+00:00,109.59375,109.59375,109.609375,109.546875,109.56199645996094,19241.0,2024-11-20 01:15:00-05:00
2024-11-20 06:30:00+00:00,109.5625,109.5625,109.609375,109.5625,109.59375,9937.0,2024-11-20 01:30:00-05:00
2024-11-20 06:45:00+00:00,109.53125,109.53125,109.5625,109.53125,109.5625,9686.0,2024-11-20 01:45:00-05:00
2024-11-20 07:00:00+00:00,109.5625,109.5625,109.578125,109.515625,109.546875,40291.0,2024-11-20 02:00:00-05:00
2024-11-20 07:15:00+00:00,109.515625,109.515625,109.5625,109.5,109.546875,13237.0,2024-11-20 02:15:00-05:00
2024-11-20 07:30:00+00:00,109.515625,109.515625,109.546875,109.5,109.515625,22319.0,2024-11-20 02:30:00-05:00
2024-11-20 07:45:00+00:00,109.546875,109.546875,109.5625,109.53125,109.53125,15550.0,2024-11-20 02:45:00-05:00
2024-11-20 08:00:00+00:00,109.5625,109.5625,109.59375,109.53125,109.546875,26374.0,2024-11-20 03:00:00-05:00
2024-11-20 08:15:00+00:00,109.5,109.5,109.59375,109.484375,109.5625,36580.0,2024-11-20 03:15:00-05:00
2024-11-20 08:30:00+00:00,109.53125,109.53125,109.5625,109.484375,109.5,25236.0,2024-11-20 03:30:00-05:00
2024-11-20 08:45:00+00:00,109.5,109.5,109.53125,109.46875,109.53125,42214.0,2024-11-20 03:45:00-05:00
2024-11-20 09:00:00+00:00,109.515625,109.515625,109.53125,109.453125,109.5,178552.0,2024-11-20 04:00:00-05:00
2024-11-20 09:15:00+00:00,109.515625,109.515625,109.640625,109.484375,109.515625,87191.0,2024-11-20 04:15:00-05:00
2024-11-20 09:30:00+00:00,109.5625,109.5625,109.640625,109.515625,109.515625,51775.0,2024-11-20 04:30:00-05:00
2024-11-20 09:45:00+00:00,109.640625,109.640625,109.65625,109.53125,109.578125,39452.0,2024-11-20 04:45:00-05:00
2024-11-20 10:00:00+00:00,109.6875,109.6875,109.71875,109.609375,109.640625,64171.0,2024-11-20 05:00:00-05:00
2024-11-20 10:15:00+00:00,109.6875,109.6875,109.75,109.65625,109.671875,59529.0,2024-11-20 05:15:00-05:00
2024-11-20 10:30:00+00:00,109.703125,109.703125,109.71875,109.65625,109.6875,48879.0,2024-11-20 05:30:00-05:00
2024-11-20 10:45:00+00:00,109.640625,109.640625,109.703125,109.609375,109.703125,26416.0,2024-11-20 05:45:00-05:00
2024-11-20 11:00:00+00:00,109.6875,109.6875,109.734375,109.625,109.640625,49777.0,2024-11-20 06:00:00-05:00
2024-11-20 11:15:00+00:00,109.796875,109.796875,109.796875,109.640625,109.6875,90808.0,2024-11-20 06:15:00-05:00
2024-11-20 11:30:00+00:00,109.765625,109.765625,109.796875,109.734375,109.78125,31025.0,2024-11-20 06:30:00-05:00
2024-11-20 11:45:00+00:00,109.703125,109.703125,109.78125,109.6875,109.765625,40075.0,2024-11-20 06:45:00-05:00
2024-11-20 12:00:00+00:00,109.734375,109.734375,109.734375,109.6875,109.703125,23092.0,2024-11-20 07:00:00-05:00
2024-11-20 12:15:00+00:00,109.765625,109.765625,109.765625,109.6875,109.71875,22425.0,2024-11-20 07:15:00-05:00
2024-11-20 12:30:00+00:00,109.734375,109.734375,109.78125,109.71875,109.75,15592.0,2024-11-20 07:30:00-05:00
2024-11-20 12:45:00+00:00,109.75,109.75,109.765625,109.71875,109.75,17668.0,2024-11-20 07:45:00-05:00
2024-11-20 13:00:00+00:00,109.640625,109.640625,109.78125,109.640625,109.765625,52502.0,2024-11-20 08:00:00-05:00
2024-11-20 13:15:00+00:00,109.640625,109.640625,109.6875,109.609375,109.640625,51318.0,2024-11-20 08:15:00-05:00
2024-11-20 13:30:00+00:00,109.671875,109.671875,109.671875,109.609375,109.640625,22920.0,2024-11-20 08:30:00-05:00
2024-11-20 13:45:00+00:00,109.625,109.625,109.671875,109.625,109.65625,17672.0,2024-11-20 08:45:00-05:00
2024-11-20 14:00:00+00:00,109.671875,109.671875,109.6875,109.625,109.625,35141.0,2024-11-20 09:00:00-05:00
2024-11-20 14:15:00+00:00,109.703125,109.703125,109.71875,109.65625,109.65625,23726.0,2024-11-20 09:15:00-05:00
2024-11-20 14:30:00+00:00,109.734375,109.734375,109.75,109.6875,109.703125,22289.0,2024-11-20 09:30:00-05:00
2024-11-20 14:45:00+00:00,109.671875,109.671875,109.75,109.671875,109.75,45820.0,2024-11-20 09:45:00-05:00
2024-11-20 15:00:00+00:00,109.625,109.625,109.6875,109.59375,109.671875,51509.0,2024-11-20 10:00:00-05:00
2024-11-20 15:15:00+00:00,109.65625,109.65625,109.65625,109.625,109.625,24034.0,2024-11-20 10:15:00-05:00
2024-11-20 15:30:00+00:00,109.65625,109.65625,109.65625,109.625,109.65625,30858.0,2024-11-20 10:30:00-05:00
2024-11-20 15:45:00+00:00,109.625,109.625,109.671875,109.609375,109.65625,23350.0,2024-11-20 10:45:00-05:00
2024-11-20 16:00:00+00:00,109.640625,109.640625,109.640625,109.609375,109.625,21865.0,2024-11-20 11:00:00-05:00
2024-11-20 16:15:00+00:00,109.640625,109.640625,109.65625,109.609375,109.640625,19481.0,2024-11-20 11:15:00-05:00
2024-11-20 16:30:00+00:00,109.625,109.625,109.640625,109.625,109.640625,6270.0,2024-11-20 11:30:00-05:00
2024-11-20 16:45:00+00:00,109.640625,109.640625,109.640625,109.609375,109.625,8280.0,2024-11-20 11:45:00-05:00
2024-11-20 18:00:00+00:00,109.65625,109.65625,109.671875,109.640625,109.640625,589.0,2024-11-20 13:00:00-05:00
2024-11-20 18:15:00+00:00,109.671875,109.671875,109.6875,109.65625,109.65625,865.0,2024-11-20 13:15:00-05:00
2024-11-20 18:30:00+00:00,109.65625,109.65625,109.671875,109.65625,109.671875,818.0,2024-11-20 13:30:00-05:00
2024-11-20 18:45:00+00:00,109.65625,109.65625,109.671875,109.640625,109.671875,1523.0,2024-11-20 13:45:00-05:00
2024-11-20 19:00:00+00:00,109.65625,109.65625,109.6875,109.65625,109.65625,4117.0,2024-11-20 14:00:00-05:00
2024-11-20 19:15:00+00:00,109.6875,109.6875,109.703125,109.65625,109.671875,2667.0,2024-11-20 14:15:00-05:00
2024-11-20 19:30:00+00:00,109.6875,109.6875,109.71875,109.6875,109.6875,1125.0,2024-11-20 14:30:00-05:00
2024-11-20 19:45:00+00:00,109.6875,109.6875,109.71875,109.671875,109.6875,2529.0,2024-11-20 14:45:00-05:00
2024-11-20 20:00:00+00:00,109.6875,109.6875,109.703125,109.65625,109.6875,3256.0,2024-11-20 15:00:00-05:00
2024-11-20 20:15:00+00:00,109.6875,109.6875,109.703125,109.671875,109.6875,1402.0,2024-11-20 15:15:00-05:00
2024-11-20 20:30:00+00:00,109.703125,109.703125,109.71875,109.671875,109.703125,4792.0,2024-11-20 15:30:00-05:00
2024-11-20 20:45:00+00:00,109.6875,109.6875,109.703125,109.6875,109.703125,2582.0,2024-11-20 15:45:00-05:00
2024-11-20 21:00:00+00:00,109.703125,109.703125,109.71875,109.6875,109.703125,2203.0,2024-11-20 16:00:00-05:00
2024-11-20 21:15:00+00:00,109.703125,109.703125,109.703125,109.6875,109.703125,2095.0,2024-11-20 16:15:00-05:00
2024-11-20 21:30:00+00:00,109.6875,109.6875,109.703125,109.671875,109.703125,1728.0,2024-11-20 16:30:00-05:00
2024-11-20 21:45:00+00:00,109.703125,109.703125,109.703125,109.6875,109.6875,2462.0,2024-11-20 16:45:00-05:00
2024-11-20 22:00:00+00:00,109.6875,109.6875,109.703125,109.671875,109.703125,1559.0,2024-11-20 17:00:00-05:00
2024-11-20 22:15:00+00:00,109.671875,109.671875,109.6875,109.65625,109.671875,1583.0,2024-11-20 17:15:00-05:00
2024-11-20 22:30:00+00:00,109.671875,109.671875,109.6875,109.65625,109.671875,1351.0,2024-11-20 17:30:00-05:00
2024-11-20 22:45:00+00:00,109.671875,109.671875,109.6875,109.65625,109.6875,1425.0,2024-11-20 17:45:00-05:00
2024-11-20 23:00:00+00:00,109.703125,109.703125,109.703125,109.6875,109.6875,3377.0,2024-11-20 18:00:00-05:00
2024-11-20 23:15:00+00:00,109.71875,109.71875,109.71875,109.703125,109.703125,528.0,2024-11-20 18:15:00-05:00
2024-11-20 23:30:00+00:00,109.703125,109.703125,109.71875,109.703125,109.71875,6353.0,2024-11-20 18:30:00-05:00
2024-11-20 23:45:00+00:00,109.703125,109.703125,109.71875,109.6875,109.71875,1755.0,2024-11-20 18:45:00-05:00
2024-11-21 00:00:00+00:00,109.6875,109.6875,109.703125,109.671875,109.6875,2028.0,2024-11-20 19:00:00-05:00
2024-11-21 00:15:00+00:00,109.6875,109.6875,109.6875,109.671875,109.6875,1212.0,2024-11-20 19:15:00-05:00
2024-11-21 00:30:00+00:00,109.6875,109.6875,109.6875,109.671875,109.6875,1116.0,2024-11-20 19:30:00-05:00
2024-11-21 00:45:00+00:00,109.65625,109.65625,109.6875,109.65625,109.6875,2392.0,2024-11-20 19:45:00-05:00
2024-11-21 01:00:00+00:00,109.71875,109.71875,109.734375,109.65625,109.65625,2607.0,2024-11-20 20:00:00-05:00
2024-11-21 01:15:00+00:00,109.703125,109.703125,109.75,109.6875,109.71875,5895.0,2024-11-20 20:15:00-05:00
2024-11-21 01:30:00+00:00,109.6875,109.6875,109.703125,109.671875,109.6875,2161.0,2024-11-20 20:30:00-05:00
2024-11-21 01:45:00+00:00,109.703125,109.703125,109.703125,109.671875,109.6875,1331.0,2024-11-20 20:45:00-05:00
2024-11-21 02:00:00+00:00,109.65625,109.65625,109.6875,109.65625,109.6875,3794.0,2024-11-20 21:00:00-05:00
2024-11-21 02:15:00+00:00,109.75,109.75,109.765625,109.671875,109.671875,20792.0,2024-11-20 21:15:00-05:00
2024-11-21 02:30:00+00:00,109.734375,109.734375,109.765625,109.703125,109.75,63827.0,2024-11-20 21:30:00-05:00
2024-11-21 02:45:00+00:00,109.671875,109.671875,109.734375,109.640625,109.734375,77336.0,2024-11-20 21:45:00-05:00
2024-11-21 03:00:00+00:00,109.640625,109.640625,109.671875,109.625,109.671875,12012.0,2024-11-20 22:00:00-05:00
2024-11-21 03:15:00+00:00,109.671875,109.671875,109.6875,109.640625,109.640625,10184.0,2024-11-20 22:15:00-05:00
2024-11-21 03:30:00+00:00,109.703125,109.703125,109.75,109.6875,109.6875,103818.0,2024-11-20 22:30:00-05:00
2024-11-21 03:45:00+00:00,109.703125,109.703125,109.734375,109.671875,109.71875,74987.0,2024-11-20 22:45:00-05:00
2024-11-21 04:00:00+00:00,109.78125,109.78125,109.78125,109.71875,109.71875,26858.0,2024-11-20 23:00:00-05:00
2024-11-21 04:15:00+00:00,109.796875,109.796875,109.84375,109.765625,109.81199645996094,30237.0,2024-11-20 23:15:00-05:00
2024-11-21 04:30:00+00:00,109.78125,109.78125,109.828125,109.78125,109.796875,9331.0,2024-11-20 23:30:00-05:00
2024-11-21 04:45:00+00:00,109.78125,109.78125,109.8125,109.75,109.796875,15222.0,2024-11-20 23:45:00-05:00
2024-11-21 05:00:00+00:00,109.84375,109.84375,109.84375,109.765625,109.78125,19120.0,2024-11-21 00:00:00-05:00
2024-11-21 05:15:00+00:00,109.84375,109.84375,109.875,109.828125,109.84375,29599.0,2024-11-21 00:15:00-05:00
2024-11-21 05:30:00+00:00,109.828125,109.828125,109.859375,109.828125,109.84375,21691.0,2024-11-21 00:30:00-05:00
2024-11-21 05:45:00+00:00,109.75,109.75,109.84375,109.75,109.828125,47945.0,2024-11-21 00:45:00-05:00
2024-11-21 06:00:00+00:00,109.78125,109.78125,109.78125,109.734375,109.75,12682.0,2024-11-21 01:00:00-05:00
2024-11-21 06:15:00+00:00,109.75,109.75,109.78125,109.734375,109.78125,7729.0,2024-11-21 01:15:00-05:00
2024-11-21 06:30:00+00:00,109.6875,109.6875,109.734375,109.671875,109.734375,19315.0,2024-11-21 01:30:00-05:00
2024-11-21 06:45:00+00:00,109.71875,109.71875,109.734375,109.6875,109.6875,11857.0,2024-11-21 01:45:00-05:00
2024-11-21 07:00:00+00:00,109.6875,109.6875,109.765625,109.6875,109.71875,13276.0,2024-11-21 02:00:00-05:00
2024-11-21 07:15:00+00:00,109.78125,109.78125,109.78125,109.671875,109.703125,28120.0,2024-11-21 02:15:00-05:00
2024-11-21 07:30:00+00:00,109.765625,109.765625,109.796875,109.734375,109.78125,19693.0,2024-11-21 02:30:00-05:00
2024-11-21 07:45:00+00:00,109.765625,109.765625,109.78125,109.734375,109.765625,13254.0,2024-11-21 02:45:00-05:00
2024-11-21 08:00:00+00:00,109.71875,109.71875,109.765625,109.703125,109.75,17937.0,2024-11-21 03:00:00-05:00
2024-11-21 08:15:00+00:00,109.65625,109.65625,109.765625,109.640625,109.734375,43705.0,2024-11-21 03:15:00-05:00
2024-11-21 08:30:00+00:00,109.84375,109.84375,109.859375,109.59375,109.65625,214132.0,2024-11-21 03:30:00-05:00
2024-11-21 08:45:00+00:00,109.796875,109.796875,109.859375,109.796875,109.84375,227539.0,2024-11-21 03:45:00-05:00
2024-11-21 09:00:00+00:00,109.671875,109.671875,109.8125,109.65625,109.8125,71356.0,2024-11-21 04:00:00-05:00
2024-11-21 09:15:00+00:00,109.71875,109.71875,109.734375,109.65625,109.671875,49933.0,2024-11-21 04:15:00-05:00
2024-11-21 09:30:00+00:00,109.796875,109.796875,109.875,109.71875,109.71875,89383.0,2024-11-21 04:30:00-05:00
2024-11-21 09:45:00+00:00,109.84375,109.84375,109.84375,109.71875,109.796875,73143.0,2024-11-21 04:45:00-05:00
2024-11-21 10:00:00+00:00,109.8125,109.8125,109.890625,109.796875,109.828125,75631.0,2024-11-21 05:00:00-05:00
2024-11-21 10:15:00+00:00,109.828125,109.828125,109.84375,109.796875,109.8125,52282.0,2024-11-21 05:15:00-05:00
2024-11-21 10:30:00+00:00,109.75,109.75,109.84375,109.75,109.828125,59875.0,2024-11-21 05:30:00-05:00
2024-11-21 10:45:00+00:00,109.703125,109.703125,109.765625,109.671875,109.75,82009.0,2024-11-21 05:45:00-05:00
2024-11-21 11:00:00+00:00,109.6875,109.6875,109.71875,109.640625,109.6875,227925.0,2024-11-21 06:00:00-05:00
2024-11-21 11:15:00+00:00,109.65625,109.65625,109.703125,109.625,109.6875,70172.0,2024-11-21 06:15:00-05:00
2024-11-21 11:30:00+00:00,109.546875,109.546875,109.671875,109.53125,109.65625,48613.0,2024-11-21 06:30:00-05:00
2024-11-21 11:45:00+00:00,109.5625,109.5625,109.625,109.53125,109.546875,87562.0,2024-11-21 06:45:00-05:00
2024-11-21 12:00:00+00:00,109.578125,109.578125,109.625,109.546875,109.5625,42897.0,2024-11-21 07:00:00-05:00
2024-11-21 12:15:00+00:00,109.59375,109.59375,109.625,109.546875,109.5625,36378.0,2024-11-21 07:15:00-05:00
2024-11-21 12:30:00+00:00,109.640625,109.640625,109.65625,109.578125,109.59375,24462.0,2024-11-21 07:30:00-05:00
2024-11-21 12:45:00+00:00,109.609375,109.609375,109.65625,109.59375,109.625,28164.0,2024-11-21 07:45:00-05:00
2024-11-21 13:00:00+00:00,109.609375,109.609375,109.625,109.546875,109.609375,66234.0,2024-11-21 08:00:00-05:00
2024-11-21 13:15:00+00:00,109.546875,109.546875,109.640625,109.53125,109.59375,125325.0,2024-11-21 08:15:00-05:00
2024-11-21 13:30:00+00:00,109.515625,109.515625,109.578125,109.5,109.546875,194477.0,2024-11-21 08:30:00-05:00
2024-11-21 13:45:00+00:00,109.546875,109.546875,109.5625,109.515625,109.515625,37849.0,2024-11-21 08:45:00-05:00
2024-11-21 14:00:00+00:00,109.546875,109.546875,109.5625,109.515625,109.546875,28887.0,2024-11-21 09:00:00-05:00
2024-11-21 14:15:00+00:00,109.515625,109.515625,109.546875,109.484375,109.53125,52697.0,2024-11-21 09:15:00-05:00
2024-11-21 14:30:00+00:00,109.515625,109.515625,109.546875,109.484375,109.515625,43095.0,2024-11-21 09:30:00-05:00
2024-11-21 14:45:00+00:00,109.515625,109.515625,109.515625,109.453125,109.515625,104546.0,2024-11-21 09:45:00-05:00
2024-11-21 15:00:00+00:00,109.546875,109.546875,109.578125,109.5,109.5,250045.0,2024-11-21 10:00:00-05:00
2024-11-21 15:15:00+00:00,109.53125,109.53125,109.546875,109.5,109.546875,56434.0,2024-11-21 10:15:00-05:00
2024-11-21 15:30:00+00:00,109.546875,109.546875,109.59375,109.53125,109.53125,29912.0,2024-11-21 10:30:00-05:00
2024-11-21 15:45:00+00:00,109.546875,109.546875,109.5625,109.53125,109.546875,18593.0,2024-11-21 10:45:00-05:00
2024-11-21 16:00:00+00:00,109.515625,109.515625,109.59375,109.5,109.5625,44762.0,2024-11-21 11:00:00-05:00
2024-11-21 16:15:00+00:00,109.53125,109.53125,109.5625,109.5,109.5,25385.0,2024-11-21 11:15:00-05:00
2024-11-21 16:30:00+00:00,109.578125,109.578125,109.578125,109.515625,109.515625,23606.0,2024-11-21 11:30:00-05:00
2024-11-21 16:45:00+00:00,109.53125,109.53125,109.578125,109.515625,109.578125,21317.0,2024-11-21 11:45:00-05:00
2024-11-21 18:00:00+00:00,109.578125,109.578125,109.578125,109.546875,109.546875,1336.0,2024-11-21 13:00:00-05:00
2024-11-21 18:15:00+00:00,109.578125,109.578125,109.59375,109.5625,109.5625,704.0,2024-11-21 13:15:00-05:00
2024-11-21 18:30:00+00:00,109.578125,109.578125,109.609375,109.578125,109.578125,3637.0,2024-11-21 13:30:00-05:00
2024-11-21 18:45:00+00:00,109.5625,109.5625,109.578125,109.546875,109.578125,1895.0,2024-11-21 13:45:00-05:00
2024-11-21 19:00:00+00:00,109.578125,109.578125,109.578125,109.546875,109.5625,2266.0,2024-11-21 14:00:00-05:00
2024-11-21 19:15:00+00:00,109.59375,109.59375,109.609375,109.5625,109.578125,3459.0,2024-11-21 14:15:00-05:00
2024-11-21 19:30:00+00:00,109.609375,109.609375,109.609375,109.578125,109.578125,2147.0,2024-11-21 14:30:00-05:00
2024-11-21 19:45:00+00:00,109.59375,109.59375,109.609375,109.578125,109.609375,1231.0,2024-11-21 14:45:00-05:00
2024-11-21 20:00:00+00:00,109.609375,109.609375,109.609375,109.578125,109.59375,2982.0,2024-11-21 15:00:00-05:00
2024-11-21 20:15:00+00:00,109.609375,109.609375,109.625,109.59375,109.609375,1926.0,2024-11-21 15:15:00-05:00
2024-11-21 20:30:00+00:00,109.59375,109.59375,109.609375,109.59375,109.609375,5684.0,2024-11-21 15:30:00-05:00
2024-11-21 20:45:00+00:00,109.578125,109.578125,109.609375,109.578125,109.578125,1993.0,2024-11-21 15:45:00-05:00
2024-11-21 21:00:00+00:00,109.578125,109.578125,109.578125,109.546875,109.578125,2969.0,2024-11-21 16:00:00-05:00
2024-11-21 21:15:00+00:00,109.609375,109.609375,109.609375,109.578125,109.578125,1616.0,2024-11-21 16:15:00-05:00
2024-11-21 21:30:00+00:00,109.59375,109.59375,109.609375,109.578125,109.59375,1175.0,2024-11-21 16:30:00-05:00
2024-11-21 21:45:00+00:00,109.609375,109.609375,109.609375,109.59375,109.59375,665.0,2024-11-21 16:45:00-05:00
2024-11-21 22:00:00+00:00,109.59375,109.59375,109.609375,109.59375,109.59375,2521.0,2024-11-21 17:00:00-05:00
2024-11-21 22:15:00+00:00,109.625,109.625,109.625,109.59375,109.609375,1876.0,2024-11-21 17:15:00-05:00
2024-11-21 22:30:00+00:00,109.640625,109.640625,109.65625,109.609375,109.625,2799.0,2024-11-21 17:30:00-05:00
2024-11-21 22:45:00+00:00,109.640625,109.640625,109.65625,109.625,109.625,1400.0,2024-11-21 17:45:00-05:00
2024-11-21 23:00:00+00:00,109.625,109.625,109.65625,109.625,109.640625,2562.0,2024-11-21 18:00:00-05:00
2024-11-21 23:15:00+00:00,109.625,109.625,109.625,109.609375,109.625,1087.0,2024-11-21 18:15:00-05:00
2024-11-21 23:30:00+00:00,109.609375,109.609375,109.625,109.59375,109.625,3409.0,2024-11-21 18:30:00-05:00
2024-11-21 23:45:00+00:00,109.609375,109.609375,109.609375,109.59375,109.609375,849.0,2024-11-21 18:45:00-05:00
2024-11-22 00:00:00+00:00,109.625,109.625,109.640625,109.609375,109.609375,1776.0,2024-11-21 19:00:00-05:00
2024-11-22 00:15:00+00:00,109.640625,109.640625,109.65625,109.625,109.625,3030.0,2024-11-21 19:15:00-05:00
2024-11-22 00:30:00+00:00,109.609375,109.609375,109.640625,109.609375,109.625,3538.0,2024-11-21 19:30:00-05:00
2024-11-22 00:45:00+00:00,109.640625,109.640625,109.640625,109.609375,109.625,1658.0,2024-11-21 19:45:00-05:00
2024-11-22 01:00:00+00:00,109.625,109.625,109.625,109.609375,109.625,2538.0,2024-11-21 20:00:00-05:00
2024-11-22 01:15:00+00:00,109.625,109.625,109.640625,109.609375,109.625,1784.0,2024-11-21 20:15:00-05:00
2024-11-22 01:30:00+00:00,109.609375,109.609375,109.625,109.59375,109.625,1107.0,2024-11-21 20:30:00-05:00
2024-11-22 01:45:00+00:00,109.5625,109.5625,109.59375,109.5625,109.59375,4170.0,2024-11-21 20:45:00-05:00
2024-11-22 02:00:00+00:00,109.609375,109.609375,109.625,109.5625,109.578125,8217.0,2024-11-21 21:00:00-05:00
2024-11-22 02:15:00+00:00,109.59375,109.59375,109.640625,109.59375,109.625,10311.0,2024-11-21 21:15:00-05:00
2024-11-22 02:30:00+00:00,109.5625,109.5625,109.609375,109.5625,109.59375,9387.0,2024-11-21 21:30:00-05:00
2024-11-22 02:45:00+00:00,109.578125,109.578125,109.59375,109.546875,109.5625,11448.0,2024-11-21 21:45:00-05:00
2024-11-22 03:00:00+00:00,109.546875,109.546875,109.5625,109.515625,109.5625,21490.0,2024-11-21 22:00:00-05:00
2024-11-22 03:15:00+00:00,109.65625,109.65625,109.6875,109.5625,109.5625,49491.0,2024-11-21 22:15:00-05:00
2024-11-22 03:30:00+00:00,109.6875,109.6875,109.734375,109.671875,109.671875,31071.0,2024-11-21 22:30:00-05:00
2024-11-22 03:45:00+00:00,109.71875,109.71875,109.75,109.6875,109.6875,14739.0,2024-11-21 22:45:00-05:00
2024-11-22 04:00:00+00:00,109.75,109.75,109.75,109.6875,109.71875,20465.0,2024-11-21 23:00:00-05:00
2024-11-22 04:15:00+00:00,109.71875,109.71875,109.75,109.703125,109.75,26235.0,2024-11-21 23:15:00-05:00
2024-11-22 04:30:00+00:00,109.75,109.75,109.78125,109.734375,109.734375,40027.0,2024-11-21 23:30:00-05:00
2024-11-22 04:45:00+00:00,109.765625,109.765625,109.765625,109.71875,109.765625,12932.0,2024-11-21 23:45:00-05:00
2024-11-22 05:00:00+00:00,109.734375,109.734375,109.78125,109.734375,109.765625,20753.0,2024-11-22 00:00:00-05:00
2024-11-22 05:15:00+00:00,109.75,109.75,109.78125,109.734375,109.734375,13937.0,2024-11-22 00:15:00-05:00
2024-11-22 05:30:00+00:00,109.734375,109.734375,109.765625,109.71875,109.75,23756.0,2024-11-22 00:30:00-05:00
2024-11-22 05:45:00+00:00,109.734375,109.734375,109.734375,109.71875,109.734375,11081.0,2024-11-22 00:45:00-05:00
2024-11-22 06:00:00+00:00,109.765625,109.765625,109.765625,109.703125,109.71875,24237.0,2024-11-22 01:00:00-05:00
2024-11-22 06:15:00+00:00,109.734375,109.734375,109.765625,109.71875,109.75,4643.0,2024-11-22 01:15:00-05:00
2024-11-22 06:30:00+00:00,109.75,109.75,109.78125,109.734375,109.734375,6897.0,2024-11-22 01:30:00-05:00
2024-11-22 06:45:00+00:00,109.78125,109.78125,109.78125,109.734375,109.765625,12606.0,2024-11-22 01:45:00-05:00
2024-11-22 07:00:00+00:00,109.78125,109.78125,109.828125,109.765625,109.78125,13738.0,2024-11-22 02:00:00-05:00
2024-11-22 07:15:00+00:00,109.78125,109.78125,109.78125,109.71875,109.78125,14270.0,2024-11-22 02:15:00-05:00
2024-11-22 07:30:00+00:00,109.75,109.75,109.796875,109.734375,109.765625,19748.0,2024-11-22 02:30:00-05:00
2024-11-22 07:45:00+00:00,109.75,109.75,109.765625,109.6875,109.75,58179.0,2024-11-22 02:45:00-05:00
2024-11-22 08:00:00+00:00,109.734375,109.734375,109.765625,109.71875,109.75,25473.0,2024-11-22 03:00:00-05:00
2024-11-22 08:15:00+00:00,109.796875,109.796875,109.828125,109.71875,109.734375,32927.0,2024-11-22 03:15:00-05:00
2024-11-22 08:30:00+00:00,109.734375,109.734375,109.8125,109.703125,109.8125,40951.0,2024-11-22 03:30:00-05:00
2024-11-22 08:45:00+00:00,109.734375,109.734375,109.78125,109.71875,109.734375,35783.0,2024-11-22 03:45:00-05:00
2024-11-22 09:00:00+00:00,109.640625,109.640625,109.734375,109.640625,109.71875,78097.0,2024-11-22 04:00:00-05:00
2024-11-22 09:15:00+00:00,109.65625,109.65625,109.671875,109.625,109.640625,35776.0,2024-11-22 04:15:00-05:00
2024-11-22 09:30:00+00:00,109.65625,109.65625,109.6875,109.609375,109.65625,37245.0,2024-11-22 04:30:00-05:00
2024-11-22 09:45:00+00:00,109.578125,109.578125,109.65625,109.515625,109.65625,113888.0,2024-11-22 04:45:00-05:00
2024-11-22 10:00:00+00:00,109.5625,109.5625,109.6875,109.546875,109.59375,106613.0,2024-11-22 05:00:00-05:00
2024-11-22 10:15:00+00:00,109.59375,109.59375,109.640625,109.546875,109.546875,44218.0,2024-11-22 05:15:00-05:00
2024-11-22 10:30:00+00:00,109.546875,109.546875,109.59375,109.515625,109.59375,80894.0,2024-11-22 05:30:00-05:00
2024-11-22 10:45:00+00:00,109.609375,109.609375,109.625,109.53125,109.53125,77587.0,2024-11-22 05:45:00-05:00
2024-11-22 11:00:00+00:00,109.609375,109.609375,109.640625,109.578125,109.625,55654.0,2024-11-22 06:00:00-05:00
2024-11-22 11:15:00+00:00,109.59375,109.59375,109.65625,109.59375,109.625,219335.0,2024-11-22 06:15:00-05:00
2024-11-22 11:30:00+00:00,109.65625,109.65625,109.65625,109.59375,109.59375,23786.0,2024-11-22 06:30:00-05:00
2024-11-22 11:45:00+00:00,109.6875,109.6875,109.71875,109.625,109.640625,35757.0,2024-11-22 06:45:00-05:00
2024-11-22 12:00:00+00:00,109.625,109.625,109.703125,109.625,109.703125,28774.0,2024-11-22 07:00:00-05:00
2024-11-22 12:15:00+00:00,109.671875,109.671875,109.671875,109.609375,109.640625,88039.0,2024-11-22 07:15:00-05:00
2024-11-22 12:30:00+00:00,109.625,109.625,109.703125,109.609375,109.65625,34944.0,2024-11-22 07:30:00-05:00
2024-11-22 12:45:00+00:00,109.640625,109.640625,109.65625,109.59375,109.625,53928.0,2024-11-22 07:45:00-05:00
2024-11-22 13:00:00+00:00,109.625,109.625,109.65625,109.609375,109.640625,13334.0,2024-11-22 08:00:00-05:00
2024-11-22 13:15:00+00:00,109.59375,109.59375,109.640625,109.59375,109.625,19401.0,2024-11-22 08:15:00-05:00
2024-11-22 13:30:00+00:00,109.640625,109.640625,109.640625,109.59375,109.609375,16849.0,2024-11-22 08:30:00-05:00
2024-11-22 13:45:00+00:00,109.671875,109.671875,109.6875,109.625,109.640625,54262.0,2024-11-22 08:45:00-05:00
2024-11-22 14:00:00+00:00,109.65625,109.65625,109.6875,109.640625,109.6875,60483.0,2024-11-22 09:00:00-05:00
2024-11-22 14:15:00+00:00,109.640625,109.640625,109.65625,109.625,109.65625,38583.0,2024-11-22 09:15:00-05:00
2024-11-22 14:30:00+00:00,109.625,109.625,109.640625,109.59375,109.640625,39023.0,2024-11-22 09:30:00-05:00
2024-11-22 14:45:00+00:00,109.625,109.625,109.65625,109.59375,109.609375,234534.0,2024-11-22 09:45:00-05:00
2024-11-22 15:00:00+00:00,109.625,109.625,109.671875,109.625,109.625,109407.0,2024-11-22 10:00:00-05:00
2024-11-22 15:15:00+00:00,109.59375,109.59375,109.65625,109.578125,109.625,936379.0,2024-11-22 10:15:00-05:00
2024-11-22 15:30:00+00:00,109.59375,109.59375,109.625,109.578125,109.59375,139504.0,2024-11-22 10:30:00-05:00
2024-11-22 15:45:00+00:00,109.59375,109.59375,109.609375,109.5625,109.59375,35406.0,2024-11-22 10:45:00-05:00
2024-11-22 16:00:00+00:00,109.609375,109.609375,109.609375,109.5625,109.578125,33966.0,2024-11-22 11:00:00-05:00
2024-11-22 16:15:00+00:00,109.609375,109.609375,109.640625,109.59375,109.59375,24520.0,2024-11-22 11:15:00-05:00
2024-11-22 16:30:00+00:00,109.609375,109.609375,109.609375,109.59375,109.59375,10366.0,2024-11-22 11:30:00-05:00
2024-11-22 16:45:00+00:00,109.671875,109.671875,109.6875,109.609375,109.609375,22063.0,2024-11-22 11:45:00-05:00
2024-11-24 18:00:00+00:00,110.03125,110.03125,110.125,109.90625,110.09375,32991.0,2024-11-24 13:00:00-05:00
2024-11-24 18:15:00+00:00,110.03125,110.03125,110.046875,109.953125,110.015625,7096.0,2024-11-24 13:15:00-05:00
2024-11-24 18:30:00+00:00,109.984375,109.984375,110.046875,109.96875,110.03125,8910.0,2024-11-24 13:30:00-05:00
2024-11-24 18:45:00+00:00,110.046875,110.046875,110.0625,109.96875,109.984375,6374.0,2024-11-24 13:45:00-05:00
2024-11-24 19:00:00+00:00,110.046875,110.046875,110.0625,110.0,110.0625,8504.0,2024-11-24 14:00:00-05:00
2024-11-24 19:15:00+00:00,109.96875,109.96875,110.078125,109.96875,110.03125,9889.0,2024-11-24 14:15:00-05:00
2024-11-24 19:30:00+00:00,109.921875,109.921875,109.984375,109.90625,109.96875,12610.0,2024-11-24 14:30:00-05:00
2024-11-24 19:45:00+00:00,109.90625,109.90625,109.9375,109.890625,109.90625,10454.0,2024-11-24 14:45:00-05:00
2024-11-24 20:00:00+00:00,109.921875,109.921875,109.9375,109.890625,109.90625,5357.0,2024-11-24 15:00:00-05:00
2024-11-24 20:15:00+00:00,109.96875,109.96875,109.96875,109.921875,109.921875,7607.0,2024-11-24 15:15:00-05:00
2024-11-24 20:30:00+00:00,109.9375,109.9375,109.984375,109.9375,109.96875,8324.0,2024-11-24 15:30:00-05:00
2024-11-24 20:45:00+00:00,109.953125,109.953125,109.96875,109.9375,109.953125,9605.0,2024-11-24 15:45:00-05:00
2024-11-24 21:00:00+00:00,110.0,110.0,110.0,109.953125,109.96875,6551.0,2024-11-24 16:00:00-05:00
2024-11-24 21:15:00+00:00,110.0,110.0,110.015625,109.984375,110.0,7019.0,2024-11-24 16:15:00-05:00
2024-11-24 21:30:00+00:00,110.0,110.0,110.03125,109.984375,110.0,4805.0,2024-11-24 16:30:00-05:00
2024-11-24 21:45:00+00:00,109.984375,109.984375,110.0,109.96875,110.0,2641.0,2024-11-24 16:45:00-05:00
2024-11-24 22:00:00+00:00,110.015625,110.015625,110.03125,109.984375,110.0,2255.0,2024-11-24 17:00:00-05:00
2024-11-24 22:15:00+00:00,110.0,110.0,110.015625,109.984375,110.0,3917.0,2024-11-24 17:15:00-05:00
2024-11-24 22:30:00+00:00,110.015625,110.015625,110.015625,109.984375,109.984375,5240.0,2024-11-24 17:30:00-05:00
2024-11-24 22:45:00+00:00,110.015625,110.015625,110.03125,110.0,110.015625,3242.0,2024-11-24 17:45:00-05:00
2024-11-24 23:00:00+00:00,109.984375,109.984375,110.0,109.96875,110.0,4206.0,2024-11-24 18:00:00-05:00
2024-11-24 23:15:00+00:00,109.96875,109.96875,109.984375,109.953125,109.96875,8297.0,2024-11-24 18:15:00-05:00
2024-11-24 23:30:00+00:00,110.0,110.0,110.015625,109.96875,109.96875,3765.0,2024-11-24 18:30:00-05:00
2024-11-24 23:45:00+00:00,109.984375,109.984375,110.015625,109.984375,110.015625,1919.0,2024-11-24 18:45:00-05:00
2024-11-25 00:00:00+00:00,109.984375,109.984375,110.0,109.96875,109.984375,1456.0,2024-11-24 19:00:00-05:00
2024-11-25 00:15:00+00:00,110.0,110.0,110.015625,109.96875,109.984375,2536.0,2024-11-24 19:15:00-05:00
2024-11-25 00:30:00+00:00,109.984375,109.984375,110.0,109.96875,110.0,4902.0,2024-11-24 19:30:00-05:00
2024-11-25 00:45:00+00:00,110.03125,110.03125,110.046875,109.96875,109.96875,6811.0,2024-11-24 19:45:00-05:00
2024-11-25 01:00:00+00:00,110.078125,110.078125,110.078125,110.015625,110.03125,20585.0,2024-11-24 20:00:00-05:00
2024-11-25 01:15:00+00:00,110.09375,110.09375,110.109375,110.0625,110.0625,24150.0,2024-11-24 20:15:00-05:00
2024-11-25 01:30:00+00:00,110.09375,110.09375,110.125,110.0625,110.09375,10498.0,2024-11-24 20:30:00-05:00
2024-11-25 01:45:00+00:00,110.140625,110.140625,110.140625,110.078125,110.09375,10719.0,2024-11-24 20:45:00-05:00
2024-11-25 02:00:00+00:00,110.109375,110.109375,110.15625,110.09375,110.140625,20835.0,2024-11-24 21:00:00-05:00
2024-11-25 02:15:00+00:00,110.125,110.125,110.140625,110.109375,110.109375,6066.0,2024-11-24 21:15:00-05:00
2024-11-25 02:30:00+00:00,110.140625,110.140625,110.140625,110.09375,110.125,12716.0,2024-11-24 21:30:00-05:00
2024-11-25 02:45:00+00:00,110.03125,110.03125,110.125,110.015625,110.125,16060.0,2024-11-24 21:45:00-05:00
2024-11-25 03:00:00+00:00,110.046875,110.046875,110.046875,110.0,110.03125,17246.0,2024-11-24 22:00:00-05:00
2024-11-25 03:15:00+00:00,110.046875,110.046875,110.078125,110.015625,110.046875,19821.0,2024-11-24 22:15:00-05:00
2024-11-25 03:30:00+00:00,110.03125,110.03125,110.0625,110.015625,110.046875,20713.0,2024-11-24 22:30:00-05:00
2024-11-25 03:45:00+00:00,110.046875,110.046875,110.09375,110.0,110.03125,30513.0,2024-11-24 22:45:00-05:00
2024-11-25 04:00:00+00:00,109.984375,109.984375,110.046875,109.984375,110.03125,23087.0,2024-11-24 23:00:00-05:00
2024-11-25 04:15:00+00:00,109.96875,109.96875,110.015625,109.953125,109.984375,17730.0,2024-11-24 23:15:00-05:00
2024-11-25 04:30:00+00:00,109.984375,109.984375,109.984375,109.953125,109.953125,9160.0,2024-11-24 23:30:00-05:00
2024-11-25 04:45:00+00:00,109.96875,109.96875,110.015625,109.953125,109.984375,15483.0,2024-11-24 23:45:00-05:00
2024-11-25 05:00:00+00:00,109.96875,109.96875,110.0,109.96875,109.984375,20280.0,2024-11-25 00:00:00-05:00
2024-11-25 05:15:00+00:00,110.015625,110.015625,110.015625,109.96875,109.96875,11915.0,2024-11-25 00:15:00-05:00
2024-11-25 05:30:00+00:00,109.96875,109.96875,110.015625,109.953125,110.015625,19832.0,2024-11-25 00:30:00-05:00
2024-11-25 05:45:00+00:00,109.984375,109.984375,109.984375,109.9375,109.96875,31261.0,2024-11-25 00:45:00-05:00
2024-11-25 06:00:00+00:00,110.0,110.0,110.015625,109.96875,109.984375,8984.0,2024-11-25 01:00:00-05:00
2024-11-25 06:15:00+00:00,109.953125,109.953125,110.015625,109.953125,110.0,46304.0,2024-11-25 01:15:00-05:00
2024-11-25 06:30:00+00:00,109.9375,109.9375,109.984375,109.9375,109.953125,13961.0,2024-11-25 01:30:00-05:00
2024-11-25 06:45:00+00:00,109.90625,109.90625,109.9375,109.890625,109.9375,15788.0,2024-11-25 01:45:00-05:00
2024-11-25 07:00:00+00:00,109.875,109.875,109.921875,109.859375,109.890625,17766.0,2024-11-25 02:00:00-05:00
2024-11-25 07:15:00+00:00,109.90625,109.90625,109.90625,109.84375,109.859375,25614.0,2024-11-25 02:15:00-05:00
2024-11-25 07:30:00+00:00,109.9375,109.9375,109.984375,109.90625,109.90625,23336.0,2024-11-25 02:30:00-05:00
2024-11-25 07:45:00+00:00,110.015625,110.015625,110.015625,109.9375,109.9375,26369.0,2024-11-25 02:45:00-05:00
2024-11-25 08:00:00+00:00,110.15625,110.15625,110.171875,110.0,110.015625,90691.0,2024-11-25 03:00:00-05:00
2024-11-25 08:15:00+00:00,110.1875,110.1875,110.25,110.140625,110.15625,82587.0,2024-11-25 03:15:00-05:00
2024-11-25 08:30:00+00:00,110.234375,110.234375,110.25,110.125,110.203125,559270.0,2024-11-25 03:30:00-05:00
2024-11-25 08:45:00+00:00,110.21875,110.21875,110.25,110.171875,110.234375,57950.0,2024-11-25 03:45:00-05:00
2024-11-25 09:00:00+00:00,110.328125,110.328125,110.34375,110.1875,110.21875,113574.0,2024-11-25 04:00:00-05:00
2024-11-25 09:15:00+00:00,110.40625,110.40625,110.421875,110.296875,110.328125,123310.0,2024-11-25 04:15:00-05:00
2024-11-25 09:30:00+00:00,110.359375,110.359375,110.4375,110.3125,110.40625,387733.0,2024-11-25 04:30:00-05:00
2024-11-25 09:45:00+00:00,110.390625,110.390625,110.390625,110.34375,110.359375,89431.0,2024-11-25 04:45:00-05:00
2024-11-25 10:00:00+00:00,110.359375,110.359375,110.421875,110.34375,110.390625,153926.0,2024-11-25 05:00:00-05:00
2024-11-25 10:15:00+00:00,110.40625,110.40625,110.40625,110.328125,110.359375,58259.0,2024-11-25 05:15:00-05:00
2024-11-25 10:30:00+00:00,110.421875,110.421875,110.453125,110.375,110.40625,92314.0,2024-11-25 05:30:00-05:00
2024-11-25 10:45:00+00:00,110.359375,110.359375,110.4375,110.359375,110.421875,67762.0,2024-11-25 05:45:00-05:00
2024-11-25 11:00:00+00:00,110.3125,110.3125,110.375,110.28125,110.375,79209.0,2024-11-25 06:00:00-05:00
2024-11-25 11:15:00+00:00,110.34375,110.34375,110.359375,110.296875,110.328125,63469.0,2024-11-25 06:15:00-05:00
2024-11-25 11:30:00+00:00,110.265625,110.265625,110.359375,110.25,110.359375,63396.0,2024-11-25 06:30:00-05:00
2024-11-25 11:45:00+00:00,110.328125,110.328125,110.328125,110.234375,110.265625,61933.0,2024-11-25 06:45:00-05:00
2024-11-25 12:00:00+00:00,110.359375,110.359375,110.359375,110.296875,110.328125,26479.0,2024-11-25 07:00:00-05:00
2024-11-25 12:15:00+00:00,110.3125,110.3125,110.359375,110.3125,110.359375,37260.0,2024-11-25 07:15:00-05:00
2024-11-25 12:30:00+00:00,110.3125,110.3125,110.34375,110.28125,110.328125,87080.0,2024-11-25 07:30:00-05:00
2024-11-25 12:45:00+00:00,110.3125,110.3125,110.34375,110.28125,110.328125,30981.0,2024-11-25 07:45:00-05:00
2024-11-25 13:00:00+00:00,110.421875,110.421875,110.4375,110.296875,110.3125,236777.0,2024-11-25 08:00:00-05:00
2024-11-25 13:15:00+00:00,110.453125,110.453125,110.46875,110.40625,110.421875,62754.0,2024-11-25 08:15:00-05:00
2024-11-25 13:30:00+00:00,110.5,110.5,110.515625,110.453125,110.46875,512917.0,2024-11-25 08:30:00-05:00
2024-11-25 13:45:00+00:00,110.546875,110.546875,110.5625,110.484375,110.5,85351.0,2024-11-25 08:45:00-05:00
2024-11-25 14:00:00+00:00,110.546875,110.546875,110.546875,110.5,110.546875,88028.0,2024-11-25 09:00:00-05:00
2024-11-25 14:15:00+00:00,110.5625,110.5625,110.5625,110.484375,110.546875,74008.0,2024-11-25 09:15:00-05:00
2024-11-25 14:30:00+00:00,110.53125,110.53125,110.5625,110.515625,110.5625,31379.0,2024-11-25 09:30:00-05:00
2024-11-25 14:45:00+00:00,110.546875,110.546875,110.546875,110.46875,110.53125,145957.0,2024-11-25 09:45:00-05:00
2024-11-25 15:00:00+00:00,110.46875,110.46875,110.546875,110.46875,110.546875,64225.0,2024-11-25 10:00:00-05:00
2024-11-25 15:15:00+00:00,110.515625,110.515625,110.515625,110.46875,110.46875,20162.0,2024-11-25 10:15:00-05:00
2024-11-25 15:30:00+00:00,110.5,110.5,110.53125,110.46875,110.5,71901.0,2024-11-25 10:30:00-05:00
2024-11-25 15:45:00+00:00,110.53125,110.53125,110.53125,110.453125,110.5,58634.0,2024-11-25 10:45:00-05:00
2024-11-25 16:00:00+00:00,110.515625,110.515625,110.53125,110.5,110.53125,66723.0,2024-11-25 11:00:00-05:00
2024-11-25 16:15:00+00:00,110.484375,110.484375,110.515625,110.46875,110.515625,35646.0,2024-11-25 11:15:00-05:00
2024-11-25 16:30:00+00:00,110.46875,110.46875,110.5,110.46875,110.484375,14924.0,2024-11-25 11:30:00-05:00
2024-11-25 16:45:00+00:00,110.46875,110.46875,110.5,110.453125,110.46875,15079.0,2024-11-25 11:45:00-05:00
2024-11-25 18:00:00+00:00,110.5,110.5,110.515625,110.453125,110.453125,4751.0,2024-11-25 13:00:00-05:00
2024-11-25 18:15:00+00:00,110.484375,110.484375,110.5,110.46875,110.5,570.0,2024-11-25 13:15:00-05:00
2024-11-25 18:30:00+00:00,110.5,110.5,110.546875,110.46875,110.5,4736.0,2024-11-25 13:30:00-05:00
2024-11-25 18:45:00+00:00,110.375,110.375,110.515625,110.359375,110.515625,51797.0,2024-11-25 13:45:00-05:00
2024-11-25 19:00:00+00:00,110.359375,110.359375,110.390625,110.34375,110.390625,7468.0,2024-11-25 14:00:00-05:00
2024-11-25 19:15:00+00:00,110.359375,110.359375,110.375,110.328125,110.359375,8598.0,2024-11-25 14:15:00-05:00
2024-11-25 19:30:00+00:00,110.4375,110.4375,110.4375,110.359375,110.359375,48177.0,2024-11-25 14:30:00-05:00
2024-11-25 19:45:00+00:00,110.40625,110.40625,110.4375,110.390625,110.421875,6072.0,2024-11-25 14:45:00-05:00
2024-11-25 20:00:00+00:00,110.421875,110.421875,110.4375,110.375,110.390625,8806.0,2024-11-25 15:00:00-05:00
2024-11-25 20:15:00+00:00,110.4375,110.4375,110.46875,110.421875,110.421875,7463.0,2024-11-25 15:15:00-05:00
2024-11-25 20:30:00+00:00,110.421875,110.421875,110.4375,110.40625,110.4375,8039.0,2024-11-25 15:30:00-05:00
2024-11-25 20:45:00+00:00,110.4375,110.4375,110.4375,110.40625,110.421875,4788.0,2024-11-25 15:45:00-05:00
2024-11-25 21:00:00+00:00,110.390625,110.390625,110.4375,110.390625,110.4375,2954.0,2024-11-25 16:00:00-05:00
2024-11-25 21:15:00+00:00,110.421875,110.421875,110.421875,110.390625,110.390625,1037.0,2024-11-25 16:15:00-05:00
2024-11-25 21:30:00+00:00,110.421875,110.421875,110.4375,110.40625,110.421875,3620.0,2024-11-25 16:30:00-05:00
2024-11-25 21:45:00+00:00,110.40625,110.40625,110.421875,110.390625,110.40625,3438.0,2024-11-25 16:45:00-05:00
2024-11-25 22:00:00+00:00,110.40625,110.40625,110.40625,110.375,110.390625,5276.0,2024-11-25 17:00:00-05:00
2024-11-25 22:15:00+00:00,110.390625,110.390625,110.421875,110.390625,110.40625,2108.0,2024-11-25 17:15:00-05:00
2024-11-25 22:30:00+00:00,110.421875,110.421875,110.4375,110.40625,110.40625,1522.0,2024-11-25 17:30:00-05:00
2024-11-25 22:45:00+00:00,110.421875,110.421875,110.421875,110.40625,110.421875,2776.0,2024-11-25 17:45:00-05:00
2024-11-25 23:00:00+00:00,110.40625,110.40625,110.4375,110.40625,110.421875,1035.0,2024-11-25 18:00:00-05:00
2024-11-25 23:15:00+00:00,110.421875,110.421875,110.421875,110.390625,110.40625,3001.0,2024-11-25 18:15:00-05:00
2024-11-25 23:30:00+00:00,110.40625,110.40625,110.421875,110.40625,110.421875,2238.0,2024-11-25 18:30:00-05:00
2024-11-25 23:45:00+00:00,110.375,110.375,110.40625,110.375,110.40625,3898.0,2024-11-25 18:45:00-05:00
2024-11-26 00:00:00+00:00,110.375,110.375,110.390625,110.359375,110.390625,3284.0,2024-11-25 19:00:00-05:00
2024-11-26 00:15:00+00:00,110.375,110.375,110.390625,110.359375,110.375,3209.0,2024-11-25 19:15:00-05:00
2024-11-26 00:30:00+00:00,110.390625,110.390625,110.40625,110.359375,110.375,1894.0,2024-11-25 19:30:00-05:00
2024-11-26 00:45:00+00:00,110.40625,110.40625,110.40625,110.375,110.390625,3204.0,2024-11-25 19:45:00-05:00
2024-11-26 01:00:00+00:00,110.359375,110.359375,110.40625,110.359375,110.390625,6107.0,2024-11-25 20:00:00-05:00
2024-11-26 01:15:00+00:00,110.375,110.375,110.390625,110.359375,110.375,3069.0,2024-11-25 20:15:00-05:00
2024-11-26 01:30:00+00:00,110.375,110.375,110.40625,110.375,110.375,1021.0,2024-11-25 20:30:00-05:00
2024-11-26 01:45:00+00:00,110.390625,110.390625,110.40625,110.359375,110.390625,6570.0,2024-11-25 20:45:00-05:00
2024-11-26 02:00:00+00:00,110.390625,110.390625,110.40625,110.390625,110.390625,6934.0,2024-11-25 21:00:00-05:00
2024-11-26 02:15:00+00:00,110.328125,110.328125,110.390625,110.3125,110.375,8657.0,2024-11-25 21:15:00-05:00
2024-11-26 02:30:00+00:00,110.328125,110.328125,110.34375,110.296875,110.34375,8371.0,2024-11-25 21:30:00-05:00
2024-11-26 02:45:00+00:00,110.3125,110.3125,110.34375,110.296875,110.328125,11425.0,2024-11-25 21:45:00-05:00
2024-11-26 03:00:00+00:00,110.375,110.375,110.375,110.296875,110.328125,19295.0,2024-11-25 22:00:00-05:00
2024-11-26 03:15:00+00:00,110.328125,110.328125,110.375,110.3125,110.359375,15013.0,2024-11-25 22:15:00-05:00
2024-11-26 03:30:00+00:00,110.328125,110.328125,110.359375,110.3125,110.34375,15874.0,2024-11-25 22:30:00-05:00
2024-11-26 03:45:00+00:00,110.3125,110.3125,110.34375,110.296875,110.34375,20270.0,2024-11-25 22:45:00-05:00
2024-11-26 04:00:00+00:00,110.28125,110.28125,110.328125,110.28125,110.328125,6991.0,2024-11-25 23:00:00-05:00
2024-11-26 04:15:00+00:00,110.3125,110.3125,110.328125,110.28125,110.296875,9293.0,2024-11-25 23:15:00-05:00
2024-11-26 04:30:00+00:00,110.328125,110.328125,110.328125,110.28125,110.3125,16151.0,2024-11-25 23:30:00-05:00
2024-11-26 04:45:00+00:00,110.34375,110.34375,110.34375,110.296875,110.328125,6299.0,2024-11-25 23:45:00-05:00
2024-11-26 05:00:00+00:00,110.328125,110.328125,110.34375,110.296875,110.34375,15525.0,2024-11-26 00:00:00-05:00
2024-11-26 05:15:00+00:00,110.296875,110.296875,110.34375,110.296875,110.328125,17430.0,2024-11-26 00:15:00-05:00
2024-11-26 05:30:00+00:00,110.328125,110.328125,110.34375,110.296875,110.3125,8215.0,2024-11-26 00:30:00-05:00
2024-11-26 05:45:00+00:00,110.359375,110.359375,110.375,110.3125,110.3125,14108.0,2024-11-26 00:45:00-05:00
2024-11-26 06:00:00+00:00,110.421875,110.421875,110.421875,110.359375,110.359375,9302.0,2024-11-26 01:00:00-05:00
2024-11-26 06:15:00+00:00,110.390625,110.390625,110.4375,110.390625,110.4219970703125,24158.0,2024-11-26 01:15:00-05:00
2024-11-26 06:30:00+00:00,110.390625,110.390625,110.421875,110.390625,110.40625,22138.0,2024-11-26 01:30:00-05:00
2024-11-26 06:45:00+00:00,110.40625,110.40625,110.40625,110.375,110.40625,15454.0,2024-11-26 01:45:00-05:00
2024-11-26 07:00:00+00:00,110.421875,110.421875,110.421875,110.359375,110.421875,19399.0,2024-11-26 02:00:00-05:00
2024-11-26 07:15:00+00:00,110.5,110.5,110.515625,110.421875,110.421875,19738.0,2024-11-26 02:15:00-05:00
2024-11-26 07:30:00+00:00,110.46875,110.46875,110.515625,110.4375,110.5,16399.0,2024-11-26 02:30:00-05:00
2024-11-26 07:45:00+00:00,110.5,110.5,110.515625,110.453125,110.453125,11963.0,2024-11-26 02:45:00-05:00
2024-11-26 08:00:00+00:00,110.453125,110.453125,110.515625,110.453125,110.5,32492.0,2024-11-26 03:00:00-05:00
2024-11-26 08:15:00+00:00,110.390625,110.390625,110.453125,110.359375,110.4375,78416.0,2024-11-26 03:15:00-05:00
2024-11-26 08:30:00+00:00,110.40625,110.40625,110.453125,110.390625,110.390625,27630.0,2024-11-26 03:30:00-05:00
2024-11-26 08:45:00+00:00,110.375,110.375,110.484375,110.375,110.421875,26804.0,2024-11-26 03:45:00-05:00
2024-11-26 09:00:00+00:00,110.359375,110.359375,110.390625,110.34375,110.390625,23044.0,2024-11-26 04:00:00-05:00
2024-11-26 09:15:00+00:00,110.34375,110.34375,110.40625,110.328125,110.359375,232950.0,2024-11-26 04:15:00-05:00
2024-11-26 09:30:00+00:00,110.3125,110.3125,110.375,110.3125,110.34375,111425.0,2024-11-26 04:30:00-05:00
2024-11-26 09:45:00+00:00,110.296875,110.296875,110.328125,110.28125,110.328125,68447.0,2024-11-26 04:45:00-05:00
2024-11-26 10:00:00+00:00,110.25,110.25,110.375,110.21875,110.3125,53382.0,2024-11-26 05:00:00-05:00
2024-11-26 10:15:00+00:00,110.171875,110.171875,110.28125,110.171875,110.25,35974.0,2024-11-26 05:15:00-05:00
2024-11-26 10:30:00+00:00,110.25,110.25,110.25,110.171875,110.171875,44790.0,2024-11-26 05:30:00-05:00
2024-11-26 10:45:00+00:00,110.25,110.25,110.265625,110.203125,110.25,40716.0,2024-11-26 05:45:00-05:00
2024-11-26 11:00:00+00:00,110.1875,110.1875,110.265625,110.1875,110.265625,23686.0,2024-11-26 06:00:00-05:00
2024-11-26 11:15:00+00:00,110.203125,110.203125,110.234375,110.1875,110.1875,28829.0,2024-11-26 06:15:00-05:00
2024-11-26 11:30:00+00:00,110.21875,110.21875,110.265625,110.21875,110.21875,18847.0,2024-11-26 06:30:00-05:00
2024-11-26 11:45:00+00:00,110.234375,110.234375,110.25,110.1875,110.234375,17865.0,2024-11-26 06:45:00-05:00
2024-11-26 12:00:00+00:00,110.28125,110.28125,110.28125,110.203125,110.234375,17274.0,2024-11-26 07:00:00-05:00
2024-11-26 12:15:00+00:00,110.265625,110.265625,110.296875,110.25,110.265625,13488.0,2024-11-26 07:15:00-05:00
2024-11-26 12:30:00+00:00,110.265625,110.265625,110.3125,110.265625,110.28125,28292.0,2024-11-26 07:30:00-05:00
2024-11-26 12:45:00+00:00,110.25,110.25,110.28125,110.25,110.28125,16824.0,2024-11-26 07:45:00-05:00
2024-11-26 13:00:00+00:00,110.21875,110.21875,110.296875,110.203125,110.25,28065.0,2024-11-26 08:00:00-05:00
2024-11-26 13:15:00+00:00,110.1875,110.1875,110.234375,110.1875,110.234375,27110.0,2024-11-26 08:15:00-05:00
2024-11-26 13:30:00+00:00,110.25,110.25,110.265625,110.1875,110.203125,18433.0,2024-11-26 08:30:00-05:00
2024-11-26 13:45:00+00:00,110.234375,110.234375,110.265625,110.1875,110.265625,25516.0,2024-11-26 08:45:00-05:00
2024-11-26 14:00:00+00:00,110.234375,110.234375,110.3125,110.1875,110.234375,34543.0,2024-11-26 09:00:00-05:00
2024-11-26 14:15:00+00:00,110.234375,110.234375,110.25,110.203125,110.234375,13122.0,2024-11-26 09:15:00-05:00
2024-11-26 14:30:00+00:00,110.265625,110.265625,110.28125,110.203125,110.234375,20807.0,2024-11-26 09:30:00-05:00
2024-11-26 14:45:00+00:00,110.328125,110.328125,110.34375,110.25,110.265625,199393.0,2024-11-26 09:45:00-05:00
2024-11-26 15:00:00+00:00,110.296875,110.296875,110.34375,110.28125,110.328125,63022.0,2024-11-26 10:00:00-05:00
2024-11-26 15:15:00+00:00,110.3125,110.3125,110.328125,110.265625,110.296875,39267.0,2024-11-26 10:15:00-05:00
2024-11-26 15:30:00+00:00,110.359375,110.359375,110.359375,110.296875,110.3125,18398.0,2024-11-26 10:30:00-05:00
2024-11-26 15:45:00+00:00,110.34375,110.34375,110.375,110.296875,110.359375,36425.0,2024-11-26 10:45:00-05:00
2024-11-26 16:00:00+00:00,110.359375,110.359375,110.375,110.3125,110.359375,38163.0,2024-11-26 11:00:00-05:00
2024-11-26 16:15:00+00:00,110.390625,110.390625,110.390625,110.375,110.375,8043.0,2024-11-26 11:15:00-05:00
2024-11-26 16:30:00+00:00,110.375,110.375,110.390625,110.359375,110.375,8919.0,2024-11-26 11:30:00-05:00
2024-11-26 16:45:00+00:00,110.3125,110.3125,110.375,110.296875,110.359375,6619.0,2024-11-26 11:45:00-05:00
2024-11-26 18:00:00+00:00,110.3125,110.3125,110.328125,110.3125,110.328125,41.0,2024-11-26 13:00:00-05:00
2024-11-26 18:15:00+00:00,110.28125,110.28125,110.3125,110.28125,110.296875,1235.0,2024-11-26 13:15:00-05:00
2024-11-26 18:30:00+00:00,110.296875,110.296875,110.3125,110.28125,110.296875,568.0,2024-11-26 13:30:00-05:00
2024-11-26 18:45:00+00:00,110.296875,110.296875,110.296875,110.28125,110.296875,1614.0,2024-11-26 13:45:00-05:00
2024-11-26 19:00:00+00:00,110.328125,110.328125,110.34375,110.296875,110.296875,1343.0,2024-11-26 14:00:00-05:00
2024-11-26 19:15:00+00:00,110.328125,110.328125,110.34375,110.296875,110.328125,3862.0,2024-11-26 14:15:00-05:00
2024-11-26 19:30:00+00:00,110.328125,110.328125,110.34375,110.3125,110.328125,2423.0,2024-11-26 14:30:00-05:00
2024-11-26 19:45:00+00:00,110.34375,110.34375,110.34375,110.328125,110.328125,949.0,2024-11-26 14:45:00-05:00
2024-11-26 20:00:00+00:00,110.296875,110.296875,110.34375,110.296875,110.34375,3694.0,2024-11-26 15:00:00-05:00
2024-11-26 20:15:00+00:00,110.296875,110.296875,110.34375,110.296875,110.296875,4879.0,2024-11-26 15:15:00-05:00
2024-11-26 20:30:00+00:00,110.328125,110.328125,110.328125,110.296875,110.296875,680.0,2024-11-26 15:30:00-05:00
2024-11-26 20:45:00+00:00,110.359375,110.359375,110.359375,110.328125,110.34375,674.0,2024-11-26 15:45:00-05:00
2024-11-26 21:00:00+00:00,110.359375,110.359375,110.375,110.359375,110.359375,1661.0,2024-11-26 16:00:00-05:00
2024-11-26 21:15:00+00:00,110.34375,110.34375,110.359375,110.34375,110.359375,1219.0,2024-11-26 16:15:00-05:00
2024-11-26 21:30:00+00:00,110.359375,110.359375,110.375,110.34375,110.359375,2560.0,2024-11-26 16:30:00-05:00
2024-11-26 21:45:00+00:00,110.375,110.375,110.375,110.359375,110.359375,1129.0,2024-11-26 16:45:00-05:00
2024-11-26 22:00:00+00:00,110.375,110.375,110.375,110.359375,110.359375,1556.0,2024-11-26 17:00:00-05:00
2024-11-26 22:15:00+00:00,110.375,110.375,110.375,110.375,110.375,1092.0,2024-11-26 17:15:00-05:00
2024-11-26 22:30:00+00:00,110.375,110.375,110.40625,110.375,110.390625,1894.0,2024-11-26 17:30:00-05:00
2024-11-26 22:45:00+00:00,110.390625,110.390625,110.390625,110.359375,110.375,1167.0,2024-11-26 17:45:00-05:00
2024-11-26 23:00:00+00:00,110.390625,110.390625,110.390625,110.375,110.375,1129.0,2024-11-26 18:00:00-05:00
2024-11-26 23:15:00+00:00,110.390625,110.390625,110.40625,110.390625,110.390625,414.0,2024-11-26 18:15:00-05:00
2024-11-26 23:30:00+00:00,110.390625,110.390625,110.390625,110.375,110.390625,697.0,2024-11-26 18:30:00-05:00
2024-11-26 23:45:00+00:00,110.375,110.375,110.375,110.375,110.375,4.0,2024-11-26 18:45:00-05:00
2024-11-27 00:00:00+00:00,110.40625,110.40625,110.40625,110.390625,110.390625,2175.0,2024-11-26 19:00:00-05:00
2024-11-27 00:15:00+00:00,110.40625,110.40625,110.421875,110.390625,110.421875,217.0,2024-11-26 19:15:00-05:00
2024-11-27 00:30:00+00:00,110.390625,110.390625,110.40625,110.390625,110.40625,2954.0,2024-11-26 19:30:00-05:00
2024-11-27 00:45:00+00:00,110.40625,110.40625,110.40625,110.390625,110.40625,446.0,2024-11-26 19:45:00-05:00
2024-11-27 01:00:00+00:00,110.40625,110.40625,110.421875,110.40625,110.40625,808.0,2024-11-26 20:00:00-05:00
2024-11-27 01:15:00+00:00,110.453125,110.453125,110.453125,110.421875,110.421875,671.0,2024-11-26 20:15:00-05:00
2024-11-27 01:30:00+00:00,110.453125,110.453125,110.46875,110.453125,110.46875,1502.0,2024-11-26 20:30:00-05:00
2024-11-27 01:45:00+00:00,110.453125,110.453125,110.484375,110.453125,110.46875,971.0,2024-11-26 20:45:00-05:00
2024-11-27 02:00:00+00:00,110.46875,110.46875,110.484375,110.453125,110.46875,1116.0,2024-11-26 21:00:00-05:00
2024-11-27 02:15:00+00:00,110.46875,110.46875,110.484375,110.4375,110.46875,3756.0,2024-11-26 21:15:00-05:00
2024-11-27 02:30:00+00:00,110.546875,110.546875,110.546875,110.484375,110.484375,3766.0,2024-11-26 21:30:00-05:00
2024-11-27 02:45:00+00:00,110.546875,110.546875,110.546875,110.515625,110.546875,3127.0,2024-11-26 21:45:00-05:00
2024-11-27 03:00:00+00:00,110.625,110.625,110.625,110.5625,110.5625,12237.0,2024-11-26 22:00:00-05:00
2024-11-27 03:15:00+00:00,110.578125,110.578125,110.640625,110.5625,110.640625,17152.0,2024-11-26 22:15:00-05:00
2024-11-27 03:30:00+00:00,110.5625,110.5625,110.609375,110.53125,110.578125,6346.0,2024-11-26 22:30:00-05:00
2024-11-27 03:45:00+00:00,110.5,110.5,110.59375,110.5,110.5625,19280.0,2024-11-26 22:45:00-05:00
2024-11-27 04:00:00+00:00,110.71875,110.71875,110.71875,110.484375,110.5,151962.0,2024-11-26 23:00:00-05:00
2024-11-27 04:15:00+00:00,110.75,110.75,110.765625,110.53125,110.71875,155557.0,2024-11-26 23:15:00-05:00
2024-11-27 04:30:00+00:00,110.75,110.75,110.78125,110.53125,110.75,12199.0,2024-11-26 23:30:00-05:00
2024-11-27 04:45:00+00:00,110.796875,110.796875,110.8125,110.578125,110.765625,168188.0,2024-11-26 23:45:00-05:00
2024-11-27 05:00:00+00:00,110.765625,110.765625,110.84375,110.59375,110.625,177854.0,2024-11-27 00:00:00-05:00
2024-11-27 05:15:00+00:00,110.78125,110.78125,110.828125,110.59375,110.78125,15820.0,2024-11-27 00:15:00-05:00
2024-11-27 05:30:00+00:00,110.796875,110.796875,110.8125,110.578125,110.78125,9383.0,2024-11-27 00:30:00-05:00
2024-11-27 05:45:00+00:00,110.796875,110.796875,110.8125,110.59375,110.796875,197075.0,2024-11-27 00:45:00-05:00
2024-11-27 06:00:00+00:00,110.796875,110.796875,110.8125,110.609375,110.8125,2356.0,2024-11-27 01:00:00-05:00
2024-11-27 06:15:00+00:00,110.578125,110.578125,110.78125,110.5625,110.76599884033205,10781.0,2024-11-27 01:15:00-05:00
2024-11-27 06:30:00+00:00,110.75,110.75,110.78125,110.5625,110.734375,434277.0,2024-11-27 01:30:00-05:00
2024-11-27 06:45:00+00:00,110.734375,110.734375,110.78125,110.546875,110.75,231851.0,2024-11-27 01:45:00-05:00
2024-11-27 07:00:00+00:00,110.78125,110.78125,110.796875,110.546875,110.71875,13616.0,2024-11-27 02:00:00-05:00
2024-11-27 07:15:00+00:00,110.828125,110.828125,110.84375,110.59375,110.765625,12419.0,2024-11-27 02:15:00-05:00
2024-11-27 07:30:00+00:00,110.84375,110.84375,110.859375,110.625,110.640625,32776.0,2024-11-27 02:30:00-05:00
2024-11-27 07:45:00+00:00,110.84375,110.84375,110.875,110.65625,110.84375,18078.0,2024-11-27 02:45:00-05:00
2024-11-27 08:00:00+00:00,110.703125,110.703125,110.890625,110.625,110.84375,22679.0,2024-11-27 03:00:00-05:00
2024-11-27 08:15:00+00:00,110.875,110.875,110.90625,110.671875,110.703125,668004.0,2024-11-27 03:15:00-05:00
2024-11-27 08:30:00+00:00,110.703125,110.703125,110.9375,110.65625,110.859375,56493.0,2024-11-27 03:30:00-05:00
2024-11-27 08:45:00+00:00,110.65625,110.65625,110.921875,110.640625,110.875,421529.0,2024-11-27 03:45:00-05:00
2024-11-27 09:00:00+00:00,110.703125,110.703125,110.890625,110.625,110.65625,479842.0,2024-11-27 04:00:00-05:00
2024-11-27 09:15:00+00:00,110.921875,110.921875,110.921875,110.671875,110.703125,32227.0,2024-11-27 04:15:00-05:00
2024-11-27 09:30:00+00:00,110.6875,110.6875,110.921875,110.65625,110.90625,26445.0,2024-11-27 04:30:00-05:00
2024-11-27 09:45:00+00:00,110.875,110.875,110.96875,110.640625,110.875,69211.0,2024-11-27 04:45:00-05:00
2024-11-27 10:00:00+00:00,110.75,110.75,110.875,110.5625,110.859375,70403.0,2024-11-27 05:00:00-05:00
2024-11-27 10:15:00+00:00,110.578125,110.578125,110.78125,110.53125,110.75,31933.0,2024-11-27 05:15:00-05:00
2024-11-27 10:30:00+00:00,110.609375,110.609375,110.8125,110.5625,110.765625,691417.0,2024-11-27 05:30:00-05:00
2024-11-27 10:45:00+00:00,110.65625,110.65625,110.859375,110.59375,110.796875,723116.0,2024-11-27 05:45:00-05:00
2024-11-27 11:00:00+00:00,110.59375,110.59375,110.859375,110.578125,110.640625,9063.0,2024-11-27 06:00:00-05:00
2024-11-27 11:15:00+00:00,110.765625,110.765625,110.8125,110.578125,110.59375,788079.0,2024-11-27 06:15:00-05:00
2024-11-27 11:30:00+00:00,110.96875,110.96875,110.96875,110.59375,110.765625,89362.0,2024-11-27 06:30:00-05:00
2024-11-27 11:45:00+00:00,110.9375,110.9375,111.0,110.71875,110.96875,43492.0,2024-11-27 06:45:00-05:00
2024-11-27 12:00:00+00:00,110.921875,110.921875,110.953125,110.703125,110.734375,909629.0,2024-11-27 07:00:00-05:00
2024-11-27 12:15:00+00:00,110.953125,110.953125,110.96875,110.75,110.9375,17123.0,2024-11-27 07:15:00-05:00
2024-11-27 12:30:00+00:00,110.78125,110.78125,110.96875,110.765625,110.953125,21145.0,2024-11-27 07:30:00-05:00
2024-11-27 12:45:00+00:00,110.96875,110.96875,111.0,110.765625,110.96875,960135.0,2024-11-27 07:45:00-05:00
2024-11-27 13:00:00+00:00,110.984375,110.984375,111.015625,110.78125,110.96875,984358.0,2024-11-27 08:00:00-05:00
2024-11-27 13:15:00+00:00,111.0,111.0,111.03125,110.796875,110.984375,32533.0,2024-11-27 08:15:00-05:00
2024-11-27 13:30:00+00:00,110.984375,110.984375,111.0,110.78125,110.8125,22304.0,2024-11-27 08:30:00-05:00
2024-11-27 13:45:00+00:00,110.96875,110.96875,111.0,110.765625,110.984375,18585.0,2024-11-27 08:45:00-05:00
2024-11-27 14:00:00+00:00,110.984375,110.984375,110.984375,110.78125,110.96875,1052866.0,2024-11-27 09:00:00-05:00
2024-11-27 14:15:00+00:00,110.9375,110.9375,111.0,110.734375,110.96875,1083550.0,2024-11-27 09:15:00-05:00
2024-11-27 14:30:00+00:00,110.75,110.75,110.953125,110.71875,110.9375,18898.0,2024-11-27 09:30:00-05:00
2024-11-27 14:45:00+00:00,110.921875,110.921875,110.9375,110.71875,110.75,1163501.0,2024-11-27 09:45:00-05:00
2024-11-27 15:00:00+00:00,110.703125,110.703125,110.921875,110.671875,110.90625,55178.0,2024-11-27 10:00:00-05:00
2024-11-27 15:15:00+00:00,110.859375,110.859375,110.875,110.65625,110.875,2351330.0,2024-11-27 10:15:00-05:00
2024-11-27 15:30:00+00:00,110.796875,110.796875,110.84375,110.625,110.84375,19691.0,2024-11-27 10:30:00-05:00
2024-11-27 15:45:00+00:00,110.890625,110.890625,110.890625,110.625,110.8125,1239023.0,2024-11-27 10:45:00-05:00
2024-11-27 16:00:00+00:00,110.859375,110.859375,110.890625,110.671875,110.875,37713.0,2024-11-27 11:00:00-05:00
2024-11-27 16:15:00+00:00,110.875,110.875,110.875,110.671875,110.859375,8368.0,2024-11-27 11:15:00-05:00
2024-11-27 16:30:00+00:00,110.796875,110.796875,110.875,110.609375,110.875,1282442.0,2024-11-27 11:30:00-05:00
2024-11-27 16:45:00+00:00,110.765625,110.765625,110.796875,110.59375,110.796875,10941.0,2024-11-27 11:45:00-05:00
2024-11-27 18:00:00+00:00,110.75,110.75,110.78125,110.578125,110.78125,943.0,2024-11-27 13:00:00-05:00
2024-11-27 18:15:00+00:00,110.765625,110.765625,110.765625,110.59375,110.75,892.0,2024-11-27 13:15:00-05:00
2024-11-27 18:30:00+00:00,110.765625,110.765625,110.78125,110.59375,110.765625,621.0,2024-11-27 13:30:00-05:00
2024-11-27 18:45:00+00:00,110.734375,110.734375,110.765625,110.59375,110.75,1022.0,2024-11-27 13:45:00-05:00
2024-11-27 19:00:00+00:00,110.734375,110.734375,110.75,110.5625,110.75,1335.0,2024-11-27 14:00:00-05:00
2024-11-27 19:15:00+00:00,110.75,110.75,110.765625,110.578125,110.734375,1661.0,2024-11-27 14:15:00-05:00
2024-11-27 19:30:00+00:00,110.765625,110.765625,110.78125,110.59375,110.765625,973.0,2024-11-27 14:30:00-05:00
2024-11-27 19:45:00+00:00,110.75,110.75,110.765625,110.59375,110.609375,210.0,2024-11-27 14:45:00-05:00
2024-11-27 20:00:00+00:00,110.75,110.75,110.765625,110.59375,110.75,2023.0,2024-11-27 15:00:00-05:00
2024-11-27 20:15:00+00:00,110.78125,110.78125,110.796875,110.59375,110.765625,10743.0,2024-11-27 15:15:00-05:00
2024-11-27 20:30:00+00:00,110.796875,110.796875,110.8125,110.625,110.78125,13829.0,2024-11-27 15:30:00-05:00
2024-11-27 20:45:00+00:00,110.8125,110.8125,110.828125,110.640625,110.796875,1478.0,2024-11-27 15:45:00-05:00
2024-11-27 21:00:00+00:00,110.796875,110.796875,110.828125,110.640625,110.8125,1529.0,2024-11-27 16:00:00-05:00
2024-11-27 21:15:00+00:00,110.8125,110.8125,110.828125,110.65625,110.796875,806.0,2024-11-27 16:15:00-05:00
2024-11-27 21:30:00+00:00,110.796875,110.796875,110.8125,110.640625,110.8125,17346.0,2024-11-27 16:30:00-05:00
2024-11-27 21:45:00+00:00,110.640625,110.640625,110.8125,110.640625,110.796875,92.0,2024-11-27 16:45:00-05:00
2024-11-27 22:00:00+00:00,110.8125,110.8125,110.8125,110.640625,110.796875,17495.0,2024-11-27 17:00:00-05:00
2024-11-27 22:15:00+00:00,110.8125,110.8125,110.8125,110.796875,110.796875,3.0,2024-11-27 17:15:00-05:00
2024-11-27 22:30:00+00:00,110.8125,110.8125,110.828125,110.640625,110.8125,1703.0,2024-11-27 17:30:00-05:00
2024-11-27 22:45:00+00:00,110.671875,110.671875,110.828125,110.65625,110.8125,318.0,2024-11-27 17:45:00-05:00
2024-11-27 23:00:00+00:00,110.65625,110.65625,110.828125,110.65625,110.828125,8.0,2024-11-27 18:00:00-05:00
2024-11-27 23:15:00+00:00,110.640625,110.640625,110.8125,110.640625,110.8125,21538.0,2024-11-27 18:15:00-05:00
2024-11-27 23:30:00+00:00,110.796875,110.796875,110.8125,110.640625,110.796875,24165.0,2024-11-27 18:30:00-05:00
2024-11-27 23:45:00+00:00,110.8125,110.8125,110.8125,110.78125,110.796875,308.0,2024-11-27 18:45:00-05:00
2024-11-29 09:30:00+00:00,111.1875,111.1875,111.21875,111.015625,111.1875,29114.0,2024-11-29 04:30:00-05:00
2024-11-29 09:45:00+00:00,111.203125,111.203125,111.21875,111.03125,111.203125,19834.0,2024-11-29 04:45:00-05:00
2024-11-29 10:00:00+00:00,111.140625,111.140625,111.21875,111.0,111.203125,31767.0,2024-11-29 05:00:00-05:00
2024-11-29 10:15:00+00:00,111.0625,111.0625,111.171875,110.9375,111.140625,58731.0,2024-11-29 05:15:00-05:00
2024-11-29 10:30:00+00:00,111.109375,111.109375,111.140625,110.90625,111.078125,36340.0,2024-11-29 05:30:00-05:00
2024-11-29 10:45:00+00:00,111.140625,111.140625,111.140625,110.890625,111.109375,34338.0,2024-11-29 05:45:00-05:00
2024-11-29 11:00:00+00:00,111.109375,111.109375,111.140625,110.90625,111.125,40152.0,2024-11-29 06:00:00-05:00
2024-11-29 11:15:00+00:00,111.109375,111.109375,111.125,110.90625,111.09375,25910.0,2024-11-29 06:15:00-05:00
2024-11-29 11:30:00+00:00,110.984375,110.984375,111.171875,110.953125,111.109375,9675.0,2024-11-29 06:30:00-05:00
2024-11-29 11:45:00+00:00,111.125,111.125,111.15625,110.9375,111.15625,1048633.0,2024-11-29 06:45:00-05:00
2024-11-29 12:00:00+00:00,111.140625,111.140625,111.171875,110.9375,111.125,38592.0,2024-11-29 07:00:00-05:00
2024-11-29 12:15:00+00:00,111.140625,111.140625,111.171875,110.9375,111.140625,32702.0,2024-11-29 07:15:00-05:00
2024-11-29 12:30:00+00:00,111.1875,111.1875,111.203125,110.953125,110.96875,40992.0,2024-11-29 07:30:00-05:00
2024-11-29 12:45:00+00:00,111.1875,111.1875,111.25,110.984375,111.1875,238486.0,2024-11-29 07:45:00-05:00
2024-12-01 18:00:00+00:00,111.09375,111.09375,111.203125,110.921875,111.171875,13160.0,2024-12-01 13:00:00-05:00
2024-12-01 18:15:00+00:00,111.078125,111.078125,111.109375,110.921875,111.09375,2857.0,2024-12-01 13:15:00-05:00
2024-12-01 18:30:00+00:00,111.09375,111.09375,111.09375,110.890625,111.09375,5140.0,2024-12-01 13:30:00-05:00
2024-12-01 18:45:00+00:00,111.109375,111.109375,111.109375,110.90625,111.09375,5390.0,2024-12-01 13:45:00-05:00
2024-12-01 19:00:00+00:00,111.0625,111.0625,111.109375,110.890625,111.09375,6940.0,2024-12-01 14:00:00-05:00
2024-12-01 19:15:00+00:00,111.0625,111.0625,111.078125,110.890625,110.90625,6726.0,2024-12-01 14:15:00-05:00
2024-12-01 19:30:00+00:00,111.0625,111.0625,111.09375,110.890625,111.0625,49292.0,2024-12-01 14:30:00-05:00
2024-12-01 19:45:00+00:00,111.0625,111.0625,111.078125,110.90625,111.078125,1963.0,2024-12-01 14:45:00-05:00
2024-12-01 20:00:00+00:00,111.015625,111.015625,111.078125,110.859375,111.078125,63213.0,2024-12-01 15:00:00-05:00
2024-12-01 20:15:00+00:00,111.03125,111.03125,111.046875,110.859375,111.03125,6220.0,2024-12-01 15:15:00-05:00
2024-12-01 20:30:00+00:00,111.046875,111.046875,111.0625,110.890625,111.046875,2202.0,2024-12-01 15:30:00-05:00
2024-12-01 20:45:00+00:00,111.015625,111.015625,111.046875,110.875,111.03125,69722.0,2024-12-01 15:45:00-05:00
2024-12-01 21:00:00+00:00,111.015625,111.015625,111.046875,110.84375,111.015625,2426.0,2024-12-01 16:00:00-05:00
2024-12-01 21:15:00+00:00,111.015625,111.015625,111.03125,111.0,111.015625,4676.0,2024-12-01 16:15:00-05:00
2024-12-01 21:30:00+00:00,111.03125,111.03125,111.046875,110.875,111.015625,2416.0,2024-12-01 16:30:00-05:00
2024-12-01 21:45:00+00:00,111.03125,111.03125,111.0625,110.875,111.046875,2311.0,2024-12-01 16:45:00-05:00
2024-12-01 22:00:00+00:00,111.03125,111.03125,111.046875,111.03125,111.046875,2573.0,2024-12-01 17:00:00-05:00
2024-12-01 22:15:00+00:00,111.046875,111.046875,111.046875,111.015625,111.046875,1738.0,2024-12-01 17:15:00-05:00
2024-12-01 22:30:00+00:00,111.0625,111.0625,111.0625,110.890625,111.03125,89773.0,2024-12-01 17:30:00-05:00
2024-12-01 22:45:00+00:00,111.09375,111.09375,111.09375,111.046875,111.046875,3754.0,2024-12-01 17:45:00-05:00
2024-12-01 23:00:00+00:00,111.078125,111.078125,111.078125,110.90625,111.078125,3300.0,2024-12-01 18:00:00-05:00
2024-12-01 23:15:00+00:00,111.0625,111.0625,111.078125,110.90625,111.078125,2704.0,2024-12-01 18:15:00-05:00
2024-12-01 23:30:00+00:00,111.015625,111.015625,111.0625,110.859375,111.046875,3578.0,2024-12-01 18:30:00-05:00
2024-12-01 23:45:00+00:00,111.046875,111.046875,111.046875,111.015625,111.015625,4386.0,2024-12-01 18:45:00-05:00
2024-12-02 00:00:00+00:00,111.0625,111.0625,111.0625,110.875,111.046875,4848.0,2024-12-01 19:00:00-05:00
2024-12-02 00:15:00+00:00,111.03125,111.03125,111.046875,110.859375,111.046875,4875.0,2024-12-01 19:15:00-05:00
2024-12-02 00:30:00+00:00,111.015625,111.015625,111.03125,110.84375,111.03125,1517.0,2024-12-01 19:30:00-05:00
2024-12-02 00:45:00+00:00,111.015625,111.015625,111.015625,110.828125,111.015625,5020.0,2024-12-01 19:45:00-05:00
2024-12-02 01:00:00+00:00,111.015625,111.015625,111.03125,110.84375,111.015625,2319.0,2024-12-01 20:00:00-05:00
2024-12-02 01:15:00+00:00,111.015625,111.015625,111.015625,111.0,111.015625,1141.0,2024-12-01 20:15:00-05:00
2024-12-02 01:30:00+00:00,110.984375,110.984375,111.015625,110.828125,111.015625,2399.0,2024-12-01 20:30:00-05:00
2024-12-02 01:45:00+00:00,111.0,111.0,111.015625,111.0,111.0,2377.0,2024-12-01 20:45:00-05:00
2024-12-02 02:00:00+00:00,111.03125,111.03125,111.03125,110.859375,111.0,6074.0,2024-12-01 21:00:00-05:00
2024-12-02 02:15:00+00:00,111.078125,111.078125,111.078125,110.875,111.046875,6752.0,2024-12-01 21:15:00-05:00
2024-12-02 02:30:00+00:00,111.125,111.125,111.140625,110.9375,111.078125,9094.0,2024-12-01 21:30:00-05:00
2024-12-02 02:45:00+00:00,111.0625,111.0625,111.140625,110.921875,111.125,162743.0,2024-12-01 21:45:00-05:00
2024-12-02 03:00:00+00:00,111.078125,111.078125,111.109375,110.890625,111.078125,14587.0,2024-12-01 22:00:00-05:00
2024-12-02 03:15:00+00:00,111.0625,111.0625,111.125,110.890625,111.09375,10289.0,2024-12-01 22:15:00-05:00
2024-12-02 03:30:00+00:00,111.09375,111.09375,111.109375,110.890625,111.0625,6810.0,2024-12-01 22:30:00-05:00
2024-12-02 03:45:00+00:00,111.140625,111.140625,111.140625,110.9375,111.09375,8404.0,2024-12-01 22:45:00-05:00
2024-12-02 04:00:00+00:00,111.171875,111.171875,111.171875,110.96875,111.140625,7076.0,2024-12-01 23:00:00-05:00
2024-12-02 04:15:00+00:00,111.125,111.125,111.15625,110.96875,111.15599822998048,12939.0,2024-12-01 23:15:00-05:00
2024-12-02 04:30:00+00:00,111.078125,111.078125,111.140625,110.921875,111.140625,7047.0,2024-12-01 23:30:00-05:00
2024-12-02 04:45:00+00:00,111.03125,111.03125,111.078125,110.859375,111.078125,13006.0,2024-12-01 23:45:00-05:00
2024-12-02 05:00:00+00:00,111.078125,111.078125,111.078125,110.84375,111.03125,249025.0,2024-12-02 00:00:00-05:00
2024-12-02 05:15:00+00:00,111.03125,111.03125,111.078125,110.875,111.078125,11135.0,2024-12-02 00:15:00-05:00
2024-12-02 05:30:00+00:00,111.015625,111.015625,111.03125,110.84375,111.03125,7474.0,2024-12-02 00:30:00-05:00
2024-12-02 05:45:00+00:00,111.03125,111.03125,111.046875,110.84375,111.015625,5681.0,2024-12-02 00:45:00-05:00
2024-12-02 06:00:00+00:00,111.046875,111.046875,111.046875,111.015625,111.015625,1556.0,2024-12-02 01:00:00-05:00
2024-12-02 06:15:00+00:00,111.03125,111.03125,111.046875,110.859375,111.03099822998048,9523.0,2024-12-02 01:15:00-05:00
2024-12-02 06:30:00+00:00,111.09375,111.09375,111.09375,110.859375,111.03125,8948.0,2024-12-02 01:30:00-05:00
2024-12-02 06:45:00+00:00,111.078125,111.078125,111.09375,110.90625,110.90625,12854.0,2024-12-02 01:45:00-05:00
2024-12-02 07:00:00+00:00,111.046875,111.046875,111.109375,110.890625,111.0625,13030.0,2024-12-02 02:00:00-05:00
2024-12-02 07:15:00+00:00,111.0625,111.0625,111.09375,110.90625,111.0625,6566.0,2024-12-02 02:15:00-05:00
2024-12-02 07:30:00+00:00,111.15625,111.15625,111.171875,110.921875,111.0625,25811.0,2024-12-02 02:30:00-05:00
2024-12-02 07:45:00+00:00,111.078125,111.078125,111.15625,110.921875,111.140625,9121.0,2024-12-02 02:45:00-05:00
2024-12-02 08:00:00+00:00,111.0625,111.0625,111.09375,110.875,110.90625,27109.0,2024-12-02 03:00:00-05:00
2024-12-02 08:15:00+00:00,110.953125,110.953125,111.078125,110.8125,111.0625,32450.0,2024-12-02 03:15:00-05:00
2024-12-02 08:30:00+00:00,110.859375,110.859375,110.953125,110.65625,110.953125,85682.0,2024-12-02 03:30:00-05:00
2024-12-02 08:45:00+00:00,110.875,110.875,110.921875,110.703125,110.875,30162.0,2024-12-02 03:45:00-05:00
2024-12-02 09:00:00+00:00,110.953125,110.953125,110.953125,110.6875,110.890625,41214.0,2024-12-02 04:00:00-05:00
2024-12-02 09:15:00+00:00,110.890625,110.890625,110.96875,110.703125,110.953125,40689.0,2024-12-02 04:15:00-05:00
2024-12-02 09:30:00+00:00,110.875,110.875,110.921875,110.65625,110.890625,38807.0,2024-12-02 04:30:00-05:00
2024-12-02 09:45:00+00:00,110.84375,110.84375,110.875,110.640625,110.859375,41639.0,2024-12-02 04:45:00-05:00
2024-12-02 10:00:00+00:00,110.859375,110.859375,110.90625,110.578125,110.84375,95671.0,2024-12-02 05:00:00-05:00
2024-12-02 10:15:00+00:00,110.84375,110.84375,110.921875,110.6875,110.859375,35650.0,2024-12-02 05:15:00-05:00
2024-12-02 10:30:00+00:00,110.9375,110.9375,110.953125,110.703125,110.859375,32888.0,2024-12-02 05:30:00-05:00
2024-12-02 10:45:00+00:00,111.0,111.0,111.03125,110.734375,110.921875,905963.0,2024-12-02 05:45:00-05:00
2024-12-02 11:00:00+00:00,111.078125,111.078125,111.078125,110.828125,111.015625,50711.0,2024-12-02 06:00:00-05:00
2024-12-02 11:15:00+00:00,111.234375,111.234375,111.25,110.90625,111.078125,93652.0,2024-12-02 06:15:00-05:00
2024-12-02 11:30:00+00:00,111.203125,111.203125,111.28125,111.03125,111.234375,67042.0,2024-12-02 06:30:00-05:00
2024-12-02 11:45:00+00:00,111.203125,111.203125,111.25,111.015625,111.203125,30984.0,2024-12-02 06:45:00-05:00
2024-12-02 12:00:00+00:00,111.171875,111.171875,111.234375,111.0,111.203125,31573.0,2024-12-02 07:00:00-05:00
2024-12-02 12:15:00+00:00,111.1875,111.1875,111.21875,111.0,111.171875,24909.0,2024-12-02 07:15:00-05:00
2024-12-02 12:30:00+00:00,111.125,111.125,111.21875,110.96875,111.203125,31956.0,2024-12-02 07:30:00-05:00
2024-12-02 12:45:00+00:00,111.125,111.125,111.140625,110.953125,111.140625,21094.0,2024-12-02 07:45:00-05:00
2024-12-02 13:00:00+00:00,111.09375,111.09375,111.15625,110.921875,111.109375,27274.0,2024-12-02 08:00:00-05:00
2024-12-02 13:15:00+00:00,111.109375,111.109375,111.140625,110.921875,111.109375,28587.0,2024-12-02 08:15:00-05:00
2024-12-02 13:30:00+00:00,111.140625,111.140625,111.15625,110.96875,111.109375,1304133.0,2024-12-02 08:30:00-05:00
2024-12-02 13:45:00+00:00,111.140625,111.140625,111.171875,110.984375,111.15625,15832.0,2024-12-02 08:45:00-05:00
2024-12-02 14:00:00+00:00,111.125,111.125,111.15625,110.9375,111.15625,17948.0,2024-12-02 09:00:00-05:00
2024-12-02 14:15:00+00:00,111.125,111.125,111.15625,110.953125,111.109375,28549.0,2024-12-02 09:15:00-05:00
2024-12-02 14:30:00+00:00,111.125,111.125,111.140625,110.953125,111.125,10235.0,2024-12-02 09:30:00-05:00
2024-12-02 14:45:00+00:00,111.109375,111.109375,111.171875,110.9375,111.125,54231.0,2024-12-02 09:45:00-05:00
2024-12-02 15:00:00+00:00,111.09375,111.09375,111.125,110.921875,111.125,28061.0,2024-12-02 10:00:00-05:00
2024-12-02 15:15:00+00:00,111.1875,111.1875,111.21875,110.9375,111.078125,101261.0,2024-12-02 10:15:00-05:00
2024-12-02 15:30:00+00:00,111.1875,111.1875,111.21875,111.015625,111.1875,31446.0,2024-12-02 10:30:00-05:00
2024-12-02 15:45:00+00:00,111.15625,111.15625,111.21875,110.96875,111.1875,46135.0,2024-12-02 10:45:00-05:00
2024-12-02 16:00:00+00:00,111.140625,111.140625,111.171875,110.9375,111.15625,28153.0,2024-12-02 11:00:00-05:00
2024-12-02 16:15:00+00:00,111.140625,111.140625,111.15625,110.953125,111.140625,17043.0,2024-12-02 11:15:00-05:00
2024-12-02 16:30:00+00:00,111.109375,111.109375,111.140625,110.9375,111.140625,12577.0,2024-12-02 11:30:00-05:00
2024-12-02 16:45:00+00:00,111.140625,111.140625,111.140625,110.953125,111.125,7892.0,2024-12-02 11:45:00-05:00
2024-12-02 18:00:00+00:00,111.171875,111.171875,111.171875,111.03125,111.140625,3460.0,2024-12-02 13:00:00-05:00
2024-12-02 18:15:00+00:00,111.125,111.125,111.171875,110.96875,111.171875,4377.0,2024-12-02 13:15:00-05:00
2024-12-02 18:30:00+00:00,111.125,111.125,111.140625,111.109375,111.125,2413.0,2024-12-02 13:30:00-05:00
2024-12-02 18:45:00+00:00,111.125,111.125,111.140625,111.125,111.140625,2135.0,2024-12-02 13:45:00-05:00
2024-12-02 19:00:00+00:00,111.109375,111.109375,111.140625,110.953125,111.125,3078.0,2024-12-02 14:00:00-05:00
2024-12-02 19:15:00+00:00,111.09375,111.09375,111.109375,110.9375,111.109375,17792.0,2024-12-02 14:15:00-05:00
2024-12-02 19:30:00+00:00,111.09375,111.09375,111.125,110.953125,111.09375,4568.0,2024-12-02 14:30:00-05:00
2024-12-02 19:45:00+00:00,110.9375,110.9375,111.109375,110.9375,111.09375,2616.0,2024-12-02 14:45:00-05:00
2024-12-02 20:00:00+00:00,110.96875,110.96875,111.140625,110.96875,111.078125,26693.0,2024-12-02 15:00:00-05:00
2024-12-02 20:15:00+00:00,111.125,111.125,111.140625,110.953125,111.125,30889.0,2024-12-02 15:15:00-05:00
2024-12-02 20:30:00+00:00,111.171875,111.171875,111.1875,110.984375,111.140625,4183.0,2024-12-02 15:30:00-05:00
2024-12-02 20:45:00+00:00,111.171875,111.171875,111.1875,111.15625,111.171875,1265.0,2024-12-02 15:45:00-05:00
2024-12-02 21:00:00+00:00,111.15625,111.15625,111.171875,110.96875,111.171875,40743.0,2024-12-02 16:00:00-05:00
2024-12-02 21:15:00+00:00,111.140625,111.140625,111.15625,110.984375,111.15625,1046.0,2024-12-02 16:15:00-05:00
2024-12-02 21:30:00+00:00,111.140625,111.140625,111.15625,111.125,111.140625,425.0,2024-12-02 16:30:00-05:00
2024-12-02 21:45:00+00:00,111.15625,111.15625,111.15625,110.984375,111.140625,837.0,2024-12-02 16:45:00-05:00
2024-12-02 22:00:00+00:00,111.125,111.125,111.15625,110.984375,111.15625,1953.0,2024-12-02 17:00:00-05:00
2024-12-02 22:15:00+00:00,111.09375,111.09375,111.125,110.953125,111.125,3701.0,2024-12-02 17:15:00-05:00
2024-12-02 22:30:00+00:00,111.09375,111.09375,111.109375,110.9375,111.09375,4589.0,2024-12-02 17:30:00-05:00
2024-12-02 22:45:00+00:00,111.078125,111.078125,111.109375,110.9375,111.09375,4129.0,2024-12-02 17:45:00-05:00
2024-12-02 23:00:00+00:00,111.078125,111.078125,111.09375,110.921875,111.09375,2715.0,2024-12-02 18:00:00-05:00
2024-12-02 23:15:00+00:00,111.0625,111.0625,111.078125,110.90625,111.078125,875.0,2024-12-02 18:15:00-05:00
2024-12-02 23:30:00+00:00,111.0625,111.0625,111.078125,110.90625,111.078125,3919.0,2024-12-02 18:30:00-05:00
2024-12-02 23:45:00+00:00,111.03125,111.03125,111.078125,110.875,111.0625,4524.0,2024-12-02 18:45:00-05:00
2024-12-03 00:00:00+00:00,111.03125,111.03125,111.046875,111.015625,111.03125,3319.0,2024-12-02 19:00:00-05:00
2024-12-03 00:15:00+00:00,111.03125,111.03125,111.03125,110.875,111.015625,8034.0,2024-12-02 19:15:00-05:00
2024-12-03 00:30:00+00:00,111.046875,111.046875,111.046875,111.03125,111.046875,537.0,2024-12-02 19:30:00-05:00
2024-12-03 00:45:00+00:00,111.015625,111.015625,111.03125,110.875,111.03125,843.0,2024-12-02 19:45:00-05:00
2024-12-03 01:00:00+00:00,111.015625,111.015625,111.03125,110.875,111.015625,2230.0,2024-12-02 20:00:00-05:00
2024-12-03 01:15:00+00:00,111.015625,111.015625,111.03125,111.0,111.0,904.0,2024-12-02 20:15:00-05:00
2024-12-03 01:30:00+00:00,111.03125,111.03125,111.03125,110.875,111.0,1980.0,2024-12-02 20:30:00-05:00
2024-12-03 01:45:00+00:00,111.046875,111.046875,111.046875,110.875,111.03125,2726.0,2024-12-02 20:45:00-05:00
2024-12-03 02:00:00+00:00,111.046875,111.046875,111.0625,110.890625,111.046875,3629.0,2024-12-02 21:00:00-05:00
2024-12-03 02:15:00+00:00,111.03125,111.03125,111.0625,111.03125,111.0625,2330.0,2024-12-02 21:15:00-05:00
2024-12-03 02:30:00+00:00,111.0,111.0,111.046875,110.84375,111.03125,5854.0,2024-12-02 21:30:00-05:00
2024-12-03 02:45:00+00:00,110.984375,110.984375,111.015625,110.828125,111.0,8600.0,2024-12-02 21:45:00-05:00
2024-12-03 03:00:00+00:00,110.984375,110.984375,111.015625,110.796875,110.96875,15482.0,2024-12-02 22:00:00-05:00
2024-12-03 03:15:00+00:00,111.046875,111.046875,111.046875,110.828125,111.0,11697.0,2024-12-02 22:15:00-05:00
2024-12-03 03:30:00+00:00,111.015625,111.015625,111.0625,110.875,111.03125,9152.0,2024-12-02 22:30:00-05:00
2024-12-03 03:45:00+00:00,111.015625,111.015625,111.046875,110.875,111.0,11596.0,2024-12-02 22:45:00-05:00
2024-12-03 04:00:00+00:00,111.0,111.0,111.046875,110.859375,111.015625,5357.0,2024-12-02 23:00:00-05:00
2024-12-03 04:15:00+00:00,110.96875,110.96875,111.03125,110.8125,111.0,9634.0,2024-12-02 23:15:00-05:00
2024-12-03 04:30:00+00:00,110.984375,110.984375,111.0,110.8125,110.984375,13044.0,2024-12-02 23:30:00-05:00
2024-12-03 04:45:00+00:00,111.0,111.0,111.015625,110.984375,110.984375,7683.0,2024-12-02 23:45:00-05:00
2024-12-03 05:00:00+00:00,110.984375,110.984375,111.015625,110.828125,111.0,6112.0,2024-12-03 00:00:00-05:00
2024-12-03 05:15:00+00:00,110.984375,110.984375,111.0,110.828125,111.0,6066.0,2024-12-03 00:15:00-05:00
2024-12-03 05:30:00+00:00,110.984375,110.984375,111.0,110.828125,110.984375,5487.0,2024-12-03 00:30:00-05:00
2024-12-03 05:45:00+00:00,110.984375,110.984375,111.0,110.828125,110.984375,3336.0,2024-12-03 00:45:00-05:00
2024-12-03 06:00:00+00:00,111.0,111.0,111.015625,110.84375,111.0,5135.0,2024-12-03 01:00:00-05:00
2024-12-03 06:15:00+00:00,111.046875,111.046875,111.0625,110.859375,111.0,6887.0,2024-12-03 01:15:00-05:00
2024-12-03 06:30:00+00:00,111.0625,111.0625,111.078125,110.890625,111.046875,9747.0,2024-12-03 01:30:00-05:00
2024-12-03 06:45:00+00:00,111.078125,111.078125,111.09375,110.90625,111.0625,6283.0,2024-12-03 01:45:00-05:00
2024-12-03 07:00:00+00:00,111.078125,111.078125,111.109375,110.921875,111.09375,10081.0,2024-12-03 02:00:00-05:00
2024-12-03 07:15:00+00:00,111.0,111.0,111.078125,110.859375,111.078125,15104.0,2024-12-03 02:15:00-05:00
2024-12-03 07:30:00+00:00,111.03125,111.03125,111.0625,110.859375,111.015625,9420.0,2024-12-03 02:30:00-05:00
2024-12-03 07:45:00+00:00,111.03125,111.03125,111.0625,111.015625,111.046875,6633.0,2024-12-03 02:45:00-05:00
2024-12-03 08:00:00+00:00,111.03125,111.03125,111.046875,110.859375,111.015625,20192.0,2024-12-03 03:00:00-05:00
2024-12-03 08:15:00+00:00,111.078125,111.078125,111.109375,110.90625,111.03125,25520.0,2024-12-03 03:15:00-05:00
2024-12-03 08:30:00+00:00,111.15625,111.15625,111.15625,110.90625,111.0625,35056.0,2024-12-03 03:30:00-05:00
2024-12-03 08:45:00+00:00,111.296875,111.296875,111.34375,111.0,111.15625,83820.0,2024-12-03 03:45:00-05:00
2024-12-03 09:00:00+00:00,111.234375,111.234375,111.3125,111.046875,111.296875,52438.0,2024-12-03 04:00:00-05:00
2024-12-03 09:15:00+00:00,111.25,111.25,111.265625,111.03125,111.21875,35235.0,2024-12-03 04:15:00-05:00
2024-12-03 09:30:00+00:00,111.25,111.25,111.296875,111.0625,111.265625,44186.0,2024-12-03 04:30:00-05:00
2024-12-03 09:45:00+00:00,111.25,111.25,111.28125,111.03125,111.078125,36141.0,2024-12-03 04:45:00-05:00
2024-12-03 10:00:00+00:00,111.03125,111.03125,111.25,110.859375,111.25,72031.0,2024-12-03 05:00:00-05:00
2024-12-03 10:15:00+00:00,111.125,111.125,111.203125,110.953125,111.203125,747762.0,2024-12-03 05:15:00-05:00
2024-12-03 10:30:00+00:00,111.046875,111.046875,111.171875,110.890625,111.125,53495.0,2024-12-03 05:30:00-05:00
2024-12-03 10:45:00+00:00,111.03125,111.03125,111.09375,110.875,111.046875,42419.0,2024-12-03 05:45:00-05:00
2024-12-03 11:00:00+00:00,110.8125,110.8125,111.046875,110.796875,111.046875,31776.0,2024-12-03 06:00:00-05:00
2024-12-03 11:15:00+00:00,110.96875,110.96875,110.984375,110.78125,110.96875,921139.0,2024-12-03 06:15:00-05:00
2024-12-03 11:30:00+00:00,111.078125,111.078125,111.078125,110.828125,110.96875,26067.0,2024-12-03 06:30:00-05:00
2024-12-03 11:45:00+00:00,111.046875,111.046875,111.09375,110.890625,111.078125,27048.0,2024-12-03 06:45:00-05:00
2024-12-03 12:00:00+00:00,110.84375,110.84375,111.0625,110.828125,111.046875,16161.0,2024-12-03 07:00:00-05:00
2024-12-03 12:15:00+00:00,111.03125,111.03125,111.046875,110.8125,111.015625,1021031.0,2024-12-03 07:15:00-05:00
2024-12-03 12:30:00+00:00,111.046875,111.046875,111.0625,110.875,111.03125,26614.0,2024-12-03 07:30:00-05:00
2024-12-03 12:45:00+00:00,111.078125,111.078125,111.109375,110.875,111.03125,25161.0,2024-12-03 07:45:00-05:00
2024-12-03 13:00:00+00:00,111.109375,111.109375,111.140625,110.921875,111.09375,21157.0,2024-12-03 08:00:00-05:00
2024-12-03 13:15:00+00:00,111.15625,111.15625,111.171875,110.9375,111.109375,24738.0,2024-12-03 08:15:00-05:00
2024-12-03 13:30:00+00:00,111.109375,111.109375,111.171875,110.9375,111.15625,18720.0,2024-12-03 08:30:00-05:00
2024-12-03 13:45:00+00:00,111.09375,111.09375,111.140625,110.9375,111.109375,12949.0,2024-12-03 08:45:00-05:00
2024-12-03 14:00:00+00:00,111.0625,111.0625,111.109375,110.921875,111.09375,18428.0,2024-12-03 09:00:00-05:00
2024-12-03 14:15:00+00:00,111.015625,111.015625,111.09375,110.84375,111.078125,26064.0,2024-12-03 09:15:00-05:00
2024-12-03 14:30:00+00:00,111.015625,111.015625,111.046875,110.84375,111.015625,23904.0,2024-12-03 09:30:00-05:00
2024-12-03 14:45:00+00:00,110.984375,110.984375,111.03125,110.78125,111.03125,61081.0,2024-12-03 09:45:00-05:00
2024-12-03 15:00:00+00:00,110.9375,110.9375,110.984375,110.78125,110.8125,26713.0,2024-12-03 10:00:00-05:00
2024-12-03 15:15:00+00:00,110.921875,110.921875,110.96875,110.796875,110.953125,21394.0,2024-12-03 10:15:00-05:00
2024-12-03 15:30:00+00:00,110.90625,110.90625,110.9375,110.734375,110.921875,37133.0,2024-12-03 10:30:00-05:00
2024-12-03 15:45:00+00:00,110.890625,110.890625,110.921875,110.71875,110.90625,54386.0,2024-12-03 10:45:00-05:00
2024-12-03 16:00:00+00:00,110.90625,110.90625,110.953125,110.734375,110.90625,27896.0,2024-12-03 11:00:00-05:00
2024-12-03 16:15:00+00:00,110.9375,110.9375,110.953125,110.734375,110.90625,15549.0,2024-12-03 11:15:00-05:00
2024-12-03 16:30:00+00:00,110.9375,110.9375,110.953125,110.921875,110.9375,12632.0,2024-12-03 11:30:00-05:00
2024-12-03 16:45:00+00:00,110.921875,110.921875,110.9375,110.75,110.921875,7701.0,2024-12-03 11:45:00-05:00
2024-12-03 18:00:00+00:00,110.921875,110.921875,110.9375,110.734375,110.921875,2197.0,2024-12-03 13:00:00-05:00
2024-12-03 18:15:00+00:00,110.90625,110.90625,110.921875,110.734375,110.921875,5360.0,2024-12-03 13:15:00-05:00
2024-12-03 18:30:00+00:00,110.90625,110.90625,110.921875,110.734375,110.890625,2162.0,2024-12-03 13:30:00-05:00
2024-12-03 18:45:00+00:00,110.90625,110.90625,110.921875,110.890625,110.921875,2185.0,2024-12-03 13:45:00-05:00
2024-12-03 19:00:00+00:00,110.875,110.875,110.90625,110.875,110.90625,1994.0,2024-12-03 14:00:00-05:00
2024-12-03 19:15:00+00:00,110.859375,110.859375,110.875,110.71875,110.875,2995.0,2024-12-03 14:15:00-05:00
2024-12-03 19:30:00+00:00,110.90625,110.90625,110.921875,110.734375,110.875,22556.0,2024-12-03 14:30:00-05:00
2024-12-03 19:45:00+00:00,110.734375,110.734375,110.921875,110.734375,110.90625,2325.0,2024-12-03 14:45:00-05:00
2024-12-03 20:00:00+00:00,110.875,110.875,110.90625,110.71875,110.90625,27531.0,2024-12-03 15:00:00-05:00
2024-12-03 20:15:00+00:00,110.890625,110.890625,110.90625,110.71875,110.890625,3423.0,2024-12-03 15:15:00-05:00
2024-12-03 20:30:00+00:00,110.890625,110.890625,110.9375,110.765625,110.90625,3855.0,2024-12-03 15:30:00-05:00
2024-12-03 20:45:00+00:00,110.734375,110.734375,110.90625,110.734375,110.90625,1169.0,2024-12-03 15:45:00-05:00
2024-12-03 21:00:00+00:00,110.921875,110.921875,110.921875,110.765625,110.890625,3421.0,2024-12-03 16:00:00-05:00
2024-12-03 21:15:00+00:00,110.921875,110.921875,110.9375,110.78125,110.921875,2388.0,2024-12-03 16:15:00-05:00
2024-12-03 21:30:00+00:00,110.90625,110.90625,110.96875,110.78125,110.9375,3252.0,2024-12-03 16:30:00-05:00
2024-12-03 21:45:00+00:00,110.9375,110.9375,110.9375,110.765625,110.921875,2701.0,2024-12-03 16:45:00-05:00
2024-12-03 22:00:00+00:00,110.953125,110.953125,110.953125,110.78125,110.921875,1765.0,2024-12-03 17:00:00-05:00
2024-12-03 22:15:00+00:00,110.9375,110.9375,110.953125,110.78125,110.953125,3482.0,2024-12-03 17:15:00-05:00
2024-12-03 22:30:00+00:00,110.96875,110.96875,110.984375,110.796875,110.9375,3006.0,2024-12-03 17:30:00-05:00
2024-12-03 22:45:00+00:00,110.953125,110.953125,111.0,110.8125,110.984375,6029.0,2024-12-03 17:45:00-05:00
2024-12-03 23:00:00+00:00,110.953125,110.953125,110.96875,110.796875,110.796875,1641.0,2024-12-03 18:00:00-05:00
2024-12-03 23:15:00+00:00,110.953125,110.953125,110.96875,110.8125,110.9375,3883.0,2024-12-03 18:15:00-05:00
2024-12-03 23:30:00+00:00,110.96875,110.96875,110.96875,110.796875,110.9375,2296.0,2024-12-03 18:30:00-05:00
2024-12-03 23:45:00+00:00,110.953125,110.953125,110.96875,110.796875,110.953125,3963.0,2024-12-03 18:45:00-05:00
2024-12-04 00:00:00+00:00,110.9375,110.9375,110.953125,110.921875,110.9375,3064.0,2024-12-03 19:00:00-05:00
2024-12-04 00:15:00+00:00,110.96875,110.96875,110.96875,110.796875,110.9375,1703.0,2024-12-03 19:15:00-05:00
2024-12-04 00:30:00+00:00,110.953125,110.953125,110.96875,110.8125,110.96875,2794.0,2024-12-03 19:30:00-05:00
2024-12-04 00:45:00+00:00,110.953125,110.953125,110.953125,110.796875,110.953125,848.0,2024-12-03 19:45:00-05:00
2024-12-04 01:00:00+00:00,110.90625,110.90625,110.9375,110.90625,110.9375,4490.0,2024-12-03 20:00:00-05:00
2024-12-04 01:15:00+00:00,110.921875,110.921875,110.9375,110.765625,110.90625,2556.0,2024-12-03 20:15:00-05:00
2024-12-04 01:30:00+00:00,110.921875,110.921875,110.9375,110.765625,110.921875,2296.0,2024-12-03 20:30:00-05:00
2024-12-04 01:45:00+00:00,110.921875,110.921875,110.953125,110.75,110.90625,3913.0,2024-12-03 20:45:00-05:00
2024-12-04 02:00:00+00:00,110.890625,110.890625,110.9375,110.75,110.9375,3993.0,2024-12-03 21:00:00-05:00
2024-12-04 02:15:00+00:00,110.890625,110.890625,110.90625,110.734375,110.890625,4022.0,2024-12-03 21:15:00-05:00
2024-12-04 02:30:00+00:00,110.828125,110.828125,110.90625,110.6875,110.890625,8147.0,2024-12-03 21:30:00-05:00
2024-12-04 02:45:00+00:00,110.8125,110.8125,110.84375,110.65625,110.84375,125309.0,2024-12-03 21:45:00-05:00
2024-12-04 03:00:00+00:00,110.8125,110.8125,110.828125,110.625,110.828125,13121.0,2024-12-03 22:00:00-05:00
2024-12-04 03:15:00+00:00,110.796875,110.796875,110.828125,110.640625,110.8125,13946.0,2024-12-03 22:15:00-05:00
2024-12-04 03:30:00+00:00,110.78125,110.78125,110.828125,110.65625,110.796875,9484.0,2024-12-03 22:30:00-05:00
2024-12-04 03:45:00+00:00,110.765625,110.765625,110.828125,110.59375,110.796875,16140.0,2024-12-03 22:45:00-05:00
2024-12-04 04:00:00+00:00,110.84375,110.84375,110.84375,110.609375,110.765625,13360.0,2024-12-03 23:00:00-05:00
2024-12-04 04:15:00+00:00,110.8125,110.8125,110.828125,110.65625,110.81199645996094,11437.0,2024-12-03 23:15:00-05:00
2024-12-04 04:30:00+00:00,110.828125,110.828125,110.828125,110.640625,110.796875,13833.0,2024-12-03 23:30:00-05:00
2024-12-04 04:45:00+00:00,110.796875,110.796875,110.84375,110.65625,110.828125,6128.0,2024-12-03 23:45:00-05:00
2024-12-04 05:00:00+00:00,110.796875,110.796875,110.8125,110.625,110.8125,12153.0,2024-12-04 00:00:00-05:00
2024-12-04 05:15:00+00:00,110.796875,110.796875,110.8125,110.640625,110.796875,3153.0,2024-12-04 00:15:00-05:00
2024-12-04 05:30:00+00:00,110.765625,110.765625,110.8125,110.625,110.796875,246324.0,2024-12-04 00:30:00-05:00
2024-12-04 05:45:00+00:00,110.765625,110.765625,110.78125,110.75,110.765625,5847.0,2024-12-04 00:45:00-05:00
2024-12-04 06:00:00+00:00,110.765625,110.765625,110.796875,110.75,110.75,5325.0,2024-12-04 01:00:00-05:00
2024-12-04 06:15:00+00:00,110.765625,110.765625,110.78125,110.609375,110.76599884033205,11786.0,2024-12-04 01:15:00-05:00
2024-12-04 06:30:00+00:00,110.796875,110.796875,110.796875,110.640625,110.78125,5165.0,2024-12-04 01:30:00-05:00
2024-12-04 06:45:00+00:00,110.78125,110.78125,110.8125,110.609375,110.796875,9091.0,2024-12-04 01:45:00-05:00
2024-12-04 07:00:00+00:00,110.734375,110.734375,110.78125,110.59375,110.765625,15544.0,2024-12-04 02:00:00-05:00
2024-12-04 07:15:00+00:00,110.703125,110.703125,110.765625,110.5625,110.734375,22072.0,2024-12-04 02:15:00-05:00
2024-12-04 07:30:00+00:00,110.6875,110.6875,110.71875,110.5625,110.703125,11282.0,2024-12-04 02:30:00-05:00
2024-12-04 07:45:00+00:00,110.640625,110.640625,110.703125,110.5,110.6875,366994.0,2024-12-04 02:45:00-05:00
2024-12-04 08:00:00+00:00,110.65625,110.65625,110.65625,110.46875,110.640625,36107.0,2024-12-04 03:00:00-05:00
2024-12-04 08:15:00+00:00,110.65625,110.65625,110.71875,110.421875,110.65625,68658.0,2024-12-04 03:15:00-05:00
2024-12-04 08:30:00+00:00,110.65625,110.65625,110.6875,110.46875,110.640625,54460.0,2024-12-04 03:30:00-05:00
2024-12-04 08:45:00+00:00,110.59375,110.59375,110.65625,110.421875,110.640625,40960.0,2024-12-04 03:45:00-05:00
2024-12-04 09:00:00+00:00,110.625,110.625,110.65625,110.4375,110.59375,24089.0,2024-12-04 04:00:00-05:00
2024-12-04 09:15:00+00:00,110.65625,110.65625,110.671875,110.46875,110.640625,27848.0,2024-12-04 04:15:00-05:00
2024-12-04 09:30:00+00:00,110.671875,110.671875,110.734375,110.5,110.65625,38248.0,2024-12-04 04:30:00-05:00
2024-12-04 09:45:00+00:00,110.71875,110.71875,110.765625,110.546875,110.6875,39491.0,2024-12-04 04:45:00-05:00
2024-12-04 10:00:00+00:00,110.890625,110.890625,110.953125,110.6875,110.734375,116910.0,2024-12-04 05:00:00-05:00
2024-12-04 10:15:00+00:00,110.9375,110.9375,111.015625,110.734375,110.890625,102749.0,2024-12-04 05:15:00-05:00
2024-12-04 10:30:00+00:00,110.921875,110.921875,110.984375,110.75,110.953125,48750.0,2024-12-04 05:30:00-05:00
2024-12-04 10:45:00+00:00,111.03125,111.03125,111.03125,110.78125,110.90625,63825.0,2024-12-04 05:45:00-05:00
2024-12-04 11:00:00+00:00,111.078125,111.078125,111.078125,110.859375,111.03125,47903.0,2024-12-04 06:00:00-05:00
2024-12-04 11:15:00+00:00,111.140625,111.140625,111.15625,110.9375,111.0625,46442.0,2024-12-04 06:15:00-05:00
2024-12-04 11:30:00+00:00,111.09375,111.09375,111.171875,110.96875,111.125,36145.0,2024-12-04 06:30:00-05:00
2024-12-04 11:45:00+00:00,111.125,111.125,111.15625,110.96875,111.109375,22445.0,2024-12-04 06:45:00-05:00
2024-12-04 12:00:00+00:00,111.15625,111.15625,111.171875,110.96875,111.109375,25802.0,2024-12-04 07:00:00-05:00
2024-12-04 12:15:00+00:00,111.140625,111.140625,111.1875,110.984375,111.140625,37786.0,2024-12-04 07:15:00-05:00
2024-12-04 12:30:00+00:00,111.15625,111.15625,111.171875,110.984375,111.140625,28648.0,2024-12-04 07:30:00-05:00
2024-12-04 12:45:00+00:00,111.21875,111.21875,111.21875,111.015625,111.15625,16756.0,2024-12-04 07:45:00-05:00
2024-12-04 13:00:00+00:00,111.21875,111.21875,111.234375,111.03125,111.21875,27171.0,2024-12-04 08:00:00-05:00
2024-12-04 13:15:00+00:00,111.203125,111.203125,111.25,111.078125,111.078125,28540.0,2024-12-04 08:15:00-05:00
2024-12-04 13:30:00+00:00,111.1875,111.1875,111.21875,111.03125,111.1875,19145.0,2024-12-04 08:30:00-05:00
2024-12-04 13:45:00+00:00,111.125,111.125,111.234375,110.984375,111.203125,37425.0,2024-12-04 08:45:00-05:00
2024-12-04 14:00:00+00:00,111.203125,111.203125,111.21875,110.984375,111.140625,60940.0,2024-12-04 09:00:00-05:00
2024-12-04 14:15:00+00:00,111.21875,111.21875,111.25,111.0625,111.203125,23910.0,2024-12-04 09:15:00-05:00
2024-12-04 14:30:00+00:00,111.265625,111.265625,111.28125,111.09375,111.234375,37843.0,2024-12-04 09:30:00-05:00
2024-12-04 14:45:00+00:00,111.25,111.25,111.28125,111.109375,111.265625,68667.0,2024-12-04 09:45:00-05:00
2024-12-04 15:00:00+00:00,111.234375,111.234375,111.265625,111.09375,111.234375,34870.0,2024-12-04 10:00:00-05:00
2024-12-04 15:15:00+00:00,111.203125,111.203125,111.234375,111.0625,111.21875,19342.0,2024-12-04 10:15:00-05:00
2024-12-04 15:30:00+00:00,111.21875,111.21875,111.234375,111.203125,111.21875,15821.0,2024-12-04 10:30:00-05:00
2024-12-04 15:45:00+00:00,111.234375,111.234375,111.265625,111.078125,111.21875,40013.0,2024-12-04 10:45:00-05:00
2024-12-04 16:00:00+00:00,111.203125,111.203125,111.25,111.1875,111.234375,22392.0,2024-12-04 11:00:00-05:00
2024-12-04 16:15:00+00:00,111.21875,111.21875,111.234375,111.203125,111.203125,10220.0,2024-12-04 11:15:00-05:00
2024-12-04 16:30:00+00:00,111.21875,111.21875,111.234375,111.203125,111.203125,14911.0,2024-12-04 11:30:00-05:00
2024-12-04 16:45:00+00:00,111.234375,111.234375,111.234375,111.203125,111.21875,12743.0,2024-12-04 11:45:00-05:00
2024-12-04 18:00:00+00:00,111.1875,111.1875,111.234375,111.09375,111.09375,1335.0,2024-12-04 13:00:00-05:00
2024-12-04 18:15:00+00:00,111.1875,111.1875,111.203125,111.171875,111.1875,996.0,2024-12-04 13:15:00-05:00
2024-12-04 18:30:00+00:00,111.1875,111.1875,111.203125,111.1875,111.1875,1775.0,2024-12-04 13:30:00-05:00
2024-12-04 18:45:00+00:00,111.140625,111.140625,111.1875,111.140625,111.1875,5089.0,2024-12-04 13:45:00-05:00
2024-12-04 19:00:00+00:00,111.140625,111.140625,111.15625,111.125,111.15625,6105.0,2024-12-04 14:00:00-05:00
2024-12-04 19:15:00+00:00,111.09375,111.09375,111.15625,111.09375,111.15625,6552.0,2024-12-04 14:15:00-05:00
2024-12-04 19:30:00+00:00,111.140625,111.140625,111.140625,111.109375,111.109375,4319.0,2024-12-04 14:30:00-05:00
2024-12-04 19:45:00+00:00,111.125,111.125,111.140625,111.109375,111.125,3026.0,2024-12-04 14:45:00-05:00
2024-12-04 20:00:00+00:00,111.140625,111.140625,111.140625,111.109375,111.125,2719.0,2024-12-04 15:00:00-05:00
2024-12-04 20:15:00+00:00,111.09375,111.09375,111.125,111.078125,111.125,9551.0,2024-12-04 15:15:00-05:00
2024-12-04 20:30:00+00:00,111.09375,111.09375,111.109375,111.078125,111.078125,3068.0,2024-12-04 15:30:00-05:00
2024-12-04 20:45:00+00:00,111.09375,111.09375,111.109375,111.078125,111.09375,2259.0,2024-12-04 15:45:00-05:00
2024-12-04 21:00:00+00:00,111.09375,111.09375,111.125,111.078125,111.09375,3912.0,2024-12-04 16:00:00-05:00
2024-12-04 21:15:00+00:00,111.15625,111.15625,111.15625,111.09375,111.09375,6675.0,2024-12-04 16:15:00-05:00
2024-12-04 21:30:00+00:00,111.140625,111.140625,111.15625,111.140625,111.140625,1937.0,2024-12-04 16:30:00-05:00
2024-12-04 21:45:00+00:00,111.125,111.125,111.140625,111.125,111.140625,2712.0,2024-12-04 16:45:00-05:00
2024-12-04 22:00:00+00:00,111.140625,111.140625,111.15625,111.140625,111.140625,2271.0,2024-12-04 17:00:00-05:00
2024-12-04 22:15:00+00:00,111.125,111.125,111.15625,111.125,111.140625,1258.0,2024-12-04 17:15:00-05:00
2024-12-04 22:30:00+00:00,111.109375,111.109375,111.140625,111.109375,111.140625,1872.0,2024-12-04 17:30:00-05:00
2024-12-04 22:45:00+00:00,111.15625,111.15625,111.15625,111.125,111.125,2978.0,2024-12-04 17:45:00-05:00
2024-12-04 23:00:00+00:00,111.15625,111.15625,111.171875,111.15625,111.15625,647.0,2024-12-04 18:00:00-05:00
2024-12-04 23:15:00+00:00,111.15625,111.15625,111.15625,111.140625,111.15625,1378.0,2024-12-04 18:15:00-05:00
2024-12-04 23:30:00+00:00,111.125,111.125,111.15625,111.125,111.140625,1944.0,2024-12-04 18:30:00-05:00
2024-12-04 23:45:00+00:00,111.140625,111.140625,111.15625,111.125,111.140625,571.0,2024-12-04 18:45:00-05:00
2024-12-05 00:00:00+00:00,111.140625,111.140625,111.15625,111.140625,111.15625,37.0,2024-12-04 19:00:00-05:00
2024-12-05 00:15:00+00:00,111.140625,111.140625,111.15625,111.015625,111.15625,486.0,2024-12-04 19:15:00-05:00
2024-12-05 00:30:00+00:00,111.140625,111.140625,111.15625,111.140625,111.15625,2126.0,2024-12-04 19:30:00-05:00
2024-12-05 00:45:00+00:00,111.15625,111.15625,111.15625,111.140625,111.15625,1343.0,2024-12-04 19:45:00-05:00
2024-12-05 01:00:00+00:00,111.15625,111.15625,111.171875,111.140625,111.140625,962.0,2024-12-04 20:00:00-05:00
2024-12-05 01:15:00+00:00,111.15625,111.15625,111.1875,111.15625,111.15625,1205.0,2024-12-04 20:15:00-05:00
2024-12-05 01:30:00+00:00,111.171875,111.171875,111.1875,111.15625,111.171875,2560.0,2024-12-04 20:30:00-05:00
2024-12-05 01:45:00+00:00,111.15625,111.15625,111.1875,111.140625,111.15625,3868.0,2024-12-04 20:45:00-05:00
2024-12-05 02:00:00+00:00,111.140625,111.140625,111.15625,111.125,111.15625,2725.0,2024-12-04 21:00:00-05:00
2024-12-05 02:15:00+00:00,111.109375,111.109375,111.15625,111.09375,111.140625,5938.0,2024-12-04 21:15:00-05:00
2024-12-05 02:30:00+00:00,111.140625,111.140625,111.140625,111.109375,111.125,4482.0,2024-12-04 21:30:00-05:00
2024-12-05 02:45:00+00:00,111.109375,111.109375,111.15625,111.109375,111.125,6697.0,2024-12-04 21:45:00-05:00
2024-12-05 03:00:00+00:00,111.09375,111.09375,111.15625,111.09375,111.109375,12104.0,2024-12-04 22:00:00-05:00
2024-12-05 03:15:00+00:00,111.09375,111.09375,111.109375,111.078125,111.09375,9709.0,2024-12-04 22:15:00-05:00
2024-12-05 03:30:00+00:00,111.09375,111.09375,111.125,111.09375,111.09375,9768.0,2024-12-04 22:30:00-05:00
2024-12-05 03:45:00+00:00,111.046875,111.046875,111.109375,110.859375,111.09375,16489.0,2024-12-04 22:45:00-05:00
2024-12-05 04:00:00+00:00,111.03125,111.03125,111.0625,111.03125,111.046875,5841.0,2024-12-04 23:00:00-05:00
2024-12-05 04:15:00+00:00,111.046875,111.046875,111.0625,110.90625,111.046875,7213.0,2024-12-04 23:15:00-05:00
2024-12-05 04:30:00+00:00,111.03125,111.03125,111.046875,111.015625,111.03125,6030.0,2024-12-04 23:30:00-05:00
2024-12-05 04:45:00+00:00,111.015625,111.015625,111.046875,110.90625,111.046875,8541.0,2024-12-04 23:45:00-05:00
2024-12-05 05:00:00+00:00,111.03125,111.03125,111.046875,111.0,111.015625,7575.0,2024-12-05 00:00:00-05:00
2024-12-05 05:15:00+00:00,111.046875,111.046875,111.046875,111.015625,111.03125,4288.0,2024-12-05 00:15:00-05:00
2024-12-05 05:30:00+00:00,111.0625,111.0625,111.0625,111.03125,111.046875,4493.0,2024-12-05 00:30:00-05:00
2024-12-05 05:45:00+00:00,111.09375,111.09375,111.09375,111.046875,111.0625,4965.0,2024-12-05 00:45:00-05:00
2024-12-05 06:00:00+00:00,111.09375,111.09375,111.109375,111.078125,111.09375,9667.0,2024-12-05 01:00:00-05:00
2024-12-05 06:15:00+00:00,111.0625,111.0625,111.125,111.0625,111.109375,3996.0,2024-12-05 01:15:00-05:00
2024-12-05 06:30:00+00:00,111.109375,111.109375,111.109375,111.0625,111.0625,11407.0,2024-12-05 01:30:00-05:00
2024-12-05 06:45:00+00:00,111.109375,111.109375,111.125,111.09375,111.125,11030.0,2024-12-05 01:45:00-05:00
2024-12-05 07:00:00+00:00,111.078125,111.078125,111.109375,111.046875,111.09375,8586.0,2024-12-05 02:00:00-05:00
2024-12-05 07:15:00+00:00,110.96875,110.96875,111.078125,110.90625,111.0625,28805.0,2024-12-05 02:15:00-05:00
2024-12-05 07:30:00+00:00,110.96875,110.96875,110.984375,110.90625,110.953125,34427.0,2024-12-05 02:30:00-05:00
2024-12-05 07:45:00+00:00,111.015625,111.015625,111.046875,110.9375,110.96875,24164.0,2024-12-05 02:45:00-05:00
2024-12-05 08:00:00+00:00,111.015625,111.015625,111.03125,110.96875,111.015625,19754.0,2024-12-05 03:00:00-05:00
2024-12-05 08:15:00+00:00,111.03125,111.03125,111.0625,111.0,111.03125,31276.0,2024-12-05 03:15:00-05:00
2024-12-05 08:30:00+00:00,110.953125,110.953125,111.109375,110.9375,111.046875,55422.0,2024-12-05 03:30:00-05:00
2024-12-05 08:45:00+00:00,110.921875,110.921875,110.96875,110.75,110.953125,46027.0,2024-12-05 03:45:00-05:00
2024-12-05 09:00:00+00:00,111.015625,111.015625,111.046875,110.921875,110.921875,37036.0,2024-12-05 04:00:00-05:00
2024-12-05 09:15:00+00:00,110.9375,110.9375,111.03125,110.9375,111.0,24763.0,2024-12-05 04:15:00-05:00
2024-12-05 09:30:00+00:00,111.03125,111.03125,111.046875,110.921875,110.953125,27509.0,2024-12-05 04:30:00-05:00
2024-12-05 09:45:00+00:00,110.96875,110.96875,111.046875,110.96875,111.03125,26737.0,2024-12-05 04:45:00-05:00
2024-12-05 10:00:00+00:00,111.03125,111.03125,111.09375,110.890625,110.984375,30635.0,2024-12-05 05:00:00-05:00
2024-12-05 10:15:00+00:00,111.0,111.0,111.0625,110.84375,111.03125,23002.0,2024-12-05 05:15:00-05:00
2024-12-05 10:30:00+00:00,111.0,111.0,111.015625,110.84375,111.015625,18489.0,2024-12-05 05:30:00-05:00
2024-12-05 10:45:00+00:00,111.015625,111.015625,111.0625,110.875,111.0,22036.0,2024-12-05 05:45:00-05:00
2024-12-05 11:00:00+00:00,111.0,111.0,111.078125,110.859375,111.03125,21066.0,2024-12-05 06:00:00-05:00
2024-12-05 11:15:00+00:00,111.0625,111.0625,111.09375,110.859375,111.0,16008.0,2024-12-05 06:15:00-05:00
2024-12-05 11:30:00+00:00,111.0625,111.0625,111.078125,111.046875,111.078125,28534.0,2024-12-05 06:30:00-05:00
2024-12-05 11:45:00+00:00,111.015625,111.015625,111.0625,111.015625,111.046875,26877.0,2024-12-05 06:45:00-05:00
2024-12-05 12:00:00+00:00,111.09375,111.09375,111.109375,110.921875,111.03125,25297.0,2024-12-05 07:00:00-05:00
2024-12-05 12:15:00+00:00,111.15625,111.15625,111.1875,111.03125,111.09375,37956.0,2024-12-05 07:15:00-05:00
2024-12-05 12:30:00+00:00,111.171875,111.171875,111.203125,111.03125,111.15625,27852.0,2024-12-05 07:30:00-05:00
2024-12-05 12:45:00+00:00,111.1875,111.1875,111.1875,111.140625,111.15625,20728.0,2024-12-05 07:45:00-05:00
2024-12-05 13:00:00+00:00,111.171875,111.171875,111.171875,111.140625,111.171875,11071.0,2024-12-05 08:00:00-05:00
2024-12-05 13:15:00+00:00,111.140625,111.140625,111.171875,111.125,111.171875,15779.0,2024-12-05 08:15:00-05:00
2024-12-05 13:30:00+00:00,111.140625,111.140625,111.15625,111.109375,111.140625,12988.0,2024-12-05 08:30:00-05:00
2024-12-05 13:45:00+00:00,111.171875,111.171875,111.171875,111.125,111.140625,10381.0,2024-12-05 08:45:00-05:00
2024-12-05 14:00:00+00:00,111.171875,111.171875,111.21875,111.15625,111.15625,26998.0,2024-12-05 09:00:00-05:00
2024-12-05 14:15:00+00:00,111.171875,111.171875,111.203125,111.15625,111.171875,13476.0,2024-12-05 09:15:00-05:00
2024-12-05 14:30:00+00:00,111.234375,111.234375,111.234375,111.171875,111.171875,26928.0,2024-12-05 09:30:00-05:00
2024-12-05 14:45:00+00:00,111.203125,111.203125,111.25,111.1875,111.234375,45793.0,2024-12-05 09:45:00-05:00
2024-12-05 15:00:00+00:00,111.1875,111.1875,111.21875,111.171875,111.203125,28983.0,2024-12-05 10:00:00-05:00
2024-12-05 15:15:00+00:00,111.234375,111.234375,111.25,111.09375,111.1875,19178.0,2024-12-05 10:15:00-05:00
2024-12-05 15:30:00+00:00,111.21875,111.21875,111.265625,111.203125,111.25,13150.0,2024-12-05 10:30:00-05:00
2024-12-05 15:45:00+00:00,111.21875,111.21875,111.234375,111.1875,111.21875,23356.0,2024-12-05 10:45:00-05:00
2024-12-05 16:00:00+00:00,111.21875,111.21875,111.25,111.203125,111.21875,22509.0,2024-12-05 11:00:00-05:00
2024-12-05 16:15:00+00:00,111.21875,111.21875,111.234375,111.21875,111.21875,10414.0,2024-12-05 11:15:00-05:00
2024-12-05 16:30:00+00:00,111.21875,111.21875,111.234375,111.046875,111.21875,20568.0,2024-12-05 11:30:00-05:00
2024-12-05 16:45:00+00:00,111.21875,111.21875,111.234375,111.203125,111.234375,6839.0,2024-12-05 11:45:00-05:00
2024-12-05 18:00:00+00:00,111.1875,111.1875,111.203125,111.03125,111.171875,1437.0,2024-12-05 13:00:00-05:00
2024-12-05 18:15:00+00:00,111.203125,111.203125,111.203125,111.171875,111.171875,617.0,2024-12-05 13:15:00-05:00
2024-12-05 18:30:00+00:00,111.1875,111.1875,111.203125,111.0625,111.203125,1936.0,2024-12-05 13:30:00-05:00
2024-12-05 18:45:00+00:00,111.1875,111.1875,111.203125,111.15625,111.171875,3206.0,2024-12-05 13:45:00-05:00
2024-12-05 19:00:00+00:00,111.1875,111.1875,111.203125,111.15625,111.1875,5732.0,2024-12-05 14:00:00-05:00
2024-12-05 19:15:00+00:00,111.203125,111.203125,111.203125,111.078125,111.203125,1593.0,2024-12-05 14:15:00-05:00
2024-12-05 19:30:00+00:00,111.1875,111.1875,111.203125,111.171875,111.203125,954.0,2024-12-05 14:30:00-05:00
2024-12-05 19:45:00+00:00,111.21875,111.21875,111.21875,111.09375,111.1875,1835.0,2024-12-05 14:45:00-05:00
2024-12-05 20:00:00+00:00,111.21875,111.21875,111.234375,111.203125,111.21875,3257.0,2024-12-05 15:00:00-05:00
2024-12-05 20:15:00+00:00,111.21875,111.21875,111.21875,111.1875,111.203125,1970.0,2024-12-05 15:15:00-05:00
2024-12-05 20:30:00+00:00,111.21875,111.21875,111.234375,111.203125,111.21875,2897.0,2024-12-05 15:30:00-05:00
2024-12-05 20:45:00+00:00,111.203125,111.203125,111.234375,111.171875,111.21875,6119.0,2024-12-05 15:45:00-05:00
2024-12-05 21:00:00+00:00,111.21875,111.21875,111.234375,111.203125,111.21875,2969.0,2024-12-05 16:00:00-05:00
2024-12-05 21:15:00+00:00,111.21875,111.21875,111.234375,111.203125,111.234375,2342.0,2024-12-05 16:15:00-05:00
2024-12-05 21:30:00+00:00,111.21875,111.21875,111.234375,111.09375,111.21875,592.0,2024-12-05 16:30:00-05:00
2024-12-05 21:45:00+00:00,111.1875,111.1875,111.234375,111.078125,111.203125,2333.0,2024-12-05 16:45:00-05:00
2024-12-05 22:00:00+00:00,111.203125,111.203125,111.21875,111.1875,111.203125,1936.0,2024-12-05 17:00:00-05:00
2024-12-05 22:15:00+00:00,111.203125,111.203125,111.21875,111.203125,111.203125,1239.0,2024-12-05 17:15:00-05:00
2024-12-05 22:30:00+00:00,111.21875,111.21875,111.234375,111.203125,111.203125,3514.0,2024-12-05 17:30:00-05:00
2024-12-05 22:45:00+00:00,111.203125,111.203125,111.234375,111.203125,111.21875,2526.0,2024-12-05 17:45:00-05:00
2024-12-05 23:00:00+00:00,111.203125,111.203125,111.21875,111.09375,111.203125,596.0,2024-12-05 18:00:00-05:00
2024-12-05 23:15:00+00:00,111.21875,111.21875,111.21875,111.203125,111.21875,448.0,2024-12-05 18:15:00-05:00
2024-12-05 23:30:00+00:00,111.203125,111.203125,111.234375,111.09375,111.21875,1830.0,2024-12-05 18:30:00-05:00
2024-12-05 23:45:00+00:00,111.203125,111.203125,111.21875,111.203125,111.203125,1132.0,2024-12-05 18:45:00-05:00
2024-12-06 00:00:00+00:00,111.1875,111.1875,111.21875,111.1875,111.203125,977.0,2024-12-05 19:00:00-05:00
2024-12-06 00:15:00+00:00,111.1875,111.1875,111.203125,111.1875,111.1875,341.0,2024-12-05 19:15:00-05:00
2024-12-06 00:30:00+00:00,111.203125,111.203125,111.21875,111.1875,111.1875,2543.0,2024-12-05 19:30:00-05:00
2024-12-06 00:45:00+00:00,111.21875,111.21875,111.234375,111.21875,111.21875,2399.0,2024-12-05 19:45:00-05:00
2024-12-06 01:00:00+00:00,111.21875,111.21875,111.25,111.203125,111.21875,1329.0,2024-12-05 20:00:00-05:00
2024-12-06 01:15:00+00:00,111.21875,111.21875,111.234375,111.21875,111.21875,963.0,2024-12-05 20:15:00-05:00
2024-12-06 01:30:00+00:00,111.234375,111.234375,111.234375,111.109375,111.21875,62518.0,2024-12-05 20:30:00-05:00
2024-12-06 01:45:00+00:00,111.21875,111.21875,111.234375,111.09375,111.234375,3255.0,2024-12-05 20:45:00-05:00
2024-12-06 02:00:00+00:00,111.21875,111.21875,111.25,111.203125,111.234375,5833.0,2024-12-05 21:00:00-05:00
2024-12-06 02:15:00+00:00,111.15625,111.15625,111.21875,111.0625,111.21875,6513.0,2024-12-05 21:15:00-05:00
2024-12-06 02:30:00+00:00,111.171875,111.171875,111.171875,111.03125,111.15625,2419.0,2024-12-05 21:30:00-05:00
2024-12-06 02:45:00+00:00,111.171875,111.171875,111.203125,111.15625,111.171875,5787.0,2024-12-05 21:45:00-05:00
2024-12-06 03:00:00+00:00,111.140625,111.140625,111.1875,111.125,111.171875,7184.0,2024-12-05 22:00:00-05:00
2024-12-06 03:15:00+00:00,111.109375,111.109375,111.15625,111.109375,111.140625,8138.0,2024-12-05 22:15:00-05:00
2024-12-06 03:30:00+00:00,111.109375,111.109375,111.125,111.09375,111.109375,4863.0,2024-12-05 22:30:00-05:00
2024-12-06 03:45:00+00:00,111.140625,111.140625,111.140625,111.109375,111.125,8531.0,2024-12-05 22:45:00-05:00
2024-12-06 04:00:00+00:00,111.140625,111.140625,111.15625,111.03125,111.140625,2964.0,2024-12-05 23:00:00-05:00
2024-12-06 04:15:00+00:00,111.15625,111.15625,111.171875,111.125,111.125,8524.0,2024-12-05 23:15:00-05:00
2024-12-06 04:30:00+00:00,111.125,111.125,111.15625,111.015625,111.140625,4297.0,2024-12-05 23:30:00-05:00
2024-12-06 04:45:00+00:00,111.109375,111.109375,111.140625,111.0,111.125,7722.0,2024-12-05 23:45:00-05:00
2024-12-06 05:00:00+00:00,111.09375,111.09375,111.125,110.953125,111.109375,5372.0,2024-12-06 00:00:00-05:00
2024-12-06 05:15:00+00:00,111.09375,111.09375,111.09375,111.0625,111.078125,8505.0,2024-12-06 00:15:00-05:00
2024-12-06 05:30:00+00:00,111.109375,111.109375,111.109375,110.96875,111.09375,4131.0,2024-12-06 00:30:00-05:00
2024-12-06 05:45:00+00:00,111.125,111.125,111.140625,110.96875,111.09375,13025.0,2024-12-06 00:45:00-05:00
2024-12-06 06:00:00+00:00,111.109375,111.109375,111.140625,111.09375,111.125,7365.0,2024-12-06 01:00:00-05:00
2024-12-06 06:15:00+00:00,111.125,111.125,111.15625,111.109375,111.109375,2778.0,2024-12-06 01:15:00-05:00
2024-12-06 06:30:00+00:00,111.125,111.125,111.15625,111.125,111.125,3633.0,2024-12-06 01:30:00-05:00
2024-12-06 06:45:00+00:00,111.15625,111.15625,111.171875,110.96875,111.140625,10616.0,2024-12-06 01:45:00-05:00
2024-12-06 07:00:00+00:00,111.15625,111.15625,111.1875,111.015625,111.15625,8693.0,2024-12-06 02:00:00-05:00
2024-12-06 07:15:00+00:00,111.171875,111.171875,111.203125,111.171875,111.171875,10802.0,2024-12-06 02:15:00-05:00
2024-12-06 07:30:00+00:00,111.15625,111.15625,111.1875,111.140625,111.171875,12414.0,2024-12-06 02:30:00-05:00
2024-12-06 07:45:00+00:00,111.21875,111.21875,111.234375,111.15625,111.15625,18985.0,2024-12-06 02:45:00-05:00
2024-12-06 08:00:00+00:00,111.171875,111.171875,111.234375,111.015625,111.21875,30098.0,2024-12-06 03:00:00-05:00
2024-12-06 08:15:00+00:00,111.125,111.125,111.203125,110.96875,111.171875,43049.0,2024-12-06 03:15:00-05:00
2024-12-06 08:30:00+00:00,111.421875,111.421875,111.578125,110.890625,111.140625,215991.0,2024-12-06 03:30:00-05:00
2024-12-06 08:45:00+00:00,111.46875,111.46875,111.5,111.25,111.40625,109108.0,2024-12-06 03:45:00-05:00
2024-12-06 09:00:00+00:00,111.5625,111.5625,111.59375,111.421875,111.46875,94163.0,2024-12-06 04:00:00-05:00
2024-12-06 09:15:00+00:00,111.609375,111.609375,111.625,111.484375,111.5625,71789.0,2024-12-06 04:15:00-05:00
2024-12-06 09:30:00+00:00,111.53125,111.53125,111.640625,111.390625,111.609375,75147.0,2024-12-06 04:30:00-05:00
2024-12-06 09:45:00+00:00,111.5625,111.5625,111.609375,111.40625,111.515625,40221.0,2024-12-06 04:45:00-05:00
2024-12-06 10:00:00+00:00,111.5625,111.5625,111.578125,111.40625,111.5625,51093.0,2024-12-06 05:00:00-05:00
2024-12-06 10:15:00+00:00,111.46875,111.46875,111.5625,111.390625,111.5625,44385.0,2024-12-06 05:15:00-05:00
2024-12-06 10:30:00+00:00,111.359375,111.359375,111.484375,111.34375,111.46875,51557.0,2024-12-06 05:30:00-05:00
2024-12-06 10:45:00+00:00,111.375,111.375,111.421875,111.328125,111.34375,50027.0,2024-12-06 05:45:00-05:00
2024-12-06 11:00:00+00:00,111.34375,111.34375,111.375,111.28125,111.359375,44590.0,2024-12-06 06:00:00-05:00
2024-12-06 11:15:00+00:00,111.34375,111.34375,111.390625,111.234375,111.34375,31835.0,2024-12-06 06:15:00-05:00
2024-12-06 11:30:00+00:00,111.4375,111.4375,111.46875,111.34375,111.34375,33328.0,2024-12-06 06:30:00-05:00
2024-12-06 11:45:00+00:00,111.421875,111.421875,111.46875,111.3125,111.4375,23546.0,2024-12-06 06:45:00-05:00
2024-12-06 12:00:00+00:00,111.40625,111.40625,111.453125,111.265625,111.421875,23612.0,2024-12-06 07:00:00-05:00
2024-12-06 12:15:00+00:00,111.390625,111.390625,111.421875,111.25,111.40625,17685.0,2024-12-06 07:15:00-05:00
2024-12-06 12:30:00+00:00,111.359375,111.359375,111.421875,111.28125,111.390625,15265.0,2024-12-06 07:30:00-05:00
2024-12-06 12:45:00+00:00,111.40625,111.40625,111.421875,111.359375,111.359375,9842.0,2024-12-06 07:45:00-05:00
2024-12-06 13:00:00+00:00,111.359375,111.359375,111.390625,111.234375,111.390625,20911.0,2024-12-06 08:00:00-05:00
2024-12-06 13:15:00+00:00,111.421875,111.421875,111.4375,111.34375,111.34375,17365.0,2024-12-06 08:15:00-05:00
2024-12-06 13:30:00+00:00,111.421875,111.421875,111.453125,111.40625,111.421875,14894.0,2024-12-06 08:30:00-05:00
2024-12-06 13:45:00+00:00,111.40625,111.40625,111.4375,111.375,111.421875,12095.0,2024-12-06 08:45:00-05:00
2024-12-06 14:00:00+00:00,111.359375,111.359375,111.40625,111.359375,111.40625,13226.0,2024-12-06 09:00:00-05:00
2024-12-06 14:15:00+00:00,111.375,111.375,111.40625,111.25,111.359375,14099.0,2024-12-06 09:15:00-05:00
2024-12-06 14:30:00+00:00,111.40625,111.40625,111.421875,111.375,111.375,12635.0,2024-12-06 09:30:00-05:00
2024-12-06 14:45:00+00:00,111.453125,111.453125,111.46875,111.390625,111.40625,43091.0,2024-12-06 09:45:00-05:00
2024-12-06 15:00:00+00:00,111.484375,111.484375,111.484375,111.4375,111.453125,30491.0,2024-12-06 10:00:00-05:00
2024-12-06 15:15:00+00:00,111.453125,111.453125,111.5,111.34375,111.46875,25223.0,2024-12-06 10:15:00-05:00
2024-12-06 15:30:00+00:00,111.453125,111.453125,111.46875,111.4375,111.4375,7706.0,2024-12-06 10:30:00-05:00
2024-12-06 15:45:00+00:00,111.46875,111.46875,111.5,111.328125,111.46875,37901.0,2024-12-06 10:45:00-05:00
2024-12-06 16:00:00+00:00,111.484375,111.484375,111.484375,111.34375,111.46875,14285.0,2024-12-06 11:00:00-05:00
2024-12-06 16:15:00+00:00,111.484375,111.484375,111.515625,111.359375,111.46875,13968.0,2024-12-06 11:15:00-05:00
2024-12-06 16:30:00+00:00,111.484375,111.484375,111.5,111.359375,111.359375,7953.0,2024-12-06 11:30:00-05:00
2024-12-06 16:45:00+00:00,111.46875,111.46875,111.5,111.34375,111.484375,19638.0,2024-12-06 11:45:00-05:00
2024-12-08 18:00:00+00:00,111.453125,111.453125,111.515625,111.296875,111.46875,7500.0,2024-12-08 13:00:00-05:00
2024-12-08 18:15:00+00:00,111.453125,111.453125,111.484375,111.453125,111.453125,2476.0,2024-12-08 13:15:00-05:00
2024-12-08 18:30:00+00:00,111.453125,111.453125,111.46875,111.453125,111.46875,2303.0,2024-12-08 13:30:00-05:00
2024-12-08 18:45:00+00:00,111.484375,111.484375,111.5,111.4375,111.453125,3641.0,2024-12-08 13:45:00-05:00
2024-12-08 19:00:00+00:00,111.484375,111.484375,111.484375,111.453125,111.46875,4565.0,2024-12-08 14:00:00-05:00
2024-12-08 19:15:00+00:00,111.5,111.5,111.515625,111.46875,111.484375,7333.0,2024-12-08 14:15:00-05:00
2024-12-08 19:30:00+00:00,111.515625,111.515625,111.53125,111.484375,111.5,1765.0,2024-12-08 14:30:00-05:00
2024-12-08 19:45:00+00:00,111.515625,111.515625,111.53125,111.484375,111.53125,7589.0,2024-12-08 14:45:00-05:00
2024-12-08 20:00:00+00:00,111.5,111.5,111.53125,111.484375,111.515625,6186.0,2024-12-08 15:00:00-05:00
2024-12-08 20:15:00+00:00,111.515625,111.515625,111.515625,111.5,111.515625,1752.0,2024-12-08 15:15:00-05:00
2024-12-08 20:30:00+00:00,111.5,111.5,111.53125,111.3125,111.515625,2405.0,2024-12-08 15:30:00-05:00
2024-12-08 20:45:00+00:00,111.484375,111.484375,111.5,111.484375,111.484375,4081.0,2024-12-08 15:45:00-05:00
2024-12-08 21:00:00+00:00,111.5,111.5,111.5,111.46875,111.5,2129.0,2024-12-08 16:00:00-05:00
2024-12-08 21:15:00+00:00,111.484375,111.484375,111.515625,111.484375,111.5,957.0,2024-12-08 16:15:00-05:00
2024-12-08 21:30:00+00:00,111.53125,111.53125,111.53125,111.484375,111.484375,1516.0,2024-12-08 16:30:00-05:00
2024-12-08 21:45:00+00:00,111.53125,111.53125,111.546875,111.515625,111.53125,1059.0,2024-12-08 16:45:00-05:00
2024-12-08 22:00:00+00:00,111.515625,111.515625,111.53125,111.40625,111.53125,789.0,2024-12-08 17:00:00-05:00
2024-12-08 22:15:00+00:00,111.484375,111.484375,111.515625,111.484375,111.5,901.0,2024-12-08 17:15:00-05:00
2024-12-08 22:30:00+00:00,111.5,111.5,111.5,111.46875,111.5,2268.0,2024-12-08 17:30:00-05:00
2024-12-08 22:45:00+00:00,111.484375,111.484375,111.5,111.46875,111.5,2082.0,2024-12-08 17:45:00-05:00
2024-12-08 23:00:00+00:00,111.484375,111.484375,111.484375,111.46875,111.46875,3126.0,2024-12-08 18:00:00-05:00
2024-12-08 23:15:00+00:00,111.46875,111.46875,111.484375,111.46875,111.484375,1612.0,2024-12-08 18:15:00-05:00
2024-12-08 23:30:00+00:00,111.515625,111.515625,111.53125,111.46875,111.46875,2625.0,2024-12-08 18:30:00-05:00
2024-12-08 23:45:00+00:00,111.515625,111.515625,111.53125,111.5,111.515625,2212.0,2024-12-08 18:45:00-05:00
2024-12-09 00:00:00+00:00,111.515625,111.515625,111.515625,111.5,111.5,1362.0,2024-12-08 19:00:00-05:00
2024-12-09 00:15:00+00:00,111.515625,111.515625,111.515625,111.5,111.515625,1220.0,2024-12-08 19:15:00-05:00
2024-12-09 00:30:00+00:00,111.546875,111.546875,111.5625,111.515625,111.53125,4122.0,2024-12-08 19:30:00-05:00
2024-12-09 00:45:00+00:00,111.53125,111.53125,111.5625,111.53125,111.546875,2884.0,2024-12-08 19:45:00-05:00
2024-12-09 01:00:00+00:00,111.5625,111.5625,111.578125,111.53125,111.546875,4182.0,2024-12-08 20:00:00-05:00
2024-12-09 01:15:00+00:00,111.578125,111.578125,111.578125,111.546875,111.5625,2919.0,2024-12-08 20:15:00-05:00
2024-12-09 01:30:00+00:00,111.546875,111.546875,111.578125,111.546875,111.5625,3398.0,2024-12-08 20:30:00-05:00
2024-12-09 01:45:00+00:00,111.53125,111.53125,111.5625,111.53125,111.546875,3827.0,2024-12-08 20:45:00-05:00
2024-12-09 02:00:00+00:00,111.546875,111.546875,111.5625,111.40625,111.546875,5286.0,2024-12-08 21:00:00-05:00
2024-12-09 02:15:00+00:00,111.5625,111.5625,111.5625,111.53125,111.5625,4754.0,2024-12-08 21:15:00-05:00
2024-12-09 02:30:00+00:00,111.5,111.5,111.5625,111.5,111.5625,5099.0,2024-12-08 21:30:00-05:00
2024-12-09 02:45:00+00:00,111.484375,111.484375,111.546875,111.484375,111.515625,8386.0,2024-12-08 21:45:00-05:00
2024-12-09 03:00:00+00:00,111.453125,111.453125,111.515625,111.453125,111.484375,11297.0,2024-12-08 22:00:00-05:00
2024-12-09 03:15:00+00:00,111.390625,111.390625,111.46875,111.390625,111.46875,18647.0,2024-12-08 22:15:00-05:00
2024-12-09 03:30:00+00:00,111.390625,111.390625,111.40625,111.375,111.40625,15328.0,2024-12-08 22:30:00-05:00
2024-12-09 03:45:00+00:00,111.375,111.375,111.40625,111.25,111.390625,12386.0,2024-12-08 22:45:00-05:00
2024-12-09 04:00:00+00:00,111.390625,111.390625,111.421875,111.375,111.375,7356.0,2024-12-08 23:00:00-05:00
2024-12-09 04:15:00+00:00,111.390625,111.390625,111.40625,111.375,111.390625,4863.0,2024-12-08 23:15:00-05:00
2024-12-09 04:30:00+00:00,111.40625,111.40625,111.4375,111.390625,111.390625,8752.0,2024-12-08 23:30:00-05:00
2024-12-09 04:45:00+00:00,111.40625,111.40625,111.421875,111.375,111.40625,3673.0,2024-12-08 23:45:00-05:00
2024-12-09 05:00:00+00:00,111.390625,111.390625,111.421875,111.375,111.40625,4287.0,2024-12-09 00:00:00-05:00
2024-12-09 05:15:00+00:00,111.390625,111.390625,111.4375,111.390625,111.390625,3025.0,2024-12-09 00:15:00-05:00
2024-12-09 05:30:00+00:00,111.390625,111.390625,111.40625,111.375,111.390625,3198.0,2024-12-09 00:30:00-05:00
2024-12-09 05:45:00+00:00,111.375,111.375,111.40625,111.359375,111.390625,3992.0,2024-12-09 00:45:00-05:00
2024-12-09 06:00:00+00:00,111.359375,111.359375,111.390625,111.34375,111.375,3210.0,2024-12-09 01:00:00-05:00
2024-12-09 06:15:00+00:00,111.390625,111.390625,111.40625,111.265625,111.375,4798.0,2024-12-09 01:15:00-05:00
2024-12-09 06:30:00+00:00,111.40625,111.40625,111.421875,111.28125,111.375,234696.0,2024-12-09 01:30:00-05:00
2024-12-09 06:45:00+00:00,111.390625,111.390625,111.40625,111.21875,111.390625,14195.0,2024-12-09 01:45:00-05:00
2024-12-09 07:00:00+00:00,111.40625,111.40625,111.421875,111.375,111.390625,11315.0,2024-12-09 02:00:00-05:00
2024-12-09 07:15:00+00:00,111.390625,111.390625,111.421875,111.375,111.421875,6622.0,2024-12-09 02:15:00-05:00
2024-12-09 07:30:00+00:00,111.328125,111.328125,111.40625,111.328125,111.375,10962.0,2024-12-09 02:30:00-05:00
2024-12-09 07:45:00+00:00,111.328125,111.328125,111.34375,111.296875,111.34375,21283.0,2024-12-09 02:45:00-05:00
2024-12-09 08:00:00+00:00,111.25,111.25,111.328125,111.234375,111.328125,28728.0,2024-12-09 03:00:00-05:00
2024-12-09 08:15:00+00:00,111.34375,111.34375,111.359375,111.234375,111.25,35299.0,2024-12-09 03:15:00-05:00
2024-12-09 08:30:00+00:00,111.359375,111.359375,111.390625,111.328125,111.34375,31540.0,2024-12-09 03:30:00-05:00
2024-12-09 08:45:00+00:00,111.28125,111.28125,111.375,111.171875,111.375,28095.0,2024-12-09 03:45:00-05:00
2024-12-09 09:00:00+00:00,111.28125,111.28125,111.34375,111.265625,111.296875,19631.0,2024-12-09 04:00:00-05:00
2024-12-09 09:15:00+00:00,111.34375,111.34375,111.390625,111.265625,111.296875,20696.0,2024-12-09 04:15:00-05:00
2024-12-09 09:30:00+00:00,111.296875,111.296875,111.375,111.28125,111.359375,19925.0,2024-12-09 04:30:00-05:00
2024-12-09 09:45:00+00:00,111.265625,111.265625,111.296875,111.265625,111.28125,22745.0,2024-12-09 04:45:00-05:00
2024-12-09 10:00:00+00:00,111.203125,111.203125,111.28125,111.09375,111.265625,58742.0,2024-12-09 05:00:00-05:00
2024-12-09 10:15:00+00:00,111.203125,111.203125,111.234375,111.1875,111.21875,36871.0,2024-12-09 05:15:00-05:00
2024-12-09 10:30:00+00:00,111.28125,111.28125,111.28125,111.078125,111.203125,29454.0,2024-12-09 05:30:00-05:00
2024-12-09 10:45:00+00:00,111.21875,111.21875,111.28125,111.21875,111.265625,25258.0,2024-12-09 05:45:00-05:00
2024-12-09 11:00:00+00:00,111.234375,111.234375,111.265625,111.1875,111.21875,37583.0,2024-12-09 06:00:00-05:00
2024-12-09 11:15:00+00:00,111.25,111.25,111.28125,111.21875,111.25,27963.0,2024-12-09 06:15:00-05:00
2024-12-09 11:30:00+00:00,111.203125,111.203125,111.25,111.203125,111.25,19136.0,2024-12-09 06:30:00-05:00
2024-12-09 11:45:00+00:00,111.171875,111.171875,111.234375,111.0625,111.203125,22808.0,2024-12-09 06:45:00-05:00
2024-12-09 12:00:00+00:00,111.1875,111.1875,111.21875,111.09375,111.1875,795508.0,2024-12-09 07:00:00-05:00
2024-12-09 12:15:00+00:00,111.1875,111.1875,111.234375,111.1875,111.203125,13044.0,2024-12-09 07:15:00-05:00
2024-12-09 12:30:00+00:00,111.203125,111.203125,111.21875,111.1875,111.203125,9919.0,2024-12-09 07:30:00-05:00
2024-12-09 12:45:00+00:00,111.15625,111.15625,111.21875,111.0625,111.21875,11520.0,2024-12-09 07:45:00-05:00
2024-12-09 13:00:00+00:00,111.203125,111.203125,111.21875,111.15625,111.171875,11659.0,2024-12-09 08:00:00-05:00
2024-12-09 13:15:00+00:00,111.25,111.25,111.265625,111.203125,111.21875,14095.0,2024-12-09 08:15:00-05:00
2024-12-09 13:30:00+00:00,111.21875,111.21875,111.25,111.203125,111.25,22655.0,2024-12-09 08:30:00-05:00
2024-12-09 13:45:00+00:00,111.25,111.25,111.265625,111.203125,111.21875,16132.0,2024-12-09 08:45:00-05:00
2024-12-09 14:00:00+00:00,111.171875,111.171875,111.25,111.09375,111.234375,18295.0,2024-12-09 09:00:00-05:00
2024-12-09 14:15:00+00:00,111.15625,111.15625,111.1875,111.15625,111.171875,7239.0,2024-12-09 09:15:00-05:00
2024-12-09 14:30:00+00:00,111.1875,111.1875,111.203125,111.15625,111.171875,17889.0,2024-12-09 09:30:00-05:00
2024-12-09 14:45:00+00:00,111.171875,111.171875,111.203125,111.109375,111.1875,47102.0,2024-12-09 09:45:00-05:00
2024-12-09 15:00:00+00:00,111.171875,111.171875,111.203125,111.09375,111.1875,36803.0,2024-12-09 10:00:00-05:00
2024-12-09 15:15:00+00:00,111.171875,111.171875,111.1875,111.15625,111.1875,14195.0,2024-12-09 10:15:00-05:00
2024-12-09 15:30:00+00:00,111.1875,111.1875,111.203125,111.15625,111.171875,15748.0,2024-12-09 10:30:00-05:00
2024-12-09 15:45:00+00:00,111.15625,111.15625,111.1875,111.03125,111.1875,39756.0,2024-12-09 10:45:00-05:00
2024-12-09 16:00:00+00:00,111.171875,111.171875,111.203125,111.15625,111.15625,31400.0,2024-12-09 11:00:00-05:00
2024-12-09 16:15:00+00:00,111.15625,111.15625,111.1875,110.984375,111.171875,13727.0,2024-12-09 11:15:00-05:00
2024-12-09 16:30:00+00:00,111.140625,111.140625,111.171875,111.125,111.15625,8389.0,2024-12-09 11:30:00-05:00
2024-12-09 16:45:00+00:00,111.125,111.125,111.15625,111.125,111.140625,5142.0,2024-12-09 11:45:00-05:00
2024-12-09 18:00:00+00:00,111.1875,111.1875,111.203125,111.15625,111.15625,6538.0,2024-12-09 13:00:00-05:00
2024-12-09 18:15:00+00:00,111.171875,111.171875,111.1875,111.171875,111.1875,1339.0,2024-12-09 13:15:00-05:00
2024-12-09 18:30:00+00:00,111.1875,111.1875,111.1875,111.015625,111.171875,669.0,2024-12-09 13:30:00-05:00
2024-12-09 18:45:00+00:00,111.1875,111.1875,111.1875,111.15625,111.1875,1238.0,2024-12-09 13:45:00-05:00
2024-12-09 19:00:00+00:00,111.1875,111.1875,111.203125,111.15625,111.1875,2607.0,2024-12-09 14:00:00-05:00
2024-12-09 19:15:00+00:00,111.15625,111.15625,111.1875,111.140625,111.1875,3542.0,2024-12-09 14:15:00-05:00
2024-12-09 19:30:00+00:00,111.1875,111.1875,111.1875,111.15625,111.171875,1122.0,2024-12-09 14:30:00-05:00
2024-12-09 19:45:00+00:00,111.15625,111.15625,111.1875,111.140625,111.1875,3541.0,2024-12-09 14:45:00-05:00
2024-12-09 20:00:00+00:00,111.15625,111.15625,111.171875,111.140625,111.15625,4297.0,2024-12-09 15:00:00-05:00
2024-12-09 20:15:00+00:00,111.171875,111.171875,111.171875,111.15625,111.171875,1436.0,2024-12-09 15:15:00-05:00
2024-12-09 20:30:00+00:00,111.171875,111.171875,111.1875,111.171875,111.171875,3289.0,2024-12-09 15:30:00-05:00
2024-12-09 20:45:00+00:00,111.15625,111.15625,111.1875,111.15625,111.15625,2283.0,2024-12-09 15:45:00-05:00
2024-12-09 21:00:00+00:00,111.15625,111.15625,111.203125,111.15625,111.15625,2496.0,2024-12-09 16:00:00-05:00
2024-12-09 21:15:00+00:00,111.171875,111.171875,111.1875,111.15625,111.171875,2293.0,2024-12-09 16:15:00-05:00
2024-12-09 21:30:00+00:00,111.1875,111.1875,111.1875,111.15625,111.171875,1695.0,2024-12-09 16:30:00-05:00
2024-12-09 21:45:00+00:00,111.1875,111.1875,111.203125,111.1875,111.1875,373.0,2024-12-09 16:45:00-05:00
2024-12-09 22:00:00+00:00,111.203125,111.203125,111.203125,111.1875,111.203125,2710.0,2024-12-09 17:00:00-05:00
2024-12-09 22:15:00+00:00,111.1875,111.1875,111.203125,111.1875,111.203125,2510.0,2024-12-09 17:15:00-05:00
2024-12-09 22:30:00+00:00,111.234375,111.234375,111.25,111.1875,111.1875,6537.0,2024-12-09 17:30:00-05:00
2024-12-09 22:45:00+00:00,111.203125,111.203125,111.234375,111.203125,111.234375,2026.0,2024-12-09 17:45:00-05:00
2024-12-09 23:00:00+00:00,111.21875,111.21875,111.21875,111.203125,111.21875,862.0,2024-12-09 18:00:00-05:00
2024-12-09 23:15:00+00:00,111.21875,111.21875,111.21875,111.1875,111.21875,1988.0,2024-12-09 18:15:00-05:00
2024-12-09 23:30:00+00:00,111.21875,111.21875,111.21875,111.203125,111.21875,1997.0,2024-12-09 18:30:00-05:00
2024-12-09 23:45:00+00:00,111.21875,111.21875,111.234375,111.203125,111.21875,1194.0,2024-12-09 18:45:00-05:00
2024-12-10 00:00:00+00:00,111.21875,111.21875,111.234375,111.21875,111.21875,98.0,2024-12-09 19:00:00-05:00
2024-12-10 00:15:00+00:00,111.21875,111.21875,111.234375,111.203125,111.21875,1366.0,2024-12-09 19:15:00-05:00
2024-12-10 00:30:00+00:00,111.21875,111.21875,111.21875,111.1875,111.21875,1806.0,2024-12-09 19:30:00-05:00
2024-12-10 00:45:00+00:00,111.25,111.25,111.28125,111.21875,111.21875,6964.0,2024-12-09 19:45:00-05:00
2024-12-10 01:00:00+00:00,111.25,111.25,111.265625,111.234375,111.265625,4587.0,2024-12-09 20:00:00-05:00
2024-12-10 01:15:00+00:00,111.234375,111.234375,111.265625,111.234375,111.25,3353.0,2024-12-09 20:15:00-05:00
2024-12-10 01:30:00+00:00,111.21875,111.21875,111.25,111.21875,111.25,1531.0,2024-12-09 20:30:00-05:00
2024-12-10 01:45:00+00:00,111.234375,111.234375,111.25,111.21875,111.234375,2578.0,2024-12-09 20:45:00-05:00
2024-12-10 02:00:00+00:00,111.234375,111.234375,111.25,111.21875,111.234375,2891.0,2024-12-09 21:00:00-05:00
2024-12-10 02:15:00+00:00,111.21875,111.21875,111.25,111.203125,111.234375,4015.0,2024-12-09 21:15:00-05:00
2024-12-10 02:30:00+00:00,111.171875,111.171875,111.21875,111.15625,111.21875,5537.0,2024-12-09 21:30:00-05:00
2024-12-10 02:45:00+00:00,111.09375,111.09375,111.1875,111.0625,111.171875,16301.0,2024-12-09 21:45:00-05:00
2024-12-10 03:00:00+00:00,111.046875,111.046875,111.09375,111.046875,111.078125,10642.0,2024-12-09 22:00:00-05:00
2024-12-10 03:15:00+00:00,111.125,111.125,111.125,110.90625,111.046875,10229.0,2024-12-09 22:15:00-05:00
2024-12-10 03:30:00+00:00,111.078125,111.078125,111.125,111.078125,111.109375,7390.0,2024-12-09 22:30:00-05:00
2024-12-10 03:45:00+00:00,111.09375,111.09375,111.125,111.078125,111.078125,3513.0,2024-12-09 22:45:00-05:00
2024-12-10 04:00:00+00:00,111.078125,111.078125,111.140625,111.078125,111.09375,5332.0,2024-12-09 23:00:00-05:00
2024-12-10 04:15:00+00:00,111.078125,111.078125,111.109375,111.078125,111.09400177001952,10409.0,2024-12-09 23:15:00-05:00
2024-12-10 04:30:00+00:00,111.09375,111.09375,111.109375,111.078125,111.078125,8876.0,2024-12-09 23:30:00-05:00
2024-12-10 04:45:00+00:00,111.078125,111.078125,111.109375,110.96875,111.078125,7432.0,2024-12-09 23:45:00-05:00
2024-12-10 05:00:00+00:00,111.0625,111.0625,111.09375,111.046875,111.0625,5570.0,2024-12-10 00:00:00-05:00
2024-12-10 05:15:00+00:00,111.078125,111.078125,111.09375,111.046875,111.0625,6924.0,2024-12-10 00:15:00-05:00
2024-12-10 05:30:00+00:00,111.078125,111.078125,111.09375,111.0625,111.09375,8940.0,2024-12-10 00:30:00-05:00
2024-12-10 05:45:00+00:00,111.046875,111.046875,111.09375,111.046875,111.078125,5605.0,2024-12-10 00:45:00-05:00
2024-12-10 06:00:00+00:00,111.03125,111.03125,111.0625,111.0,111.046875,17102.0,2024-12-10 01:00:00-05:00
2024-12-10 06:15:00+00:00,111.0,111.0,111.03125,110.859375,111.015625,16884.0,2024-12-10 01:15:00-05:00
2024-12-10 06:30:00+00:00,111.0,111.0,111.0,110.984375,110.984375,8807.0,2024-12-10 01:30:00-05:00
2024-12-10 06:45:00+00:00,110.953125,110.953125,111.0,110.9375,111.0,14849.0,2024-12-10 01:45:00-05:00
2024-12-10 07:00:00+00:00,110.953125,110.953125,110.953125,110.890625,110.953125,21682.0,2024-12-10 02:00:00-05:00
2024-12-10 07:15:00+00:00,110.953125,110.953125,110.984375,110.921875,110.953125,12817.0,2024-12-10 02:15:00-05:00
2024-12-10 07:30:00+00:00,110.9375,110.9375,110.96875,110.9375,110.96875,14220.0,2024-12-10 02:30:00-05:00
2024-12-10 07:45:00+00:00,110.90625,110.90625,110.953125,110.90625,110.9375,14718.0,2024-12-10 02:45:00-05:00
2024-12-10 08:00:00+00:00,110.9375,110.9375,110.9375,110.84375,110.921875,28502.0,2024-12-10 03:00:00-05:00
2024-12-10 08:15:00+00:00,110.984375,110.984375,110.984375,110.84375,110.921875,30135.0,2024-12-10 03:15:00-05:00
2024-12-10 08:30:00+00:00,110.9375,110.9375,111.015625,110.9375,110.96875,53490.0,2024-12-10 03:30:00-05:00
2024-12-10 08:45:00+00:00,110.953125,110.953125,110.953125,110.796875,110.9375,41279.0,2024-12-10 03:45:00-05:00
2024-12-10 09:00:00+00:00,110.984375,110.984375,110.984375,110.9375,110.953125,25477.0,2024-12-10 04:00:00-05:00
2024-12-10 09:15:00+00:00,110.921875,110.921875,110.984375,110.90625,110.96875,17497.0,2024-12-10 04:15:00-05:00
2024-12-10 09:30:00+00:00,110.984375,110.984375,111.0,110.921875,110.921875,33361.0,2024-12-10 04:30:00-05:00
2024-12-10 09:45:00+00:00,110.984375,110.984375,111.03125,110.953125,110.984375,35179.0,2024-12-10 04:45:00-05:00
2024-12-10 10:00:00+00:00,110.96875,110.96875,111.03125,110.9375,110.984375,25571.0,2024-12-10 05:00:00-05:00
2024-12-10 10:15:00+00:00,110.90625,110.90625,110.984375,110.875,110.953125,31520.0,2024-12-10 05:15:00-05:00
2024-12-10 10:30:00+00:00,110.859375,110.859375,110.890625,110.84375,110.890625,31231.0,2024-12-10 05:30:00-05:00
2024-12-10 10:45:00+00:00,110.84375,110.84375,110.890625,110.8125,110.875,36418.0,2024-12-10 05:45:00-05:00
2024-12-10 11:00:00+00:00,110.875,110.875,110.890625,110.6875,110.84375,46631.0,2024-12-10 06:00:00-05:00
2024-12-10 11:15:00+00:00,110.90625,110.90625,110.96875,110.875,110.890625,36295.0,2024-12-10 06:15:00-05:00
2024-12-10 11:30:00+00:00,110.890625,110.890625,110.9375,110.859375,110.921875,19782.0,2024-12-10 06:30:00-05:00
2024-12-10 11:45:00+00:00,110.890625,110.890625,110.921875,110.84375,110.890625,17579.0,2024-12-10 06:45:00-05:00
2024-12-10 12:00:00+00:00,110.90625,110.90625,110.9375,110.78125,110.890625,17949.0,2024-12-10 07:00:00-05:00
2024-12-10 12:15:00+00:00,110.90625,110.90625,110.921875,110.890625,110.90625,9338.0,2024-12-10 07:15:00-05:00
2024-12-10 12:30:00+00:00,110.875,110.875,110.90625,110.859375,110.90625,18917.0,2024-12-10 07:30:00-05:00
2024-12-10 12:45:00+00:00,110.875,110.875,110.90625,110.84375,110.890625,28948.0,2024-12-10 07:45:00-05:00
2024-12-10 13:00:00+00:00,110.953125,110.953125,110.953125,110.859375,110.875,20951.0,2024-12-10 08:00:00-05:00
2024-12-10 13:15:00+00:00,110.921875,110.921875,110.953125,110.890625,110.953125,11758.0,2024-12-10 08:15:00-05:00
2024-12-10 13:30:00+00:00,110.9375,110.9375,110.9375,110.890625,110.921875,10552.0,2024-12-10 08:30:00-05:00
2024-12-10 13:45:00+00:00,110.96875,110.96875,110.984375,110.921875,110.9375,21418.0,2024-12-10 08:45:00-05:00
2024-12-10 14:00:00+00:00,110.984375,110.984375,111.015625,110.9375,110.96875,28827.0,2024-12-10 09:00:00-05:00
2024-12-10 14:15:00+00:00,110.96875,110.96875,111.015625,110.96875,111.0,19887.0,2024-12-10 09:15:00-05:00
2024-12-10 14:30:00+00:00,110.953125,110.953125,110.96875,110.9375,110.96875,8068.0,2024-12-10 09:30:00-05:00
2024-12-10 14:45:00+00:00,110.984375,110.984375,111.0,110.953125,110.953125,51101.0,2024-12-10 09:45:00-05:00
2024-12-10 15:00:00+00:00,110.984375,110.984375,111.015625,110.953125,111.0,44349.0,2024-12-10 10:00:00-05:00
2024-12-10 15:15:00+00:00,111.015625,111.015625,111.015625,110.96875,110.984375,22682.0,2024-12-10 10:15:00-05:00
2024-12-10 15:30:00+00:00,111.0,111.0,111.03125,110.859375,111.0,17182.0,2024-12-10 10:30:00-05:00
2024-12-10 15:45:00+00:00,110.953125,110.953125,111.015625,110.9375,111.015625,29443.0,2024-12-10 10:45:00-05:00
2024-12-10 16:00:00+00:00,110.9375,110.9375,111.0,110.9375,110.953125,24799.0,2024-12-10 11:00:00-05:00
2024-12-10 16:15:00+00:00,110.9375,110.9375,110.96875,110.9375,110.953125,7190.0,2024-12-10 11:15:00-05:00
2024-12-10 16:30:00+00:00,110.953125,110.953125,110.984375,110.9375,110.953125,8134.0,2024-12-10 11:30:00-05:00
2024-12-10 16:45:00+00:00,110.96875,110.96875,111.0,110.953125,110.96875,4977.0,2024-12-10 11:45:00-05:00
2024-12-10 18:00:00+00:00,110.984375,110.984375,110.984375,110.96875,110.96875,1443.0,2024-12-10 13:00:00-05:00
2024-12-10 18:15:00+00:00,110.984375,110.984375,111.0,110.96875,110.984375,1252.0,2024-12-10 13:15:00-05:00
2024-12-10 18:30:00+00:00,110.953125,110.953125,110.984375,110.9375,110.984375,2240.0,2024-12-10 13:30:00-05:00
2024-12-10 18:45:00+00:00,110.96875,110.96875,110.96875,110.953125,110.953125,1986.0,2024-12-10 13:45:00-05:00
2024-12-10 19:00:00+00:00,110.953125,110.953125,111.0,110.953125,110.96875,2015.0,2024-12-10 14:00:00-05:00
2024-12-10 19:15:00+00:00,110.9375,110.9375,110.96875,110.9375,110.96875,1263.0,2024-12-10 14:15:00-05:00
2024-12-10 19:30:00+00:00,110.9375,110.9375,110.953125,110.9375,110.9375,1261.0,2024-12-10 14:30:00-05:00
2024-12-10 19:45:00+00:00,110.9375,110.9375,110.953125,110.921875,110.9375,1970.0,2024-12-10 14:45:00-05:00
2024-12-10 20:00:00+00:00,110.953125,110.953125,110.953125,110.921875,110.9375,2855.0,2024-12-10 15:00:00-05:00
2024-12-10 20:15:00+00:00,110.9375,110.9375,110.953125,110.921875,110.9375,1141.0,2024-12-10 15:15:00-05:00
2024-12-10 20:30:00+00:00,110.921875,110.921875,110.9375,110.921875,110.9375,630.0,2024-12-10 15:30:00-05:00
2024-12-10 20:45:00+00:00,110.9375,110.9375,110.9375,110.921875,110.9375,2499.0,2024-12-10 15:45:00-05:00
2024-12-10 21:00:00+00:00,110.90625,110.90625,110.953125,110.90625,110.953125,3786.0,2024-12-10 16:00:00-05:00
2024-12-10 21:15:00+00:00,110.921875,110.921875,110.9375,110.90625,110.921875,1597.0,2024-12-10 16:15:00-05:00
2024-12-10 21:30:00+00:00,110.921875,110.921875,110.9375,110.90625,110.90625,1707.0,2024-12-10 16:30:00-05:00
2024-12-10 21:45:00+00:00,110.90625,110.90625,110.9375,110.890625,110.90625,4698.0,2024-12-10 16:45:00-05:00
2024-12-10 22:00:00+00:00,110.890625,110.890625,110.921875,110.890625,110.90625,2303.0,2024-12-10 17:00:00-05:00
2024-12-10 22:15:00+00:00,110.875,110.875,110.90625,110.875,110.90625,1856.0,2024-12-10 17:15:00-05:00
2024-12-10 22:30:00+00:00,110.875,110.875,110.90625,110.875,110.875,1303.0,2024-12-10 17:30:00-05:00
2024-12-10 22:45:00+00:00,110.875,110.875,110.890625,110.859375,110.875,1441.0,2024-12-10 17:45:00-05:00
2024-12-10 23:00:00+00:00,110.890625,110.890625,110.890625,110.875,110.875,1728.0,2024-12-10 18:00:00-05:00
2024-12-10 23:15:00+00:00,110.890625,110.890625,110.890625,110.875,110.890625,153.0,2024-12-10 18:15:00-05:00
2024-12-10 23:30:00+00:00,110.875,110.875,110.890625,110.859375,110.875,1560.0,2024-12-10 18:30:00-05:00
2024-12-10 23:45:00+00:00,110.875,110.875,110.890625,110.859375,110.890625,536.0,2024-12-10 18:45:00-05:00
2024-12-11 00:00:00+00:00,110.875,110.875,110.875,110.875,110.875,54.0,2024-12-10 19:00:00-05:00
2024-12-11 00:15:00+00:00,110.875,110.875,110.890625,110.875,110.890625,569.0,2024-12-10 19:15:00-05:00
2024-12-11 00:30:00+00:00,110.875,110.875,110.890625,110.859375,110.875,2336.0,2024-12-10 19:30:00-05:00
2024-12-11 00:45:00+00:00,110.875,110.875,110.875,110.859375,110.875,1334.0,2024-12-10 19:45:00-05:00
2024-12-11 01:00:00+00:00,110.890625,110.890625,110.90625,110.875,110.875,1095.0,2024-12-10 20:00:00-05:00
2024-12-11 01:15:00+00:00,110.875,110.875,110.90625,110.875,110.890625,2419.0,2024-12-10 20:15:00-05:00
2024-12-11 01:30:00+00:00,110.875,110.875,110.90625,110.875,110.890625,1441.0,2024-12-10 20:30:00-05:00
2024-12-11 01:45:00+00:00,110.875,110.875,110.890625,110.859375,110.875,1032.0,2024-12-10 20:45:00-05:00
2024-12-11 02:00:00+00:00,110.90625,110.90625,110.921875,110.859375,110.875,3458.0,2024-12-10 21:00:00-05:00
2024-12-11 02:15:00+00:00,110.921875,110.921875,110.921875,110.90625,110.90625,2588.0,2024-12-10 21:15:00-05:00
2024-12-11 02:30:00+00:00,110.953125,110.953125,110.96875,110.921875,110.921875,8790.0,2024-12-10 21:30:00-05:00
2024-12-11 02:45:00+00:00,110.9375,110.9375,110.96875,110.921875,110.96875,10348.0,2024-12-10 21:45:00-05:00
2024-12-11 03:00:00+00:00,110.9375,110.9375,110.984375,110.921875,110.9375,9181.0,2024-12-10 22:00:00-05:00
2024-12-11 03:15:00+00:00,110.921875,110.921875,110.953125,110.90625,110.953125,5388.0,2024-12-10 22:15:00-05:00
2024-12-11 03:30:00+00:00,110.953125,110.953125,110.96875,110.921875,110.9375,7000.0,2024-12-10 22:30:00-05:00
2024-12-11 03:45:00+00:00,110.890625,110.890625,110.953125,110.890625,110.953125,5782.0,2024-12-10 22:45:00-05:00
2024-12-11 04:00:00+00:00,110.90625,110.90625,110.9375,110.890625,110.890625,3628.0,2024-12-10 23:00:00-05:00
2024-12-11 04:15:00+00:00,110.90625,110.90625,110.90625,110.890625,110.89099884033205,13359.0,2024-12-10 23:15:00-05:00
2024-12-11 04:30:00+00:00,110.859375,110.859375,110.921875,110.859375,110.90625,4867.0,2024-12-10 23:30:00-05:00
2024-12-11 04:45:00+00:00,110.859375,110.859375,110.890625,110.859375,110.859375,7847.0,2024-12-10 23:45:00-05:00
2024-12-11 05:00:00+00:00,110.875,110.875,110.875,110.84375,110.875,8687.0,2024-12-11 00:00:00-05:00
2024-12-11 05:15:00+00:00,110.890625,110.890625,110.90625,110.875,110.875,5885.0,2024-12-11 00:15:00-05:00
2024-12-11 05:30:00+00:00,110.890625,110.890625,110.90625,110.890625,110.890625,3568.0,2024-12-11 00:30:00-05:00
2024-12-11 05:45:00+00:00,110.875,110.875,110.921875,110.875,110.90625,4081.0,2024-12-11 00:45:00-05:00
2024-12-11 06:00:00+00:00,110.859375,110.859375,110.90625,110.859375,110.875,3746.0,2024-12-11 01:00:00-05:00
2024-12-11 06:15:00+00:00,110.859375,110.859375,110.890625,110.859375,110.859375,2548.0,2024-12-11 01:15:00-05:00
2024-12-11 06:30:00+00:00,110.875,110.875,110.875,110.84375,110.859375,4946.0,2024-12-11 01:30:00-05:00
2024-12-11 06:45:00+00:00,110.859375,110.859375,110.890625,110.84375,110.875,6597.0,2024-12-11 01:45:00-05:00
2024-12-11 07:00:00+00:00,110.8125,110.8125,110.875,110.796875,110.859375,15123.0,2024-12-11 02:00:00-05:00
2024-12-11 07:15:00+00:00,110.8125,110.8125,110.859375,110.8125,110.8125,8209.0,2024-12-11 02:15:00-05:00
2024-12-11 07:30:00+00:00,110.84375,110.84375,110.859375,110.8125,110.828125,6936.0,2024-12-11 02:30:00-05:00
2024-12-11 07:45:00+00:00,110.8125,110.8125,110.859375,110.8125,110.828125,12321.0,2024-12-11 02:45:00-05:00
2024-12-11 08:00:00+00:00,110.8125,110.8125,110.84375,110.8125,110.828125,20142.0,2024-12-11 03:00:00-05:00
2024-12-11 08:15:00+00:00,110.875,110.875,110.90625,110.796875,110.828125,43368.0,2024-12-11 03:15:00-05:00
2024-12-11 08:30:00+00:00,111.109375,111.109375,111.125,110.78125,110.859375,208178.0,2024-12-11 03:30:00-05:00
2024-12-11 08:45:00+00:00,111.046875,111.046875,111.109375,110.96875,111.109375,97350.0,2024-12-11 03:45:00-05:00
2024-12-11 09:00:00+00:00,111.15625,111.15625,111.15625,111.046875,111.046875,66869.0,2024-12-11 04:00:00-05:00
2024-12-11 09:15:00+00:00,111.125,111.125,111.1875,111.109375,111.15625,62933.0,2024-12-11 04:15:00-05:00
2024-12-11 09:30:00+00:00,111.125,111.125,111.21875,111.09375,111.125,45965.0,2024-12-11 04:30:00-05:00
2024-12-11 09:45:00+00:00,111.09375,111.09375,111.171875,111.078125,111.140625,41999.0,2024-12-11 04:45:00-05:00
2024-12-11 10:00:00+00:00,111.015625,111.015625,111.09375,110.96875,111.078125,42708.0,2024-12-11 05:00:00-05:00
2024-12-11 10:15:00+00:00,110.921875,110.921875,111.03125,110.90625,111.03125,52159.0,2024-12-11 05:15:00-05:00
2024-12-11 10:30:00+00:00,110.890625,110.890625,110.953125,110.859375,110.90625,50499.0,2024-12-11 05:30:00-05:00
2024-12-11 10:45:00+00:00,110.859375,110.859375,110.90625,110.828125,110.890625,32920.0,2024-12-11 05:45:00-05:00
2024-12-11 11:00:00+00:00,110.875,110.875,110.90625,110.828125,110.859375,35454.0,2024-12-11 06:00:00-05:00
2024-12-11 11:15:00+00:00,110.875,110.875,110.90625,110.859375,110.875,30123.0,2024-12-11 06:15:00-05:00
2024-12-11 11:30:00+00:00,110.96875,110.96875,110.96875,110.875,110.875,24917.0,2024-12-11 06:30:00-05:00
2024-12-11 11:45:00+00:00,110.96875,110.96875,110.984375,110.921875,110.953125,26190.0,2024-12-11 06:45:00-05:00
2024-12-11 12:00:00+00:00,110.9375,110.9375,110.984375,110.9375,110.96875,14824.0,2024-12-11 07:00:00-05:00
2024-12-11 12:15:00+00:00,110.859375,110.859375,110.9375,110.859375,110.9375,16119.0,2024-12-11 07:15:00-05:00
2024-12-11 12:30:00+00:00,110.859375,110.859375,110.890625,110.84375,110.859375,22882.0,2024-12-11 07:30:00-05:00
2024-12-11 12:45:00+00:00,110.84375,110.84375,110.875,110.8125,110.859375,25464.0,2024-12-11 07:45:00-05:00
2024-12-11 13:00:00+00:00,110.875,110.875,110.96875,110.84375,110.84375,42342.0,2024-12-11 08:00:00-05:00
2024-12-11 13:15:00+00:00,110.84375,110.84375,110.90625,110.828125,110.875,18214.0,2024-12-11 08:15:00-05:00
2024-12-11 13:30:00+00:00,110.75,110.75,110.859375,110.734375,110.828125,31765.0,2024-12-11 08:30:00-05:00
2024-12-11 13:45:00+00:00,110.671875,110.671875,110.75,110.671875,110.75,44477.0,2024-12-11 08:45:00-05:00
2024-12-11 14:00:00+00:00,110.703125,110.703125,110.71875,110.640625,110.6875,39800.0,2024-12-11 09:00:00-05:00
2024-12-11 14:15:00+00:00,110.6875,110.6875,110.703125,110.65625,110.703125,19254.0,2024-12-11 09:15:00-05:00
2024-12-11 14:30:00+00:00,110.6875,110.6875,110.71875,110.671875,110.6875,19997.0,2024-12-11 09:30:00-05:00
2024-12-11 14:45:00+00:00,110.703125,110.703125,110.703125,110.640625,110.671875,96869.0,2024-12-11 09:45:00-05:00
2024-12-11 15:00:00+00:00,110.6875,110.6875,110.703125,110.671875,110.6875,55008.0,2024-12-11 10:00:00-05:00
2024-12-11 15:15:00+00:00,110.71875,110.71875,110.734375,110.6875,110.6875,21494.0,2024-12-11 10:15:00-05:00
2024-12-11 15:30:00+00:00,110.703125,110.703125,110.734375,110.6875,110.71875,9100.0,2024-12-11 10:30:00-05:00
2024-12-11 15:45:00+00:00,110.703125,110.703125,110.734375,110.6875,110.703125,19390.0,2024-12-11 10:45:00-05:00
2024-12-11 16:00:00+00:00,110.734375,110.734375,110.734375,110.671875,110.6875,16436.0,2024-12-11 11:00:00-05:00
2024-12-11 16:15:00+00:00,110.703125,110.703125,110.71875,110.6875,110.71875,10345.0,2024-12-11 11:15:00-05:00
2024-12-11 16:30:00+00:00,110.671875,110.671875,110.71875,110.65625,110.703125,17103.0,2024-12-11 11:30:00-05:00
2024-12-11 16:45:00+00:00,110.671875,110.671875,110.703125,110.65625,110.671875,7506.0,2024-12-11 11:45:00-05:00
2024-12-11 18:00:00+00:00,110.71875,110.71875,110.734375,110.671875,110.671875,2407.0,2024-12-11 13:00:00-05:00
2024-12-11 18:15:00+00:00,110.71875,110.71875,110.734375,110.71875,110.734375,859.0,2024-12-11 13:15:00-05:00
2024-12-11 18:30:00+00:00,110.703125,110.703125,110.71875,110.703125,110.71875,772.0,2024-12-11 13:30:00-05:00
2024-12-11 18:45:00+00:00,110.734375,110.734375,110.734375,110.703125,110.703125,1852.0,2024-12-11 13:45:00-05:00
2024-12-11 19:00:00+00:00,110.71875,110.71875,110.75,110.703125,110.71875,4277.0,2024-12-11 14:00:00-05:00
2024-12-11 19:15:00+00:00,110.6875,110.6875,110.71875,110.6875,110.71875,3858.0,2024-12-11 14:15:00-05:00
2024-12-11 19:30:00+00:00,110.6875,110.6875,110.6875,110.65625,110.6875,6994.0,2024-12-11 14:30:00-05:00
2024-12-11 19:45:00+00:00,110.671875,110.671875,110.6875,110.640625,110.671875,4381.0,2024-12-11 14:45:00-05:00
2024-12-11 20:00:00+00:00,110.703125,110.703125,110.703125,110.65625,110.671875,3859.0,2024-12-11 15:00:00-05:00
2024-12-11 20:15:00+00:00,110.671875,110.671875,110.703125,110.671875,110.6875,1235.0,2024-12-11 15:15:00-05:00
2024-12-11 20:30:00+00:00,110.671875,110.671875,110.703125,110.65625,110.6875,2442.0,2024-12-11 15:30:00-05:00
2024-12-11 20:45:00+00:00,110.671875,110.671875,110.671875,110.65625,110.671875,446.0,2024-12-11 15:45:00-05:00
2024-12-11 21:00:00+00:00,110.625,110.625,110.671875,110.609375,110.671875,5756.0,2024-12-11 16:00:00-05:00
2024-12-11 21:15:00+00:00,110.625,110.625,110.640625,110.609375,110.625,11220.0,2024-12-11 16:15:00-05:00
2024-12-11 21:30:00+00:00,110.625,110.625,110.640625,110.609375,110.625,4232.0,2024-12-11 16:30:00-05:00
2024-12-11 21:45:00+00:00,110.625,110.625,110.640625,110.609375,110.625,4270.0,2024-12-11 16:45:00-05:00
2024-12-11 22:00:00+00:00,110.609375,110.609375,110.640625,110.59375,110.625,2532.0,2024-12-11 17:00:00-05:00
2024-12-11 22:15:00+00:00,110.609375,110.609375,110.609375,110.578125,110.59375,3172.0,2024-12-11 17:15:00-05:00
2024-12-11 22:30:00+00:00,110.625,110.625,110.625,110.59375,110.609375,2402.0,2024-12-11 17:30:00-05:00
2024-12-11 22:45:00+00:00,110.625,110.625,110.625,110.59375,110.609375,1773.0,2024-12-11 17:45:00-05:00
2024-12-11 23:00:00+00:00,110.609375,110.609375,110.640625,110.609375,110.609375,1197.0,2024-12-11 18:00:00-05:00
2024-12-11 23:15:00+00:00,110.609375,110.609375,110.625,110.59375,110.625,1004.0,2024-12-11 18:15:00-05:00
2024-12-11 23:30:00+00:00,110.59375,110.59375,110.609375,110.59375,110.59375,753.0,2024-12-11 18:30:00-05:00
2024-12-11 23:45:00+00:00,110.59375,110.59375,110.609375,110.59375,110.609375,597.0,2024-12-11 18:45:00-05:00
2024-12-12 00:00:00+00:00,110.609375,110.609375,110.625,110.59375,110.609375,1994.0,2024-12-11 19:00:00-05:00
2024-12-12 00:15:00+00:00,110.625,110.625,110.625,110.59375,110.609375,2017.0,2024-12-11 19:15:00-05:00
2024-12-12 00:30:00+00:00,110.609375,110.609375,110.625,110.609375,110.625,1962.0,2024-12-11 19:30:00-05:00
2024-12-12 00:45:00+00:00,110.625,110.625,110.640625,110.609375,110.609375,3659.0,2024-12-11 19:45:00-05:00
2024-12-12 01:00:00+00:00,110.625,110.625,110.625,110.609375,110.625,827.0,2024-12-11 20:00:00-05:00
2024-12-12 01:15:00+00:00,110.625,110.625,110.640625,110.609375,110.625,2927.0,2024-12-11 20:15:00-05:00
2024-12-12 01:30:00+00:00,110.640625,110.640625,110.65625,110.609375,110.640625,2904.0,2024-12-11 20:30:00-05:00
2024-12-12 01:45:00+00:00,110.640625,110.640625,110.640625,110.625,110.640625,1100.0,2024-12-11 20:45:00-05:00
2024-12-12 02:00:00+00:00,110.625,110.625,110.640625,110.59375,110.640625,7228.0,2024-12-11 21:00:00-05:00
2024-12-12 02:15:00+00:00,110.59375,110.59375,110.625,110.59375,110.625,5557.0,2024-12-11 21:15:00-05:00
2024-12-12 02:30:00+00:00,110.59375,110.59375,110.59375,110.578125,110.578125,7154.0,2024-12-11 21:30:00-05:00
2024-12-12 02:45:00+00:00,110.59375,110.59375,110.609375,110.578125,110.578125,8646.0,2024-12-11 21:45:00-05:00
2024-12-12 03:00:00+00:00,110.5625,110.5625,110.609375,110.546875,110.59375,14737.0,2024-12-11 22:00:00-05:00
2024-12-12 03:15:00+00:00,110.609375,110.609375,110.609375,110.5625,110.5625,10614.0,2024-12-11 22:15:00-05:00
2024-12-12 03:30:00+00:00,110.578125,110.578125,110.625,110.5625,110.625,14339.0,2024-12-11 22:30:00-05:00
2024-12-12 03:45:00+00:00,110.578125,110.578125,110.59375,110.53125,110.578125,6624.0,2024-12-11 22:45:00-05:00
2024-12-12 04:00:00+00:00,110.5625,110.5625,110.578125,110.515625,110.578125,3980.0,2024-12-11 23:00:00-05:00
2024-12-12 04:15:00+00:00,110.515625,110.515625,110.5625,110.515625,110.5469970703125,17618.0,2024-12-11 23:15:00-05:00
2024-12-12 04:30:00+00:00,110.515625,110.515625,110.546875,110.5,110.515625,13031.0,2024-12-11 23:30:00-05:00
2024-12-12 04:45:00+00:00,110.515625,110.515625,110.546875,110.515625,110.53125,7973.0,2024-12-11 23:45:00-05:00
2024-12-12 05:00:00+00:00,110.53125,110.53125,110.53125,110.5,110.515625,6910.0,2024-12-12 00:00:00-05:00
2024-12-12 05:15:00+00:00,110.515625,110.515625,110.546875,110.5,110.53125,14539.0,2024-12-12 00:15:00-05:00
2024-12-12 05:30:00+00:00,110.515625,110.515625,110.53125,110.5,110.5,6375.0,2024-12-12 00:30:00-05:00
2024-12-12 05:45:00+00:00,110.515625,110.515625,110.53125,110.515625,110.515625,9488.0,2024-12-12 00:45:00-05:00
2024-12-12 06:00:00+00:00,110.515625,110.515625,110.53125,110.5,110.515625,3778.0,2024-12-12 01:00:00-05:00
2024-12-12 06:15:00+00:00,110.515625,110.515625,110.53125,110.5,110.5,17075.0,2024-12-12 01:15:00-05:00
2024-12-12 06:30:00+00:00,110.515625,110.515625,110.546875,110.5,110.515625,6107.0,2024-12-12 01:30:00-05:00
2024-12-12 06:45:00+00:00,110.53125,110.53125,110.546875,110.515625,110.515625,5372.0,2024-12-12 01:45:00-05:00
2024-12-12 07:00:00+00:00,110.5,110.5,110.546875,110.484375,110.53125,13597.0,2024-12-12 02:00:00-05:00
2024-12-12 07:15:00+00:00,110.5,110.5,110.515625,110.421875,110.484375,24768.0,2024-12-12 02:15:00-05:00
2024-12-12 07:30:00+00:00,110.515625,110.515625,110.515625,110.390625,110.453125,10288.0,2024-12-12 02:30:00-05:00
2024-12-12 07:45:00+00:00,110.484375,110.484375,110.53125,110.484375,110.515625,18844.0,2024-12-12 02:45:00-05:00
2024-12-12 08:00:00+00:00,110.546875,110.546875,110.59375,110.484375,110.5,25819.0,2024-12-12 03:00:00-05:00
2024-12-12 08:15:00+00:00,110.578125,110.578125,110.609375,110.515625,110.5625,39857.0,2024-12-12 03:15:00-05:00
2024-12-12 08:30:00+00:00,110.71875,110.71875,110.78125,110.53125,110.578125,136638.0,2024-12-12 03:30:00-05:00
2024-12-12 08:45:00+00:00,110.734375,110.734375,110.75,110.640625,110.71875,52531.0,2024-12-12 03:45:00-05:00
2024-12-12 09:00:00+00:00,110.6875,110.6875,110.78125,110.671875,110.734375,41970.0,2024-12-12 04:00:00-05:00
2024-12-12 09:15:00+00:00,110.609375,110.609375,110.6875,110.59375,110.6875,61284.0,2024-12-12 04:15:00-05:00
2024-12-12 09:30:00+00:00,110.59375,110.59375,110.6875,110.546875,110.625,44996.0,2024-12-12 04:30:00-05:00
2024-12-12 09:45:00+00:00,110.546875,110.546875,110.609375,110.53125,110.59375,34326.0,2024-12-12 04:45:00-05:00
2024-12-12 10:00:00+00:00,110.5625,110.5625,110.578125,110.5,110.53125,39827.0,2024-12-12 05:00:00-05:00
2024-12-12 10:15:00+00:00,110.5625,110.5625,110.59375,110.546875,110.578125,32470.0,2024-12-12 05:15:00-05:00
2024-12-12 10:30:00+00:00,110.59375,110.59375,110.625,110.546875,110.5625,29848.0,2024-12-12 05:30:00-05:00
2024-12-12 10:45:00+00:00,110.59375,110.59375,110.609375,110.5625,110.59375,25727.0,2024-12-12 05:45:00-05:00
2024-12-12 11:00:00+00:00,110.65625,110.65625,110.671875,110.578125,110.59375,30777.0,2024-12-12 06:00:00-05:00
2024-12-12 11:15:00+00:00,110.640625,110.640625,110.671875,110.546875,110.65625,23574.0,2024-12-12 06:15:00-05:00
2024-12-12 11:30:00+00:00,110.578125,110.578125,110.625,110.5625,110.625,19485.0,2024-12-12 06:30:00-05:00
2024-12-12 11:45:00+00:00,110.53125,110.53125,110.578125,110.515625,110.578125,27960.0,2024-12-12 06:45:00-05:00
2024-12-12 12:00:00+00:00,110.546875,110.546875,110.578125,110.5,110.53125,40322.0,2024-12-12 07:00:00-05:00
2024-12-12 12:15:00+00:00,110.5,110.5,110.5625,110.46875,110.546875,30730.0,2024-12-12 07:15:00-05:00
2024-12-12 12:30:00+00:00,110.515625,110.515625,110.546875,110.484375,110.484375,30025.0,2024-12-12 07:30:00-05:00
2024-12-12 12:45:00+00:00,110.546875,110.546875,110.546875,110.5,110.515625,25812.0,2024-12-12 07:45:00-05:00
2024-12-12 13:00:00+00:00,110.484375,110.484375,110.578125,110.453125,110.546875,38041.0,2024-12-12 08:00:00-05:00
2024-12-12 13:15:00+00:00,110.46875,110.46875,110.5,110.453125,110.46875,23991.0,2024-12-12 08:15:00-05:00
2024-12-12 13:30:00+00:00,110.46875,110.46875,110.5,110.453125,110.46875,12944.0,2024-12-12 08:30:00-05:00
2024-12-12 13:45:00+00:00,110.390625,110.390625,110.46875,110.359375,110.453125,41593.0,2024-12-12 08:45:00-05:00
2024-12-12 14:00:00+00:00,110.359375,110.359375,110.421875,110.359375,110.390625,32233.0,2024-12-12 09:00:00-05:00
2024-12-12 14:15:00+00:00,110.359375,110.359375,110.40625,110.34375,110.359375,17390.0,2024-12-12 09:15:00-05:00
2024-12-12 14:30:00+00:00,110.375,110.375,110.390625,110.328125,110.359375,21395.0,2024-12-12 09:30:00-05:00
2024-12-12 14:45:00+00:00,110.390625,110.390625,110.390625,110.34375,110.390625,67430.0,2024-12-12 09:45:00-05:00
2024-12-12 15:00:00+00:00,110.375,110.375,110.390625,110.34375,110.390625,44851.0,2024-12-12 10:00:00-05:00
2024-12-12 15:15:00+00:00,110.375,110.375,110.390625,110.359375,110.375,6541.0,2024-12-12 10:15:00-05:00
2024-12-12 15:30:00+00:00,110.34375,110.34375,110.375,110.34375,110.375,7059.0,2024-12-12 10:30:00-05:00
2024-12-12 15:45:00+00:00,110.34375,110.34375,110.375,110.3125,110.34375,49299.0,2024-12-12 10:45:00-05:00
2024-12-12 16:00:00+00:00,110.296875,110.296875,110.359375,110.28125,110.359375,47120.0,2024-12-12 11:00:00-05:00
2024-12-12 16:15:00+00:00,110.28125,110.28125,110.3125,110.265625,110.3125,9460.0,2024-12-12 11:15:00-05:00
2024-12-12 16:30:00+00:00,110.28125,110.28125,110.3125,110.28125,110.28125,16898.0,2024-12-12 11:30:00-05:00
2024-12-12 16:45:00+00:00,110.34375,110.34375,110.359375,110.28125,110.296875,7167.0,2024-12-12 11:45:00-05:00
2024-12-12 18:00:00+00:00,110.359375,110.359375,110.375,110.328125,110.359375,3251.0,2024-12-12 13:00:00-05:00
2024-12-12 18:15:00+00:00,110.359375,110.359375,110.359375,110.34375,110.34375,1377.0,2024-12-12 13:15:00-05:00
2024-12-12 18:30:00+00:00,110.328125,110.328125,110.359375,110.328125,110.34375,1224.0,2024-12-12 13:30:00-05:00
2024-12-12 18:45:00+00:00,110.34375,110.34375,110.359375,110.34375,110.34375,1403.0,2024-12-12 13:45:00-05:00
2024-12-12 19:00:00+00:00,110.390625,110.390625,110.421875,110.34375,110.359375,10523.0,2024-12-12 14:00:00-05:00
2024-12-12 19:15:00+00:00,110.359375,110.359375,110.40625,110.34375,110.390625,4419.0,2024-12-12 14:15:00-05:00
2024-12-12 19:30:00+00:00,110.375,110.375,110.375,110.359375,110.359375,3287.0,2024-12-12 14:30:00-05:00
2024-12-12 19:45:00+00:00,110.390625,110.390625,110.390625,110.359375,110.375,4631.0,2024-12-12 14:45:00-05:00
2024-12-12 20:00:00+00:00,110.390625,110.390625,110.40625,110.359375,110.390625,2440.0,2024-12-12 15:00:00-05:00
2024-12-12 20:15:00+00:00,110.375,110.375,110.40625,110.359375,110.390625,3374.0,2024-12-12 15:15:00-05:00
2024-12-12 20:30:00+00:00,110.40625,110.40625,110.40625,110.34375,110.375,5353.0,2024-12-12 15:30:00-05:00
2024-12-12 20:45:00+00:00,110.390625,110.390625,110.40625,110.359375,110.390625,1991.0,2024-12-12 15:45:00-05:00
2024-12-12 21:00:00+00:00,110.359375,110.359375,110.390625,110.359375,110.375,2400.0,2024-12-12 16:00:00-05:00
2024-12-12 21:15:00+00:00,110.359375,110.359375,110.375,110.34375,110.375,4229.0,2024-12-12 16:15:00-05:00
2024-12-12 21:30:00+00:00,110.359375,110.359375,110.390625,110.34375,110.359375,3231.0,2024-12-12 16:30:00-05:00
2024-12-12 21:45:00+00:00,110.359375,110.359375,110.375,110.34375,110.359375,2262.0,2024-12-12 16:45:00-05:00
2024-12-12 22:00:00+00:00,110.34375,110.34375,110.359375,110.234375,110.359375,2658.0,2024-12-12 17:00:00-05:00
2024-12-12 22:15:00+00:00,110.328125,110.328125,110.34375,110.3125,110.34375,4696.0,2024-12-12 17:15:00-05:00
2024-12-12 22:30:00+00:00,110.34375,110.34375,110.34375,110.3125,110.3125,745.0,2024-12-12 17:30:00-05:00
2024-12-12 22:45:00+00:00,110.34375,110.34375,110.359375,110.328125,110.34375,1586.0,2024-12-12 17:45:00-05:00
2024-12-12 23:00:00+00:00,110.328125,110.328125,110.34375,110.296875,110.34375,2222.0,2024-12-12 18:00:00-05:00
2024-12-12 23:15:00+00:00,110.328125,110.328125,110.328125,110.328125,110.328125,2408.0,2024-12-12 18:15:00-05:00
2024-12-12 23:30:00+00:00,110.34375,110.34375,110.359375,110.328125,110.328125,1868.0,2024-12-12 18:30:00-05:00
2024-12-12 23:45:00+00:00,110.34375,110.34375,110.359375,110.34375,110.359375,1207.0,2024-12-12 18:45:00-05:00
2024-12-13 00:00:00+00:00,110.328125,110.328125,110.34375,110.3125,110.34375,2600.0,2024-12-12 19:00:00-05:00
2024-12-13 00:15:00+00:00,110.359375,110.359375,110.375,110.34375,110.34375,2875.0,2024-12-12 19:15:00-05:00
2024-12-13 00:30:00+00:00,110.375,110.375,110.375,110.34375,110.359375,1166.0,2024-12-12 19:30:00-05:00
2024-12-13 00:45:00+00:00,110.375,110.375,110.390625,110.359375,110.375,2928.0,2024-12-12 19:45:00-05:00
2024-12-13 01:00:00+00:00,110.375,110.375,110.390625,110.359375,110.390625,742.0,2024-12-12 20:00:00-05:00
2024-12-13 01:15:00+00:00,110.390625,110.390625,110.390625,110.359375,110.359375,1424.0,2024-12-12 20:15:00-05:00
2024-12-13 01:30:00+00:00,110.359375,110.359375,110.390625,110.359375,110.375,2739.0,2024-12-12 20:30:00-05:00
2024-12-13 01:45:00+00:00,110.359375,110.359375,110.375,110.359375,110.359375,1195.0,2024-12-12 20:45:00-05:00
2024-12-13 02:00:00+00:00,110.359375,110.359375,110.390625,110.34375,110.375,6330.0,2024-12-12 21:00:00-05:00
2024-12-13 02:15:00+00:00,110.390625,110.390625,110.390625,110.34375,110.34375,5084.0,2024-12-12 21:15:00-05:00
2024-12-13 02:30:00+00:00,110.390625,110.390625,110.390625,110.375,110.390625,5349.0,2024-12-12 21:30:00-05:00
2024-12-13 02:45:00+00:00,110.40625,110.40625,110.4375,110.375,110.390625,11231.0,2024-12-12 21:45:00-05:00
2024-12-13 03:00:00+00:00,110.375,110.375,110.40625,110.359375,110.40625,11399.0,2024-12-12 22:00:00-05:00
2024-12-13 03:15:00+00:00,110.390625,110.390625,110.40625,110.359375,110.390625,8968.0,2024-12-12 22:15:00-05:00
2024-12-13 03:30:00+00:00,110.34375,110.34375,110.375,110.34375,110.375,10759.0,2024-12-12 22:30:00-05:00
2024-12-13 03:45:00+00:00,110.34375,110.34375,110.375,110.34375,110.359375,9439.0,2024-12-12 22:45:00-05:00
2024-12-13 04:00:00+00:00,110.34375,110.34375,110.375,110.328125,110.328125,1854.0,2024-12-12 23:00:00-05:00
2024-12-13 04:15:00+00:00,110.40625,110.40625,110.421875,110.34375,110.34400177001952,10229.0,2024-12-12 23:15:00-05:00
2024-12-13 04:30:00+00:00,110.328125,110.328125,110.40625,110.328125,110.40625,5103.0,2024-12-12 23:30:00-05:00
2024-12-13 04:45:00+00:00,110.3125,110.3125,110.34375,110.28125,110.328125,6532.0,2024-12-12 23:45:00-05:00
2024-12-13 05:00:00+00:00,110.296875,110.296875,110.328125,110.28125,110.3125,9161.0,2024-12-13 00:00:00-05:00
2024-12-13 05:15:00+00:00,110.296875,110.296875,110.296875,110.28125,110.296875,1913.0,2024-12-13 00:15:00-05:00
2024-12-13 05:30:00+00:00,110.28125,110.28125,110.3125,110.28125,110.296875,5639.0,2024-12-13 00:30:00-05:00
2024-12-13 05:45:00+00:00,110.296875,110.296875,110.296875,110.28125,110.28125,5316.0,2024-12-13 00:45:00-05:00
2024-12-13 06:00:00+00:00,110.28125,110.28125,110.3125,110.265625,110.28125,4530.0,2024-12-13 01:00:00-05:00
2024-12-13 06:15:00+00:00,110.234375,110.234375,110.28125,110.21875,110.28125,11450.0,2024-12-13 01:15:00-05:00
2024-12-13 06:30:00+00:00,110.234375,110.234375,110.25,110.21875,110.234375,5801.0,2024-12-13 01:30:00-05:00
2024-12-13 06:45:00+00:00,110.234375,110.234375,110.25,110.203125,110.234375,12954.0,2024-12-13 01:45:00-05:00
2024-12-13 07:00:00+00:00,110.203125,110.203125,110.234375,110.171875,110.234375,21620.0,2024-12-13 02:00:00-05:00
2024-12-13 07:15:00+00:00,110.15625,110.15625,110.203125,110.15625,110.203125,27005.0,2024-12-13 02:15:00-05:00
2024-12-13 07:30:00+00:00,110.1875,110.1875,110.1875,110.140625,110.171875,10689.0,2024-12-13 02:30:00-05:00
2024-12-13 07:45:00+00:00,110.15625,110.15625,110.203125,110.15625,110.1875,9483.0,2024-12-13 02:45:00-05:00
2024-12-13 08:00:00+00:00,110.171875,110.171875,110.203125,110.15625,110.15625,15456.0,2024-12-13 03:00:00-05:00
2024-12-13 08:15:00+00:00,110.203125,110.203125,110.234375,110.171875,110.1875,29310.0,2024-12-13 03:15:00-05:00
2024-12-13 08:30:00+00:00,110.171875,110.171875,110.234375,110.15625,110.203125,29690.0,2024-12-13 03:30:00-05:00
2024-12-13 08:45:00+00:00,110.1875,110.1875,110.21875,110.171875,110.1875,29242.0,2024-12-13 03:45:00-05:00
2024-12-13 09:00:00+00:00,110.15625,110.15625,110.21875,110.15625,110.203125,26239.0,2024-12-13 04:00:00-05:00
2024-12-13 09:15:00+00:00,110.140625,110.140625,110.171875,110.125,110.171875,27981.0,2024-12-13 04:15:00-05:00
2024-12-13 09:30:00+00:00,110.09375,110.09375,110.171875,110.078125,110.140625,40622.0,2024-12-13 04:30:00-05:00
2024-12-13 09:45:00+00:00,110.078125,110.078125,110.125,110.046875,110.09375,33431.0,2024-12-13 04:45:00-05:00
2024-12-13 10:00:00+00:00,110.0625,110.0625,110.109375,110.046875,110.0625,28232.0,2024-12-13 05:00:00-05:00
2024-12-13 10:15:00+00:00,110.03125,110.03125,110.078125,110.015625,110.0625,46227.0,2024-12-13 05:15:00-05:00
2024-12-13 10:30:00+00:00,110.0625,110.0625,110.078125,110.0,110.03125,25010.0,2024-12-13 05:30:00-05:00
2024-12-13 10:45:00+00:00,110.03125,110.03125,110.078125,110.0,110.0625,23836.0,2024-12-13 05:45:00-05:00
2024-12-13 11:00:00+00:00,110.015625,110.015625,110.03125,109.96875,110.015625,34195.0,2024-12-13 06:00:00-05:00
2024-12-13 11:15:00+00:00,109.984375,109.984375,110.03125,109.984375,110.015625,25770.0,2024-12-13 06:15:00-05:00
2024-12-13 11:30:00+00:00,110.0,110.0,110.0,109.953125,109.984375,24966.0,2024-12-13 06:30:00-05:00
2024-12-13 11:45:00+00:00,109.953125,109.953125,110.015625,109.953125,110.0,31943.0,2024-12-13 06:45:00-05:00
2024-12-13 12:00:00+00:00,109.96875,109.96875,109.984375,109.953125,109.96875,26832.0,2024-12-13 07:00:00-05:00
2024-12-13 12:15:00+00:00,109.890625,109.890625,109.96875,109.890625,109.953125,34377.0,2024-12-13 07:15:00-05:00
2024-12-13 12:30:00+00:00,109.90625,109.90625,109.921875,109.875,109.890625,20843.0,2024-12-13 07:30:00-05:00
2024-12-13 12:45:00+00:00,109.90625,109.90625,109.9375,109.890625,109.90625,14484.0,2024-12-13 07:45:00-05:00
2024-12-13 13:00:00+00:00,109.890625,109.890625,109.921875,109.859375,109.921875,24379.0,2024-12-13 08:00:00-05:00
2024-12-13 13:15:00+00:00,109.875,109.875,109.90625,109.875,109.890625,9495.0,2024-12-13 08:15:00-05:00
2024-12-13 13:30:00+00:00,109.921875,109.921875,109.9375,109.859375,109.875,24037.0,2024-12-13 08:30:00-05:00
2024-12-13 13:45:00+00:00,109.90625,109.90625,109.9375,109.890625,109.921875,10476.0,2024-12-13 08:45:00-05:00
2024-12-13 14:00:00+00:00,109.90625,109.90625,109.921875,109.84375,109.890625,21016.0,2024-12-13 09:00:00-05:00
2024-12-13 14:15:00+00:00,109.875,109.875,109.921875,109.875,109.90625,8327.0,2024-12-13 09:15:00-05:00
2024-12-13 14:30:00+00:00,109.875,109.875,109.890625,109.84375,109.890625,22142.0,2024-12-13 09:30:00-05:00
2024-12-13 14:45:00+00:00,109.859375,109.859375,109.890625,109.828125,109.875,86129.0,2024-12-13 09:45:00-05:00
2024-12-13 15:00:00+00:00,109.828125,109.828125,109.875,109.828125,109.875,32690.0,2024-12-13 10:00:00-05:00
2024-12-13 15:15:00+00:00,109.84375,109.84375,109.859375,109.8125,109.84375,18853.0,2024-12-13 10:15:00-05:00
2024-12-13 15:30:00+00:00,109.84375,109.84375,109.875,109.84375,109.859375,17933.0,2024-12-13 10:30:00-05:00
2024-12-13 15:45:00+00:00,109.875,109.875,109.90625,109.84375,109.84375,24642.0,2024-12-13 10:45:00-05:00
2024-12-13 16:00:00+00:00,109.859375,109.859375,109.890625,109.828125,109.875,29707.0,2024-12-13 11:00:00-05:00
2024-12-13 16:15:00+00:00,109.875,109.875,109.875,109.84375,109.859375,5397.0,2024-12-13 11:15:00-05:00
2024-12-13 16:30:00+00:00,109.890625,109.890625,109.890625,109.859375,109.859375,5247.0,2024-12-13 11:30:00-05:00
2024-12-13 16:45:00+00:00,109.859375,109.859375,109.875,109.84375,109.875,11311.0,2024-12-13 11:45:00-05:00
2024-12-15 18:00:00+00:00,109.9375,109.9375,109.96875,109.859375,109.875,9777.0,2024-12-15 13:00:00-05:00
2024-12-15 18:15:00+00:00,109.9375,109.9375,109.96875,109.9375,109.953125,3513.0,2024-12-15 13:15:00-05:00
2024-12-15 18:30:00+00:00,109.9375,109.9375,109.953125,109.9375,109.953125,4829.0,2024-12-15 13:30:00-05:00
2024-12-15 18:45:00+00:00,109.9375,109.9375,109.96875,109.9375,109.9375,1274.0,2024-12-15 13:45:00-05:00
2024-12-15 19:00:00+00:00,109.921875,109.921875,109.96875,109.921875,109.9375,2784.0,2024-12-15 14:00:00-05:00
2024-12-15 19:15:00+00:00,109.890625,109.890625,109.9375,109.890625,109.921875,3733.0,2024-12-15 14:15:00-05:00
2024-12-15 19:30:00+00:00,109.921875,109.921875,109.9375,109.890625,109.890625,3339.0,2024-12-15 14:30:00-05:00
2024-12-15 19:45:00+00:00,109.90625,109.90625,109.921875,109.890625,109.921875,5237.0,2024-12-15 14:45:00-05:00
2024-12-15 20:00:00+00:00,109.921875,109.921875,109.921875,109.890625,109.90625,4197.0,2024-12-15 15:00:00-05:00
2024-12-15 20:15:00+00:00,109.921875,109.921875,109.921875,109.90625,109.921875,2324.0,2024-12-15 15:15:00-05:00
2024-12-15 20:30:00+00:00,109.90625,109.90625,109.921875,109.890625,109.90625,3920.0,2024-12-15 15:30:00-05:00
2024-12-15 20:45:00+00:00,109.890625,109.890625,109.921875,109.875,109.90625,797.0,2024-12-15 15:45:00-05:00
2024-12-15 21:00:00+00:00,109.90625,109.90625,109.921875,109.875,109.875,1097.0,2024-12-15 16:00:00-05:00
2024-12-15 21:15:00+00:00,109.90625,109.90625,109.921875,109.890625,109.921875,1680.0,2024-12-15 16:15:00-05:00
2024-12-15 21:30:00+00:00,109.921875,109.921875,109.921875,109.890625,109.90625,1428.0,2024-12-15 16:30:00-05:00
2024-12-15 21:45:00+00:00,109.9375,109.9375,109.9375,109.90625,109.90625,2767.0,2024-12-15 16:45:00-05:00
2024-12-15 22:00:00+00:00,109.90625,109.90625,109.921875,109.90625,109.921875,1284.0,2024-12-15 17:00:00-05:00
2024-12-15 22:15:00+00:00,109.921875,109.921875,109.9375,109.90625,109.921875,2103.0,2024-12-15 17:15:00-05:00
2024-12-15 22:30:00+00:00,109.921875,109.921875,109.9375,109.90625,109.921875,1603.0,2024-12-15 17:30:00-05:00
2024-12-15 22:45:00+00:00,109.921875,109.921875,109.9375,109.90625,109.9375,2753.0,2024-12-15 17:45:00-05:00
2024-12-15 23:00:00+00:00,109.921875,109.921875,109.921875,109.90625,109.90625,453.0,2024-12-15 18:00:00-05:00
2024-12-15 23:15:00+00:00,109.90625,109.90625,109.921875,109.90625,109.921875,3964.0,2024-12-15 18:15:00-05:00
2024-12-15 23:30:00+00:00,109.890625,109.890625,109.921875,109.890625,109.890625,2062.0,2024-12-15 18:30:00-05:00
2024-12-15 23:45:00+00:00,109.9375,109.9375,109.9375,109.90625,109.90625,4712.0,2024-12-15 18:45:00-05:00
2024-12-16 00:00:00+00:00,109.921875,109.921875,109.9375,109.921875,109.921875,2405.0,2024-12-15 19:00:00-05:00
2024-12-16 00:15:00+00:00,109.953125,109.953125,109.96875,109.90625,109.921875,3694.0,2024-12-15 19:15:00-05:00
2024-12-16 00:30:00+00:00,109.96875,109.96875,109.96875,109.953125,109.953125,1480.0,2024-12-15 19:30:00-05:00
2024-12-16 00:45:00+00:00,109.96875,109.96875,109.984375,109.953125,109.984375,2565.0,2024-12-15 19:45:00-05:00
2024-12-16 01:00:00+00:00,109.953125,109.953125,109.96875,109.9375,109.96875,4050.0,2024-12-15 20:00:00-05:00
2024-12-16 01:15:00+00:00,109.953125,109.953125,109.96875,109.9375,109.953125,1867.0,2024-12-15 20:15:00-05:00
2024-12-16 01:30:00+00:00,109.953125,109.953125,109.953125,109.953125,109.953125,552.0,2024-12-15 20:30:00-05:00
2024-12-16 01:45:00+00:00,109.96875,109.96875,109.96875,109.9375,109.953125,4643.0,2024-12-15 20:45:00-05:00
2024-12-16 02:00:00+00:00,109.9375,109.9375,109.953125,109.921875,109.953125,3462.0,2024-12-15 21:00:00-05:00
2024-12-16 02:15:00+00:00,109.9375,109.9375,109.953125,109.9375,109.9375,2735.0,2024-12-15 21:15:00-05:00
2024-12-16 02:30:00+00:00,109.921875,109.921875,109.953125,109.921875,109.9375,3109.0,2024-12-15 21:30:00-05:00
2024-12-16 02:45:00+00:00,110.0,110.0,110.0,109.9375,109.9375,13852.0,2024-12-15 21:45:00-05:00
2024-12-16 03:00:00+00:00,109.953125,109.953125,110.0,109.921875,110.0,9120.0,2024-12-15 22:00:00-05:00
2024-12-16 03:15:00+00:00,109.9375,109.9375,109.984375,109.90625,109.9375,14729.0,2024-12-15 22:15:00-05:00
2024-12-16 03:30:00+00:00,109.9375,109.9375,109.96875,109.921875,109.9375,13373.0,2024-12-15 22:30:00-05:00
2024-12-16 03:45:00+00:00,109.953125,109.953125,109.984375,109.9375,109.9375,12198.0,2024-12-15 22:45:00-05:00
2024-12-16 04:00:00+00:00,109.9375,109.9375,109.953125,109.90625,109.9375,6139.0,2024-12-15 23:00:00-05:00
2024-12-16 04:15:00+00:00,109.96875,109.96875,109.96875,109.9530029296875,109.9530029296875,12446.0,2024-12-15 23:15:00-05:00
2024-12-16 04:30:00+00:00,109.953125,109.953125,109.96875,109.953125,109.96875,14692.0,2024-12-15 23:30:00-05:00
2024-12-16 04:45:00+00:00,109.96875,109.96875,109.984375,109.9375,109.953125,11424.0,2024-12-15 23:45:00-05:00
2024-12-16 05:00:00+00:00,110.0,110.0,110.0,109.9375,109.96875,12817.0,2024-12-16 00:00:00-05:00
2024-12-16 05:15:00+00:00,109.984375,109.984375,110.015625,109.984375,110.0,5306.0,2024-12-16 00:15:00-05:00
2024-12-16 05:30:00+00:00,109.96875,109.96875,110.0,109.953125,110.0,5673.0,2024-12-16 00:30:00-05:00
2024-12-16 05:45:00+00:00,109.953125,109.953125,109.96875,109.9375,109.953125,5032.0,2024-12-16 00:45:00-05:00
2024-12-16 06:00:00+00:00,109.953125,109.953125,109.984375,109.9375,109.953125,6662.0,2024-12-16 01:00:00-05:00
2024-12-16 06:15:00+00:00,109.984375,109.984375,110.0,109.953125,109.96875,4673.0,2024-12-16 01:15:00-05:00
2024-12-16 06:30:00+00:00,110.0,110.0,110.0,109.96875,109.96875,3510.0,2024-12-16 01:30:00-05:00
2024-12-16 06:45:00+00:00,110.03125,110.03125,110.03125,109.984375,110.0,9709.0,2024-12-16 01:45:00-05:00
2024-12-16 07:00:00+00:00,110.03125,110.03125,110.046875,110.0,110.03125,11779.0,2024-12-16 02:00:00-05:00
2024-12-16 07:15:00+00:00,110.03125,110.03125,110.046875,110.015625,110.03125,7601.0,2024-12-16 02:15:00-05:00
2024-12-16 07:30:00+00:00,110.03125,110.03125,110.046875,110.0,110.03125,7677.0,2024-12-16 02:30:00-05:00
2024-12-16 07:45:00+00:00,110.03125,110.03125,110.046875,110.015625,110.03125,6030.0,2024-12-16 02:45:00-05:00
2024-12-16 08:00:00+00:00,110.0625,110.0625,110.0625,110.015625,110.03125,17346.0,2024-12-16 03:00:00-05:00
2024-12-16 08:15:00+00:00,110.046875,110.046875,110.078125,110.03125,110.0625,22749.0,2024-12-16 03:15:00-05:00
2024-12-16 08:30:00+00:00,110.078125,110.078125,110.109375,110.046875,110.0625,32543.0,2024-12-16 03:30:00-05:00
2024-12-16 08:45:00+00:00,110.078125,110.078125,110.09375,110.03125,110.078125,24129.0,2024-12-16 03:45:00-05:00
2024-12-16 09:00:00+00:00,110.046875,110.046875,110.078125,110.015625,110.0625,26569.0,2024-12-16 04:00:00-05:00
2024-12-16 09:15:00+00:00,110.0,110.0,110.046875,109.96875,110.046875,34146.0,2024-12-16 04:15:00-05:00
2024-12-16 09:30:00+00:00,110.0,110.0,110.03125,109.984375,110.015625,24653.0,2024-12-16 04:30:00-05:00
2024-12-16 09:45:00+00:00,109.921875,109.921875,109.984375,109.859375,109.984375,66339.0,2024-12-16 04:45:00-05:00
2024-12-16 10:00:00+00:00,109.921875,109.921875,110.0,109.90625,109.921875,39726.0,2024-12-16 05:00:00-05:00
2024-12-16 10:15:00+00:00,109.890625,109.890625,109.9375,109.875,109.9375,26404.0,2024-12-16 05:15:00-05:00
2024-12-16 10:30:00+00:00,109.984375,109.984375,109.984375,109.890625,109.890625,20868.0,2024-12-16 05:30:00-05:00
2024-12-16 10:45:00+00:00,109.890625,109.890625,110.0,109.859375,109.984375,34076.0,2024-12-16 05:45:00-05:00
2024-12-16 11:00:00+00:00,109.875,109.875,109.921875,109.875,109.890625,23725.0,2024-12-16 06:00:00-05:00
2024-12-16 11:15:00+00:00,109.78125,109.78125,109.875,109.765625,109.875,46335.0,2024-12-16 06:15:00-05:00
2024-12-16 11:30:00+00:00,109.796875,109.796875,109.859375,109.78125,109.796875,46156.0,2024-12-16 06:30:00-05:00
2024-12-16 11:45:00+00:00,109.828125,109.828125,109.828125,109.78125,109.796875,16959.0,2024-12-16 06:45:00-05:00
2024-12-16 12:00:00+00:00,109.875,109.875,109.890625,109.828125,109.828125,15461.0,2024-12-16 07:00:00-05:00
2024-12-16 12:15:00+00:00,109.796875,109.796875,109.890625,109.796875,109.875,16858.0,2024-12-16 07:15:00-05:00
2024-12-16 12:30:00+00:00,109.8125,109.8125,109.84375,109.78125,109.796875,11250.0,2024-12-16 07:30:00-05:00
2024-12-16 12:45:00+00:00,109.828125,109.828125,109.84375,109.796875,109.828125,17110.0,2024-12-16 07:45:00-05:00
2024-12-16 13:00:00+00:00,109.84375,109.84375,109.859375,109.8125,109.84375,12408.0,2024-12-16 08:00:00-05:00
2024-12-16 13:15:00+00:00,109.828125,109.828125,109.859375,109.8125,109.84375,14601.0,2024-12-16 08:15:00-05:00
2024-12-16 13:30:00+00:00,109.859375,109.859375,109.859375,109.828125,109.84375,8107.0,2024-12-16 08:30:00-05:00
2024-12-16 13:45:00+00:00,109.875,109.875,109.890625,109.84375,109.859375,9776.0,2024-12-16 08:45:00-05:00
2024-12-16 14:00:00+00:00,109.84375,109.84375,109.890625,109.828125,109.875,10201.0,2024-12-16 09:00:00-05:00
2024-12-16 14:15:00+00:00,109.890625,109.890625,109.890625,109.828125,109.828125,11706.0,2024-12-16 09:15:00-05:00
2024-12-16 14:30:00+00:00,109.859375,109.859375,109.890625,109.84375,109.875,9763.0,2024-12-16 09:30:00-05:00
2024-12-16 14:45:00+00:00,109.84375,109.84375,109.890625,109.84375,109.84375,36151.0,2024-12-16 09:45:00-05:00
2024-12-16 15:00:00+00:00,109.859375,109.859375,109.875,109.84375,109.84375,38990.0,2024-12-16 10:00:00-05:00
2024-12-16 15:15:00+00:00,109.875,109.875,109.890625,109.84375,109.859375,12410.0,2024-12-16 10:15:00-05:00
2024-12-16 15:30:00+00:00,109.890625,109.890625,109.890625,109.859375,109.890625,8018.0,2024-12-16 10:30:00-05:00
2024-12-16 15:45:00+00:00,109.890625,109.890625,109.90625,109.84375,109.875,28587.0,2024-12-16 10:45:00-05:00
2024-12-16 16:00:00+00:00,109.875,109.875,109.90625,109.84375,109.890625,20874.0,2024-12-16 11:00:00-05:00
2024-12-16 16:15:00+00:00,109.8125,109.8125,109.875,109.8125,109.859375,8372.0,2024-12-16 11:15:00-05:00
2024-12-16 16:30:00+00:00,109.84375,109.84375,109.84375,109.8125,109.8125,6192.0,2024-12-16 11:30:00-05:00
2024-12-16 16:45:00+00:00,109.828125,109.828125,109.84375,109.828125,109.84375,2791.0,2024-12-16 11:45:00-05:00
2024-12-16 18:00:00+00:00,109.828125,109.828125,109.84375,109.8125,109.828125,1375.0,2024-12-16 13:00:00-05:00
2024-12-16 18:15:00+00:00,109.828125,109.828125,109.84375,109.8125,109.8125,1264.0,2024-12-16 13:15:00-05:00
2024-12-16 18:30:00+00:00,109.84375,109.84375,109.84375,109.8125,109.828125,792.0,2024-12-16 13:30:00-05:00
2024-12-16 18:45:00+00:00,109.84375,109.84375,109.859375,109.828125,109.84375,922.0,2024-12-16 13:45:00-05:00
2024-12-16 19:00:00+00:00,109.859375,109.859375,109.875,109.828125,109.84375,4517.0,2024-12-16 14:00:00-05:00
2024-12-16 19:15:00+00:00,109.890625,109.890625,109.90625,109.859375,109.875,4865.0,2024-12-16 14:15:00-05:00
2024-12-16 19:30:00+00:00,109.890625,109.890625,109.90625,109.875,109.890625,1979.0,2024-12-16 14:30:00-05:00
2024-12-16 19:45:00+00:00,109.890625,109.890625,109.90625,109.875,109.875,2322.0,2024-12-16 14:45:00-05:00
2024-12-16 20:00:00+00:00,109.90625,109.90625,109.921875,109.890625,109.90625,1488.0,2024-12-16 15:00:00-05:00
2024-12-16 20:15:00+00:00,109.890625,109.890625,109.90625,109.875,109.90625,1627.0,2024-12-16 15:15:00-05:00
2024-12-16 20:30:00+00:00,109.875,109.875,109.890625,109.859375,109.890625,1889.0,2024-12-16 15:30:00-05:00
2024-12-16 20:45:00+00:00,109.890625,109.890625,109.890625,109.859375,109.875,1135.0,2024-12-16 15:45:00-05:00
2024-12-16 21:00:00+00:00,109.921875,109.921875,109.921875,109.875,109.890625,3706.0,2024-12-16 16:00:00-05:00
2024-12-16 21:15:00+00:00,109.890625,109.890625,109.921875,109.875,109.921875,1542.0,2024-12-16 16:15:00-05:00
2024-12-16 21:30:00+00:00,109.890625,109.890625,109.90625,109.875,109.875,2213.0,2024-12-16 16:30:00-05:00
2024-12-16 21:45:00+00:00,109.875,109.875,109.90625,109.859375,109.890625,2024.0,2024-12-16 16:45:00-05:00
2024-12-16 22:00:00+00:00,109.875,109.875,109.875,109.859375,109.859375,2170.0,2024-12-16 17:00:00-05:00
2024-12-16 22:15:00+00:00,109.875,109.875,109.890625,109.859375,109.875,794.0,2024-12-16 17:15:00-05:00
2024-12-16 22:30:00+00:00,109.859375,109.859375,109.890625,109.859375,109.890625,1979.0,2024-12-16 17:30:00-05:00
2024-12-16 22:45:00+00:00,109.875,109.875,109.875,109.84375,109.859375,1870.0,2024-12-16 17:45:00-05:00
2024-12-16 23:00:00+00:00,109.875,109.875,109.875,109.859375,109.859375,416.0,2024-12-16 18:00:00-05:00
2024-12-16 23:15:00+00:00,109.859375,109.859375,109.875,109.859375,109.859375,111.0,2024-12-16 18:15:00-05:00
2024-12-16 23:30:00+00:00,109.875,109.875,109.875,109.859375,109.875,1041.0,2024-12-16 18:30:00-05:00
2024-12-16 23:45:00+00:00,109.875,109.875,109.875,109.859375,109.875,489.0,2024-12-16 18:45:00-05:00
2024-12-17 00:00:00+00:00,109.84375,109.84375,109.859375,109.828125,109.859375,3123.0,2024-12-16 19:00:00-05:00
2024-12-17 00:15:00+00:00,109.859375,109.859375,109.875,109.84375,109.84375,1148.0,2024-12-16 19:15:00-05:00
2024-12-17 00:30:00+00:00,109.859375,109.859375,109.875,109.84375,109.859375,401.0,2024-12-16 19:30:00-05:00
2024-12-17 00:45:00+00:00,109.859375,109.859375,109.859375,109.84375,109.859375,382.0,2024-12-16 19:45:00-05:00
2024-12-17 01:00:00+00:00,109.84375,109.84375,109.859375,109.828125,109.859375,4054.0,2024-12-16 20:00:00-05:00
2024-12-17 01:15:00+00:00,109.828125,109.828125,109.859375,109.828125,109.84375,1852.0,2024-12-16 20:15:00-05:00
2024-12-17 01:30:00+00:00,109.828125,109.828125,109.84375,109.8125,109.828125,4565.0,2024-12-16 20:30:00-05:00
2024-12-17 01:45:00+00:00,109.8125,109.8125,109.84375,109.796875,109.84375,6732.0,2024-12-16 20:45:00-05:00
2024-12-17 02:00:00+00:00,109.8125,109.8125,109.828125,109.796875,109.8125,4004.0,2024-12-16 21:00:00-05:00
2024-12-17 02:15:00+00:00,109.765625,109.765625,109.8125,109.75,109.8125,12561.0,2024-12-16 21:15:00-05:00
2024-12-17 02:30:00+00:00,109.765625,109.765625,109.765625,109.71875,109.765625,16743.0,2024-12-16 21:30:00-05:00
2024-12-17 02:45:00+00:00,109.75,109.75,109.765625,109.6875,109.765625,6746.0,2024-12-16 21:45:00-05:00
2024-12-17 03:00:00+00:00,109.703125,109.703125,109.734375,109.671875,109.734375,18664.0,2024-12-16 22:00:00-05:00
2024-12-17 03:15:00+00:00,109.671875,109.671875,109.71875,109.671875,109.71875,9647.0,2024-12-16 22:15:00-05:00
2024-12-17 03:30:00+00:00,109.71875,109.71875,109.734375,109.671875,109.671875,12469.0,2024-12-16 22:30:00-05:00
2024-12-17 03:45:00+00:00,109.71875,109.71875,109.734375,109.671875,109.71875,12133.0,2024-12-16 22:45:00-05:00
2024-12-17 04:00:00+00:00,109.71875,109.71875,109.75,109.703125,109.71875,12873.0,2024-12-16 23:00:00-05:00
2024-12-17 04:15:00+00:00,109.703125,109.703125,109.71900177001952,109.703125,109.71900177001952,5974.0,2024-12-16 23:15:00-05:00
2024-12-17 04:30:00+00:00,109.6875,109.6875,109.734375,109.6875,109.71875,7154.0,2024-12-16 23:30:00-05:00
2024-12-17 04:45:00+00:00,109.671875,109.671875,109.703125,109.671875,109.703125,6614.0,2024-12-16 23:45:00-05:00
2024-12-17 05:00:00+00:00,109.6875,109.6875,109.703125,109.65625,109.671875,7264.0,2024-12-17 00:00:00-05:00
2024-12-17 05:15:00+00:00,109.6875,109.6875,109.703125,109.671875,109.6875,3568.0,2024-12-17 00:15:00-05:00
2024-12-17 05:30:00+00:00,109.6875,109.6875,109.703125,109.671875,109.6875,6693.0,2024-12-17 00:30:00-05:00
2024-12-17 05:45:00+00:00,109.6875,109.6875,109.703125,109.671875,109.6875,3376.0,2024-12-17 00:45:00-05:00
2024-12-17 06:00:00+00:00,109.671875,109.671875,109.6875,109.65625,109.6875,3338.0,2024-12-17 01:00:00-05:00
2024-12-17 06:15:00+00:00,109.671875,109.671875,109.703125,109.65625,109.68800354003906,12676.0,2024-12-17 01:15:00-05:00
2024-12-17 06:30:00+00:00,109.609375,109.609375,109.671875,109.609375,109.65625,22065.0,2024-12-17 01:30:00-05:00
2024-12-17 06:45:00+00:00,109.625,109.625,109.640625,109.59375,109.609375,16683.0,2024-12-17 01:45:00-05:00
2024-12-17 07:00:00+00:00,109.609375,109.609375,109.640625,109.578125,109.625,18936.0,2024-12-17 02:00:00-05:00
2024-12-17 07:15:00+00:00,109.578125,109.578125,109.609375,109.5625,109.609375,25058.0,2024-12-17 02:15:00-05:00
2024-12-17 07:30:00+00:00,109.59375,109.59375,109.609375,109.5625,109.578125,12494.0,2024-12-17 02:30:00-05:00
2024-12-17 07:45:00+00:00,109.59375,109.59375,109.609375,109.5625,109.59375,14898.0,2024-12-17 02:45:00-05:00
2024-12-17 08:00:00+00:00,109.59375,109.59375,109.609375,109.53125,109.609375,26967.0,2024-12-17 03:00:00-05:00
2024-12-17 08:15:00+00:00,109.578125,109.578125,109.640625,109.5625,109.59375,41901.0,2024-12-17 03:15:00-05:00
2024-12-17 08:30:00+00:00,109.625,109.625,109.765625,109.578125,109.578125,116338.0,2024-12-17 03:30:00-05:00
2024-12-17 08:45:00+00:00,109.71875,109.71875,109.71875,109.59375,109.609375,47875.0,2024-12-17 03:45:00-05:00
2024-12-17 09:00:00+00:00,109.75,109.75,109.796875,109.703125,109.703125,54520.0,2024-12-17 04:00:00-05:00
2024-12-17 09:15:00+00:00,109.796875,109.796875,109.84375,109.734375,109.734375,60121.0,2024-12-17 04:15:00-05:00
2024-12-17 09:30:00+00:00,109.796875,109.796875,109.828125,109.765625,109.796875,37284.0,2024-12-17 04:30:00-05:00
2024-12-17 09:45:00+00:00,109.875,109.875,109.890625,109.78125,109.8125,52674.0,2024-12-17 04:45:00-05:00
2024-12-17 10:00:00+00:00,109.890625,109.890625,109.90625,109.84375,109.875,39903.0,2024-12-17 05:00:00-05:00
2024-12-17 10:15:00+00:00,109.921875,109.921875,109.953125,109.875,109.875,52185.0,2024-12-17 05:15:00-05:00
2024-12-17 10:30:00+00:00,109.9375,109.9375,109.953125,109.890625,109.90625,35320.0,2024-12-17 05:30:00-05:00
2024-12-17 10:45:00+00:00,109.953125,109.953125,109.984375,109.890625,109.9375,24365.0,2024-12-17 05:45:00-05:00
2024-12-17 11:00:00+00:00,109.890625,109.890625,109.953125,109.875,109.9375,34579.0,2024-12-17 06:00:00-05:00
2024-12-17 11:15:00+00:00,109.90625,109.90625,109.921875,109.875,109.890625,21044.0,2024-12-17 06:15:00-05:00
2024-12-17 11:30:00+00:00,109.921875,109.921875,109.9375,109.875,109.890625,17844.0,2024-12-17 06:30:00-05:00
2024-12-17 11:45:00+00:00,109.9375,109.9375,109.953125,109.90625,109.921875,17876.0,2024-12-17 06:45:00-05:00
2024-12-17 12:00:00+00:00,109.9375,109.9375,109.984375,109.921875,109.9375,17044.0,2024-12-17 07:00:00-05:00
2024-12-17 12:15:00+00:00,109.96875,109.96875,109.96875,109.921875,109.921875,17089.0,2024-12-17 07:15:00-05:00
2024-12-17 12:30:00+00:00,109.921875,109.921875,109.984375,109.90625,109.96875,17473.0,2024-12-17 07:30:00-05:00
2024-12-17 12:45:00+00:00,109.9375,109.9375,109.96875,109.90625,109.921875,11970.0,2024-12-17 07:45:00-05:00
2024-12-17 13:00:00+00:00,109.90625,109.90625,109.96875,109.90625,109.9375,24578.0,2024-12-17 08:00:00-05:00
2024-12-17 13:15:00+00:00,109.9375,109.9375,109.9375,109.875,109.90625,13880.0,2024-12-17 08:15:00-05:00
2024-12-17 13:30:00+00:00,109.96875,109.96875,109.984375,109.921875,109.921875,8951.0,2024-12-17 08:30:00-05:00
2024-12-17 13:45:00+00:00,109.921875,109.921875,109.96875,109.90625,109.96875,12642.0,2024-12-17 08:45:00-05:00
2024-12-17 14:00:00+00:00,109.921875,109.921875,109.9375,109.90625,109.921875,12707.0,2024-12-17 09:00:00-05:00
2024-12-17 14:15:00+00:00,109.953125,109.953125,109.953125,109.90625,109.921875,10697.0,2024-12-17 09:15:00-05:00
2024-12-17 14:30:00+00:00,109.921875,109.921875,109.953125,109.90625,109.9375,7872.0,2024-12-17 09:30:00-05:00
2024-12-17 14:45:00+00:00,109.90625,109.90625,109.953125,109.890625,109.90625,35181.0,2024-12-17 09:45:00-05:00
2024-12-17 15:00:00+00:00,109.890625,109.890625,109.921875,109.875,109.90625,31338.0,2024-12-17 10:00:00-05:00
2024-12-17 15:15:00+00:00,109.84375,109.84375,109.890625,109.828125,109.890625,29315.0,2024-12-17 10:15:00-05:00
2024-12-17 15:30:00+00:00,109.8125,109.8125,109.84375,109.796875,109.84375,30633.0,2024-12-17 10:30:00-05:00
2024-12-17 15:45:00+00:00,109.859375,109.859375,109.859375,109.8125,109.828125,26685.0,2024-12-17 10:45:00-05:00
2024-12-17 16:00:00+00:00,109.828125,109.828125,109.859375,109.78125,109.84375,44856.0,2024-12-17 11:00:00-05:00
2024-12-17 16:15:00+00:00,109.84375,109.84375,109.84375,109.8125,109.8125,11193.0,2024-12-17 11:15:00-05:00
2024-12-17 16:30:00+00:00,109.84375,109.84375,109.859375,109.828125,109.84375,10508.0,2024-12-17 11:30:00-05:00
2024-12-17 16:45:00+00:00,109.8125,109.8125,109.84375,109.796875,109.84375,14935.0,2024-12-17 11:45:00-05:00
2024-12-17 18:00:00+00:00,109.859375,109.859375,109.875,109.78125,109.8125,852.0,2024-12-17 13:00:00-05:00
2024-12-17 18:15:00+00:00,109.84375,109.84375,109.859375,109.84375,109.84375,69.0,2024-12-17 13:15:00-05:00
2024-12-17 18:30:00+00:00,109.859375,109.859375,109.875,109.84375,109.84375,1417.0,2024-12-17 13:30:00-05:00
2024-12-17 18:45:00+00:00,109.84375,109.84375,109.859375,109.84375,109.84375,1103.0,2024-12-17 13:45:00-05:00
2024-12-17 19:00:00+00:00,109.859375,109.859375,109.875,109.84375,109.859375,3036.0,2024-12-17 14:00:00-05:00
2024-12-17 19:15:00+00:00,109.875,109.875,109.890625,109.859375,109.875,4136.0,2024-12-17 14:15:00-05:00
2024-12-17 19:30:00+00:00,109.859375,109.859375,109.890625,109.859375,109.890625,706.0,2024-12-17 14:30:00-05:00
2024-12-17 19:45:00+00:00,109.875,109.875,109.90625,109.859375,109.875,2458.0,2024-12-17 14:45:00-05:00
2024-12-17 20:00:00+00:00,109.875,109.875,109.890625,109.875,109.875,1595.0,2024-12-17 15:00:00-05:00
2024-12-17 20:15:00+00:00,109.875,109.875,109.890625,109.875,109.890625,535.0,2024-12-17 15:15:00-05:00
2024-12-17 20:30:00+00:00,109.890625,109.890625,109.890625,109.859375,109.890625,2810.0,2024-12-17 15:30:00-05:00
2024-12-17 20:45:00+00:00,109.875,109.875,109.875,109.859375,109.875,1314.0,2024-12-17 15:45:00-05:00
2024-12-17 21:00:00+00:00,109.875,109.875,109.890625,109.859375,109.890625,1967.0,2024-12-17 16:00:00-05:00
2024-12-17 21:15:00+00:00,109.859375,109.859375,109.890625,109.859375,109.890625,1490.0,2024-12-17 16:15:00-05:00
2024-12-17 21:30:00+00:00,109.859375,109.859375,109.875,109.859375,109.875,1071.0,2024-12-17 16:30:00-05:00
2024-12-17 21:45:00+00:00,109.859375,109.859375,109.875,109.84375,109.875,2638.0,2024-12-17 16:45:00-05:00
2024-12-17 22:00:00+00:00,109.859375,109.859375,109.875,109.84375,109.859375,561.0,2024-12-17 17:00:00-05:00
2024-12-17 22:15:00+00:00,109.859375,109.859375,109.875,109.859375,109.859375,1008.0,2024-12-17 17:15:00-05:00
2024-12-17 22:30:00+00:00,109.859375,109.859375,109.859375,109.84375,109.84375,855.0,2024-12-17 17:30:00-05:00
2024-12-17 22:45:00+00:00,109.84375,109.84375,109.859375,109.84375,109.84375,228.0,2024-12-17 17:45:00-05:00
2024-12-17 23:00:00+00:00,109.84375,109.84375,109.84375,109.84375,109.84375,1155.0,2024-12-17 18:00:00-05:00
2024-12-17 23:15:00+00:00,109.875,109.875,109.875,109.859375,109.859375,1203.0,2024-12-17 18:15:00-05:00
2024-12-17 23:30:00+00:00,109.90625,109.90625,109.90625,109.875,109.875,2240.0,2024-12-17 18:30:00-05:00
2024-12-17 23:45:00+00:00,109.90625,109.90625,109.90625,109.890625,109.90625,121.0,2024-12-17 18:45:00-05:00
2024-12-18 00:00:00+00:00,109.890625,109.890625,109.90625,109.890625,109.90625,1904.0,2024-12-17 19:00:00-05:00
2024-12-18 00:15:00+00:00,109.890625,109.890625,109.90625,109.890625,109.90625,272.0,2024-12-17 19:15:00-05:00
2024-12-18 00:30:00+00:00,109.890625,109.890625,109.90625,109.890625,109.890625,566.0,2024-12-17 19:30:00-05:00
2024-12-18 00:45:00+00:00,109.90625,109.90625,109.90625,109.890625,109.90625,1899.0,2024-12-17 19:45:00-05:00
2024-12-18 01:00:00+00:00,109.90625,109.90625,109.90625,109.890625,109.90625,1635.0,2024-12-17 20:00:00-05:00
2024-12-18 01:15:00+00:00,109.90625,109.90625,109.921875,109.90625,109.90625,406.0,2024-12-17 20:15:00-05:00
2024-12-18 01:30:00+00:00,109.921875,109.921875,109.9375,109.921875,109.921875,1644.0,2024-12-17 20:30:00-05:00
2024-12-18 01:45:00+00:00,109.90625,109.90625,109.9375,109.890625,109.9375,2933.0,2024-12-17 20:45:00-05:00
2024-12-18 02:00:00+00:00,109.890625,109.890625,109.921875,109.890625,109.90625,6455.0,2024-12-17 21:00:00-05:00
2024-12-18 02:15:00+00:00,109.921875,109.921875,109.9375,109.890625,109.90625,4041.0,2024-12-17 21:15:00-05:00
2024-12-18 02:30:00+00:00,109.875,109.875,109.921875,109.859375,109.921875,5072.0,2024-12-17 21:30:00-05:00
2024-12-18 02:45:00+00:00,109.875,109.875,109.890625,109.859375,109.875,7093.0,2024-12-17 21:45:00-05:00
2024-12-18 03:00:00+00:00,109.890625,109.890625,109.890625,109.84375,109.859375,6820.0,2024-12-17 22:00:00-05:00
2024-12-18 03:15:00+00:00,109.84375,109.84375,109.890625,109.828125,109.875,5644.0,2024-12-17 22:15:00-05:00
2024-12-18 03:30:00+00:00,109.828125,109.828125,109.859375,109.828125,109.84375,4076.0,2024-12-17 22:30:00-05:00
2024-12-18 03:45:00+00:00,109.859375,109.859375,109.875,109.828125,109.828125,3267.0,2024-12-17 22:45:00-05:00
2024-12-18 04:00:00+00:00,109.796875,109.796875,109.875,109.796875,109.875,8320.0,2024-12-17 23:00:00-05:00
2024-12-18 04:15:00+00:00,109.78125,109.78125,109.8125,109.78125,109.7969970703125,8201.0,2024-12-17 23:15:00-05:00
2024-12-18 04:30:00+00:00,109.78125,109.78125,109.796875,109.765625,109.796875,6788.0,2024-12-17 23:30:00-05:00
2024-12-18 04:45:00+00:00,109.796875,109.796875,109.796875,109.765625,109.78125,4390.0,2024-12-17 23:45:00-05:00
2024-12-18 05:00:00+00:00,109.765625,109.765625,109.796875,109.765625,109.78125,2354.0,2024-12-18 00:00:00-05:00
2024-12-18 05:15:00+00:00,109.765625,109.765625,109.78125,109.765625,109.765625,2758.0,2024-12-18 00:15:00-05:00
2024-12-18 05:30:00+00:00,109.75,109.75,109.78125,109.734375,109.765625,7877.0,2024-12-18 00:30:00-05:00
2024-12-18 05:45:00+00:00,109.796875,109.796875,109.8125,109.765625,109.765625,5382.0,2024-12-18 00:45:00-05:00
2024-12-18 06:00:00+00:00,109.765625,109.765625,109.8125,109.765625,109.796875,5582.0,2024-12-18 01:00:00-05:00
2024-12-18 06:15:00+00:00,109.78125,109.78125,109.796875,109.78099822998048,109.78099822998048,7078.0,2024-12-18 01:15:00-05:00
2024-12-18 06:30:00+00:00,109.78125,109.78125,109.8125,109.765625,109.78125,3903.0,2024-12-18 01:30:00-05:00
2024-12-18 06:45:00+00:00,109.796875,109.796875,109.796875,109.75,109.78125,5008.0,2024-12-18 01:45:00-05:00
2024-12-18 07:00:00+00:00,109.734375,109.734375,109.796875,109.734375,109.796875,10319.0,2024-12-18 02:00:00-05:00
2024-12-18 07:15:00+00:00,109.734375,109.734375,109.765625,109.734375,109.734375,8109.0,2024-12-18 02:15:00-05:00
2024-12-18 07:30:00+00:00,109.703125,109.703125,109.75,109.703125,109.734375,16357.0,2024-12-18 02:30:00-05:00
2024-12-18 07:45:00+00:00,109.6875,109.6875,109.734375,109.671875,109.703125,17047.0,2024-12-18 02:45:00-05:00
2024-12-18 08:00:00+00:00,109.703125,109.703125,109.703125,109.640625,109.703125,29503.0,2024-12-18 03:00:00-05:00
2024-12-18 08:15:00+00:00,109.671875,109.671875,109.703125,109.625,109.703125,31869.0,2024-12-18 03:15:00-05:00
2024-12-18 08:30:00+00:00,109.703125,109.703125,109.734375,109.65625,109.6875,29217.0,2024-12-18 03:30:00-05:00
2024-12-18 08:45:00+00:00,109.75,109.75,109.78125,109.703125,109.71875,36184.0,2024-12-18 03:45:00-05:00
2024-12-18 09:00:00+00:00,109.828125,109.828125,109.84375,109.75,109.75,51155.0,2024-12-18 04:00:00-05:00
2024-12-18 09:15:00+00:00,109.84375,109.84375,109.890625,109.8125,109.828125,35171.0,2024-12-18 04:15:00-05:00
2024-12-18 09:30:00+00:00,109.953125,109.953125,109.96875,109.828125,109.84375,31734.0,2024-12-18 04:30:00-05:00
2024-12-18 09:45:00+00:00,109.921875,109.921875,109.953125,109.90625,109.953125,29967.0,2024-12-18 04:45:00-05:00
2024-12-18 10:00:00+00:00,109.875,109.875,109.9375,109.859375,109.90625,26682.0,2024-12-18 05:00:00-05:00
2024-12-18 10:15:00+00:00,109.8125,109.8125,109.890625,109.796875,109.890625,21288.0,2024-12-18 05:15:00-05:00
2024-12-18 10:30:00+00:00,109.859375,109.859375,109.875,109.8125,109.8125,16781.0,2024-12-18 05:30:00-05:00
2024-12-18 10:45:00+00:00,109.859375,109.859375,109.90625,109.828125,109.859375,34350.0,2024-12-18 05:45:00-05:00
2024-12-18 11:00:00+00:00,109.875,109.875,109.890625,109.84375,109.875,23206.0,2024-12-18 06:00:00-05:00
2024-12-18 11:15:00+00:00,109.890625,109.890625,109.90625,109.859375,109.875,21164.0,2024-12-18 06:15:00-05:00
2024-12-18 11:30:00+00:00,109.8125,109.8125,109.890625,109.796875,109.890625,16344.0,2024-12-18 06:30:00-05:00
2024-12-18 11:45:00+00:00,109.828125,109.828125,109.828125,109.796875,109.8125,11054.0,2024-12-18 06:45:00-05:00
2024-12-18 12:00:00+00:00,109.84375,109.84375,109.84375,109.796875,109.828125,20402.0,2024-12-18 07:00:00-05:00
2024-12-18 12:15:00+00:00,109.84375,109.84375,109.859375,109.796875,109.84375,19539.0,2024-12-18 07:15:00-05:00
2024-12-18 12:30:00+00:00,109.90625,109.90625,109.921875,109.828125,109.84375,20518.0,2024-12-18 07:30:00-05:00
2024-12-18 12:45:00+00:00,109.90625,109.90625,109.9375,109.890625,109.90625,26828.0,2024-12-18 07:45:00-05:00
2024-12-18 13:00:00+00:00,109.921875,109.921875,109.9375,109.875,109.90625,10407.0,2024-12-18 08:00:00-05:00
2024-12-18 13:15:00+00:00,109.921875,109.921875,109.953125,109.890625,109.921875,21617.0,2024-12-18 08:15:00-05:00
2024-12-18 13:30:00+00:00,109.875,109.875,109.921875,109.875,109.921875,10059.0,2024-12-18 08:30:00-05:00
2024-12-18 13:45:00+00:00,109.921875,109.921875,109.9375,109.875,109.875,21555.0,2024-12-18 08:45:00-05:00
2024-12-18 14:00:00+00:00,109.359375,109.359375,109.90625,109.3125,109.90625,221479.0,2024-12-18 09:00:00-05:00
2024-12-18 14:15:00+00:00,109.421875,109.421875,109.453125,109.328125,109.359375,101660.0,2024-12-18 09:15:00-05:00
2024-12-18 14:30:00+00:00,109.25,109.25,109.4375,109.234375,109.421875,131249.0,2024-12-18 09:30:00-05:00
2024-12-18 14:45:00+00:00,109.015625,109.015625,109.296875,108.984375,109.265625,243280.0,2024-12-18 09:45:00-05:00
2024-12-18 15:00:00+00:00,109.09375,109.09375,109.140625,109.015625,109.015625,107547.0,2024-12-18 10:00:00-05:00
2024-12-18 15:15:00+00:00,109.015625,109.015625,109.109375,108.984375,109.09375,101239.0,2024-12-18 10:15:00-05:00
2024-12-18 15:30:00+00:00,109.0,109.0,109.03125,108.90625,109.015625,77629.0,2024-12-18 10:30:00-05:00
2024-12-18 15:45:00+00:00,109.0,109.0,109.0625,108.96875,108.984375,79700.0,2024-12-18 10:45:00-05:00
2024-12-18 16:00:00+00:00,108.9375,108.9375,109.015625,108.875,109.0,69646.0,2024-12-18 11:00:00-05:00
2024-12-18 16:15:00+00:00,108.984375,108.984375,109.015625,108.90625,108.921875,48872.0,2024-12-18 11:15:00-05:00
2024-12-18 16:30:00+00:00,108.890625,108.890625,108.984375,108.875,108.984375,42185.0,2024-12-18 11:30:00-05:00
2024-12-18 16:45:00+00:00,108.890625,108.890625,108.9375,108.84375,108.890625,32084.0,2024-12-18 11:45:00-05:00
2024-12-18 18:00:00+00:00,108.921875,108.921875,108.9375,108.875,108.875,7512.0,2024-12-18 13:00:00-05:00
2024-12-18 18:15:00+00:00,108.9375,108.9375,108.953125,108.921875,108.921875,3225.0,2024-12-18 13:15:00-05:00
2024-12-18 18:30:00+00:00,108.9375,108.9375,108.9375,108.90625,108.9375,3817.0,2024-12-18 13:30:00-05:00
2024-12-18 18:45:00+00:00,108.90625,108.90625,108.9375,108.875,108.9375,6372.0,2024-12-18 13:45:00-05:00
2024-12-18 19:00:00+00:00,108.9375,108.9375,108.953125,108.890625,108.921875,10699.0,2024-12-18 14:00:00-05:00
2024-12-18 19:15:00+00:00,108.9375,108.9375,108.96875,108.90625,108.9375,12769.0,2024-12-18 14:15:00-05:00
2024-12-18 19:30:00+00:00,108.921875,108.921875,108.9375,108.921875,108.921875,3959.0,2024-12-18 14:30:00-05:00
2024-12-18 19:45:00+00:00,108.953125,108.953125,108.96875,108.921875,108.921875,6932.0,2024-12-18 14:45:00-05:00
2024-12-18 20:00:00+00:00,109.0,109.0,109.0,108.96875,108.96875,4561.0,2024-12-18 15:00:00-05:00
2024-12-18 20:15:00+00:00,109.015625,109.015625,109.015625,108.984375,109.0,4466.0,2024-12-18 15:15:00-05:00
2024-12-18 20:30:00+00:00,108.984375,108.984375,109.0,108.953125,109.0,5632.0,2024-12-18 15:30:00-05:00
2024-12-18 20:45:00+00:00,108.984375,108.984375,108.984375,108.96875,108.96875,2975.0,2024-12-18 15:45:00-05:00
2024-12-18 21:00:00+00:00,108.984375,108.984375,108.984375,108.96875,108.984375,3942.0,2024-12-18 16:00:00-05:00
2024-12-18 21:15:00+00:00,109.0,109.0,109.015625,108.984375,108.984375,7490.0,2024-12-18 16:15:00-05:00
2024-12-18 21:30:00+00:00,108.96875,108.96875,109.0,108.953125,109.0,5986.0,2024-12-18 16:30:00-05:00
2024-12-18 21:45:00+00:00,108.953125,108.953125,108.96875,108.921875,108.96875,6069.0,2024-12-18 16:45:00-05:00
2024-12-18 22:00:00+00:00,108.90625,108.90625,108.96875,108.90625,108.953125,4278.0,2024-12-18 17:00:00-05:00
2024-12-18 22:15:00+00:00,108.9375,108.9375,108.9375,108.90625,108.90625,3865.0,2024-12-18 17:15:00-05:00
2024-12-18 22:30:00+00:00,108.96875,108.96875,108.96875,108.921875,108.9375,2769.0,2024-12-18 17:30:00-05:00
2024-12-18 22:45:00+00:00,108.921875,108.921875,108.96875,108.90625,108.953125,3893.0,2024-12-18 17:45:00-05:00
2024-12-18 23:00:00+00:00,108.9375,108.9375,108.9375,108.890625,108.921875,6979.0,2024-12-18 18:00:00-05:00
2024-12-18 23:15:00+00:00,108.890625,108.890625,108.921875,108.875,108.921875,2991.0,2024-12-18 18:15:00-05:00
2024-12-18 23:30:00+00:00,108.875,108.875,108.890625,108.859375,108.890625,5761.0,2024-12-18 18:30:00-05:00
2024-12-18 23:45:00+00:00,108.875,108.875,108.890625,108.859375,108.890625,1625.0,2024-12-18 18:45:00-05:00
2024-12-19 00:00:00+00:00,108.84375,108.84375,108.890625,108.828125,108.890625,3267.0,2024-12-18 19:00:00-05:00
2024-12-19 00:15:00+00:00,108.859375,108.859375,108.875,108.84375,108.84375,3053.0,2024-12-18 19:15:00-05:00
2024-12-19 00:30:00+00:00,108.859375,108.859375,108.859375,108.84375,108.859375,3089.0,2024-12-18 19:30:00-05:00
2024-12-19 00:45:00+00:00,108.875,108.875,108.875,108.84375,108.859375,2147.0,2024-12-18 19:45:00-05:00
2024-12-19 01:00:00+00:00,108.859375,108.859375,108.875,108.84375,108.875,2426.0,2024-12-18 20:00:00-05:00
2024-12-19 01:15:00+00:00,108.890625,108.890625,108.90625,108.84375,108.859375,4665.0,2024-12-18 20:15:00-05:00
2024-12-19 01:30:00+00:00,108.890625,108.890625,108.90625,108.875,108.890625,4468.0,2024-12-18 20:30:00-05:00
2024-12-19 01:45:00+00:00,108.9375,108.9375,108.9375,108.890625,108.890625,9327.0,2024-12-18 20:45:00-05:00
2024-12-19 02:00:00+00:00,108.890625,108.890625,108.9375,108.859375,108.9375,12975.0,2024-12-18 21:00:00-05:00
2024-12-19 02:15:00+00:00,108.953125,108.953125,108.953125,108.875,108.875,7522.0,2024-12-18 21:15:00-05:00
2024-12-19 02:30:00+00:00,108.9375,108.9375,108.984375,108.921875,108.9375,13247.0,2024-12-18 21:30:00-05:00
2024-12-19 02:45:00+00:00,108.90625,108.90625,108.9375,108.875,108.9375,19549.0,2024-12-18 21:45:00-05:00
2024-12-19 03:00:00+00:00,108.890625,108.890625,108.921875,108.84375,108.890625,25538.0,2024-12-18 22:00:00-05:00
2024-12-19 03:15:00+00:00,108.9375,108.9375,108.953125,108.875,108.90625,10972.0,2024-12-18 22:15:00-05:00
2024-12-19 03:30:00+00:00,108.90625,108.90625,108.9375,108.875,108.9375,22064.0,2024-12-18 22:30:00-05:00
2024-12-19 03:45:00+00:00,108.921875,108.921875,108.9375,108.890625,108.890625,11306.0,2024-12-18 22:45:00-05:00
2024-12-19 04:00:00+00:00,108.859375,108.859375,108.9375,108.84375,108.921875,11109.0,2024-12-18 23:00:00-05:00
2024-12-19 04:15:00+00:00,108.75,108.75,108.875,108.75,108.84400177001952,40789.0,2024-12-18 23:15:00-05:00
2024-12-19 04:30:00+00:00,108.8125,108.8125,108.828125,108.75,108.75,26491.0,2024-12-18 23:30:00-05:00
2024-12-19 04:45:00+00:00,108.859375,108.859375,108.875,108.796875,108.8125,17422.0,2024-12-18 23:45:00-05:00
2024-12-19 05:00:00+00:00,108.90625,108.90625,108.921875,108.859375,108.875,13997.0,2024-12-19 00:00:00-05:00
2024-12-19 05:15:00+00:00,108.90625,108.90625,108.9375,108.859375,108.90625,11907.0,2024-12-19 00:15:00-05:00
2024-12-19 05:30:00+00:00,108.9375,108.9375,108.9375,108.890625,108.90625,9923.0,2024-12-19 00:30:00-05:00
2024-12-19 05:45:00+00:00,108.921875,108.921875,108.953125,108.90625,108.9375,13787.0,2024-12-19 00:45:00-05:00
2024-12-19 06:00:00+00:00,108.875,108.875,108.921875,108.875,108.921875,9894.0,2024-12-19 01:00:00-05:00
2024-12-19 06:15:00+00:00,108.859375,108.859375,108.875,108.84375,108.85900115966795,10697.0,2024-12-19 01:15:00-05:00
2024-12-19 06:30:00+00:00,108.859375,108.859375,108.875,108.8125,108.875,12750.0,2024-12-19 01:30:00-05:00
2024-12-19 06:45:00+00:00,108.875,108.875,108.875,108.8125,108.84375,13211.0,2024-12-19 01:45:00-05:00
2024-12-19 07:00:00+00:00,108.84375,108.84375,108.90625,108.828125,108.859375,20796.0,2024-12-19 02:00:00-05:00
2024-12-19 07:15:00+00:00,108.8125,108.8125,108.890625,108.8125,108.84375,17547.0,2024-12-19 02:15:00-05:00
2024-12-19 07:30:00+00:00,108.859375,108.859375,108.859375,108.78125,108.8125,23362.0,2024-12-19 02:30:00-05:00
2024-12-19 07:45:00+00:00,108.859375,108.859375,108.890625,108.84375,108.875,20630.0,2024-12-19 02:45:00-05:00
2024-12-19 08:00:00+00:00,108.828125,108.828125,108.90625,108.78125,108.859375,47144.0,2024-12-19 03:00:00-05:00
2024-12-19 08:15:00+00:00,108.890625,108.890625,108.921875,108.8125,108.828125,40340.0,2024-12-19 03:15:00-05:00
2024-12-19 08:30:00+00:00,108.828125,108.828125,108.921875,108.78125,108.859375,81780.0,2024-12-19 03:30:00-05:00
2024-12-19 08:45:00+00:00,108.75,108.75,108.875,108.734375,108.828125,52292.0,2024-12-19 03:45:00-05:00
2024-12-19 09:00:00+00:00,108.84375,108.84375,108.875,108.75,108.765625,45630.0,2024-12-19 04:00:00-05:00
2024-12-19 09:15:00+00:00,108.75,108.75,108.859375,108.71875,108.859375,49601.0,2024-12-19 04:15:00-05:00
2024-12-19 09:30:00+00:00,108.6875,108.6875,108.8125,108.6875,108.75,58928.0,2024-12-19 04:30:00-05:00
2024-12-19 09:45:00+00:00,108.71875,108.71875,108.734375,108.65625,108.6875,66045.0,2024-12-19 04:45:00-05:00
2024-12-19 10:00:00+00:00,108.734375,108.734375,108.765625,108.65625,108.703125,50749.0,2024-12-19 05:00:00-05:00
2024-12-19 10:15:00+00:00,108.6875,108.6875,108.75,108.671875,108.75,35575.0,2024-12-19 05:15:00-05:00
2024-12-19 10:30:00+00:00,108.75,108.75,108.78125,108.6875,108.6875,38543.0,2024-12-19 05:30:00-05:00
2024-12-19 10:45:00+00:00,108.765625,108.765625,108.84375,108.734375,108.75,47743.0,2024-12-19 05:45:00-05:00
2024-12-19 11:00:00+00:00,108.734375,108.734375,108.8125,108.671875,108.765625,50607.0,2024-12-19 06:00:00-05:00
2024-12-19 11:15:00+00:00,108.8125,108.8125,108.84375,108.71875,108.734375,50774.0,2024-12-19 06:15:00-05:00
2024-12-19 11:30:00+00:00,108.796875,108.796875,108.84375,108.78125,108.8125,37410.0,2024-12-19 06:30:00-05:00
2024-12-19 11:45:00+00:00,108.703125,108.703125,108.828125,108.703125,108.8125,36591.0,2024-12-19 06:45:00-05:00
2024-12-19 12:00:00+00:00,108.703125,108.703125,108.75,108.671875,108.703125,45867.0,2024-12-19 07:00:00-05:00
2024-12-19 12:15:00+00:00,108.6875,108.6875,108.71875,108.671875,108.703125,19403.0,2024-12-19 07:15:00-05:00
2024-12-19 12:30:00+00:00,108.609375,108.609375,108.703125,108.609375,108.6875,45073.0,2024-12-19 07:30:00-05:00
2024-12-19 12:45:00+00:00,108.59375,108.59375,108.65625,108.5625,108.625,46372.0,2024-12-19 07:45:00-05:00
2024-12-19 13:00:00+00:00,108.59375,108.59375,108.625,108.515625,108.59375,66404.0,2024-12-19 08:00:00-05:00
2024-12-19 13:15:00+00:00,108.578125,108.578125,108.609375,108.5625,108.578125,22273.0,2024-12-19 08:15:00-05:00
2024-12-19 13:30:00+00:00,108.578125,108.578125,108.609375,108.53125,108.578125,26295.0,2024-12-19 08:30:00-05:00
2024-12-19 13:45:00+00:00,108.71875,108.71875,108.734375,108.5625,108.578125,59096.0,2024-12-19 08:45:00-05:00
2024-12-19 14:00:00+00:00,108.75,108.75,108.78125,108.671875,108.703125,43790.0,2024-12-19 09:00:00-05:00
2024-12-19 14:15:00+00:00,108.734375,108.734375,108.78125,108.71875,108.765625,29914.0,2024-12-19 09:15:00-05:00
2024-12-19 14:30:00+00:00,108.75,108.75,108.765625,108.734375,108.734375,22150.0,2024-12-19 09:30:00-05:00
2024-12-19 14:45:00+00:00,108.578125,108.578125,108.75,108.5625,108.734375,187539.0,2024-12-19 09:45:00-05:00
2024-12-19 15:00:00+00:00,108.5625,108.5625,108.625,108.546875,108.5625,74732.0,2024-12-19 10:00:00-05:00
2024-12-19 15:15:00+00:00,108.578125,108.578125,108.609375,108.5625,108.578125,33645.0,2024-12-19 10:15:00-05:00
2024-12-19 15:30:00+00:00,108.609375,108.609375,108.609375,108.5625,108.59375,15734.0,2024-12-19 10:30:00-05:00
2024-12-19 15:45:00+00:00,108.640625,108.640625,108.65625,108.59375,108.609375,41611.0,2024-12-19 10:45:00-05:00
2024-12-19 16:00:00+00:00,108.609375,108.609375,108.65625,108.59375,108.65625,26217.0,2024-12-19 11:00:00-05:00
2024-12-19 16:15:00+00:00,108.640625,108.640625,108.640625,108.59375,108.609375,10662.0,2024-12-19 11:15:00-05:00
2024-12-19 16:30:00+00:00,108.65625,108.65625,108.65625,108.625,108.640625,10702.0,2024-12-19 11:30:00-05:00
2024-12-19 16:45:00+00:00,108.625,108.625,108.65625,108.609375,108.640625,6040.0,2024-12-19 11:45:00-05:00
2024-12-19 18:00:00+00:00,108.671875,108.671875,108.671875,108.609375,108.625,1537.0,2024-12-19 13:00:00-05:00
2024-12-19 18:15:00+00:00,108.6875,108.6875,108.6875,108.65625,108.671875,2736.0,2024-12-19 13:15:00-05:00
2024-12-19 18:30:00+00:00,108.6875,108.6875,108.6875,108.671875,108.6875,2600.0,2024-12-19 13:30:00-05:00
2024-12-19 18:45:00+00:00,108.6875,108.6875,108.71875,108.6875,108.6875,3453.0,2024-12-19 13:45:00-05:00
2024-12-19 19:00:00+00:00,108.703125,108.703125,108.71875,108.6875,108.6875,6213.0,2024-12-19 14:00:00-05:00
2024-12-19 19:15:00+00:00,108.734375,108.734375,108.734375,108.703125,108.703125,5222.0,2024-12-19 14:15:00-05:00
2024-12-19 19:30:00+00:00,108.71875,108.71875,108.75,108.703125,108.71875,2906.0,2024-12-19 14:30:00-05:00
2024-12-19 19:45:00+00:00,108.734375,108.734375,108.734375,108.703125,108.71875,3865.0,2024-12-19 14:45:00-05:00
2024-12-19 20:00:00+00:00,108.75,108.75,108.75,108.71875,108.734375,2819.0,2024-12-19 15:00:00-05:00
2024-12-19 20:15:00+00:00,108.71875,108.71875,108.75,108.71875,108.75,2833.0,2024-12-19 15:15:00-05:00
2024-12-19 20:30:00+00:00,108.71875,108.71875,108.71875,108.703125,108.703125,2686.0,2024-12-19 15:30:00-05:00
2024-12-19 20:45:00+00:00,108.71875,108.71875,108.71875,108.6875,108.71875,2758.0,2024-12-19 15:45:00-05:00
2024-12-19 21:00:00+00:00,108.6875,108.6875,108.71875,108.65625,108.71875,5640.0,2024-12-19 16:00:00-05:00
2024-12-19 21:15:00+00:00,108.71875,108.71875,108.71875,108.671875,108.671875,5845.0,2024-12-19 16:15:00-05:00
2024-12-19 21:30:00+00:00,108.703125,108.703125,108.71875,108.703125,108.703125,4087.0,2024-12-19 16:30:00-05:00
2024-12-19 21:45:00+00:00,108.71875,108.71875,108.734375,108.703125,108.703125,3403.0,2024-12-19 16:45:00-05:00
2024-12-19 22:00:00+00:00,108.703125,108.703125,108.71875,108.6875,108.703125,8869.0,2024-12-19 17:00:00-05:00
2024-12-19 22:15:00+00:00,108.703125,108.703125,108.71875,108.6875,108.703125,8242.0,2024-12-19 17:15:00-05:00
2024-12-19 22:30:00+00:00,108.71875,108.71875,108.734375,108.6875,108.703125,4281.0,2024-12-19 17:30:00-05:00
2024-12-19 22:45:00+00:00,108.765625,108.765625,108.78125,108.71875,108.734375,14937.0,2024-12-19 17:45:00-05:00
2024-12-19 23:00:00+00:00,108.71875,108.71875,108.765625,108.71875,108.765625,3504.0,2024-12-19 18:00:00-05:00
2024-12-19 23:15:00+00:00,108.71875,108.71875,108.75,108.71875,108.71875,3017.0,2024-12-19 18:15:00-05:00
2024-12-19 23:30:00+00:00,108.71875,108.71875,108.734375,108.703125,108.734375,1462.0,2024-12-19 18:30:00-05:00
2024-12-19 23:45:00+00:00,108.703125,108.703125,108.71875,108.6875,108.703125,1491.0,2024-12-19 18:45:00-05:00
2024-12-20 00:00:00+00:00,108.703125,108.703125,108.703125,108.671875,108.6875,3747.0,2024-12-19 19:00:00-05:00
2024-12-20 00:15:00+00:00,108.71875,108.71875,108.71875,108.6875,108.6875,3547.0,2024-12-19 19:15:00-05:00
2024-12-20 00:30:00+00:00,108.703125,108.703125,108.71875,108.6875,108.703125,3051.0,2024-12-19 19:30:00-05:00
2024-12-20 00:45:00+00:00,108.703125,108.703125,108.71875,108.703125,108.703125,4227.0,2024-12-19 19:45:00-05:00
2024-12-20 01:00:00+00:00,108.703125,108.703125,108.71875,108.6875,108.703125,2994.0,2024-12-19 20:00:00-05:00
2024-12-20 01:15:00+00:00,108.75,108.75,108.765625,108.703125,108.703125,3545.0,2024-12-19 20:15:00-05:00
2024-12-20 01:30:00+00:00,108.78125,108.78125,108.78125,108.734375,108.75,8738.0,2024-12-19 20:30:00-05:00
2024-12-20 01:45:00+00:00,108.78125,108.78125,108.796875,108.765625,108.78125,4108.0,2024-12-19 20:45:00-05:00
2024-12-20 02:00:00+00:00,108.8125,108.8125,108.828125,108.765625,108.78125,9953.0,2024-12-19 21:00:00-05:00
2024-12-20 02:15:00+00:00,108.796875,108.796875,108.828125,108.78125,108.828125,5582.0,2024-12-19 21:15:00-05:00
2024-12-20 02:30:00+00:00,108.78125,108.78125,108.796875,108.75,108.78125,7492.0,2024-12-19 21:30:00-05:00
2024-12-20 02:45:00+00:00,108.78125,108.78125,108.8125,108.765625,108.78125,9493.0,2024-12-19 21:45:00-05:00
2024-12-20 03:00:00+00:00,108.765625,108.765625,108.78125,108.734375,108.78125,9333.0,2024-12-19 22:00:00-05:00
2024-12-20 03:15:00+00:00,108.78125,108.78125,108.796875,108.765625,108.78125,13227.0,2024-12-19 22:15:00-05:00
2024-12-20 03:30:00+00:00,108.75,108.75,108.8125,108.734375,108.78125,13543.0,2024-12-19 22:30:00-05:00
2024-12-20 03:45:00+00:00,108.734375,108.734375,108.765625,108.71875,108.75,8448.0,2024-12-19 22:45:00-05:00
2024-12-20 04:00:00+00:00,108.8125,108.8125,108.8125,108.734375,108.75,12383.0,2024-12-19 23:00:00-05:00
2024-12-20 04:15:00+00:00,108.75,108.75,108.828125,108.734375,108.828125,14536.0,2024-12-19 23:15:00-05:00
2024-12-20 04:30:00+00:00,108.765625,108.765625,108.78125,108.734375,108.75,6000.0,2024-12-19 23:30:00-05:00
2024-12-20 04:45:00+00:00,108.8125,108.8125,108.828125,108.75,108.765625,7776.0,2024-12-19 23:45:00-05:00
2024-12-20 05:00:00+00:00,108.859375,108.859375,108.859375,108.796875,108.8125,7897.0,2024-12-20 00:00:00-05:00
2024-12-20 05:15:00+00:00,108.84375,108.84375,108.875,108.84375,108.84375,10191.0,2024-12-20 00:15:00-05:00
2024-12-20 05:30:00+00:00,108.859375,108.859375,108.875,108.828125,108.859375,8011.0,2024-12-20 00:30:00-05:00
2024-12-20 05:45:00+00:00,108.875,108.875,108.875,108.859375,108.859375,8226.0,2024-12-20 00:45:00-05:00
2024-12-20 06:00:00+00:00,108.859375,108.859375,108.90625,108.859375,108.875,7466.0,2024-12-20 01:00:00-05:00
2024-12-20 06:15:00+00:00,108.859375,108.859375,108.875,108.84375,108.85900115966795,6374.0,2024-12-20 01:15:00-05:00
2024-12-20 06:30:00+00:00,108.890625,108.890625,108.90625,108.84375,108.859375,5658.0,2024-12-20 01:30:00-05:00
2024-12-20 06:45:00+00:00,108.84375,108.84375,108.890625,108.84375,108.890625,9108.0,2024-12-20 01:45:00-05:00
2024-12-20 07:00:00+00:00,108.890625,108.890625,108.90625,108.828125,108.84375,10942.0,2024-12-20 02:00:00-05:00
2024-12-20 07:15:00+00:00,108.953125,108.953125,108.96875,108.890625,108.90625,19572.0,2024-12-20 02:15:00-05:00
2024-12-20 07:30:00+00:00,108.875,108.875,108.953125,108.859375,108.953125,17019.0,2024-12-20 02:30:00-05:00
2024-12-20 07:45:00+00:00,108.859375,108.859375,108.90625,108.859375,108.875,19693.0,2024-12-20 02:45:00-05:00
2024-12-20 08:00:00+00:00,108.859375,108.859375,108.875,108.828125,108.84375,20440.0,2024-12-20 03:00:00-05:00
2024-12-20 08:15:00+00:00,108.90625,108.90625,108.921875,108.84375,108.859375,41368.0,2024-12-20 03:15:00-05:00
2024-12-20 08:30:00+00:00,109.15625,109.15625,109.1875,108.890625,108.90625,123882.0,2024-12-20 03:30:00-05:00
2024-12-20 08:45:00+00:00,109.15625,109.15625,109.1875,109.109375,109.171875,74295.0,2024-12-20 03:45:00-05:00
2024-12-20 09:00:00+00:00,109.109375,109.109375,109.203125,109.109375,109.15625,36959.0,2024-12-20 04:00:00-05:00
2024-12-20 09:15:00+00:00,109.140625,109.140625,109.171875,109.09375,109.109375,24713.0,2024-12-20 04:15:00-05:00
2024-12-20 09:30:00+00:00,109.078125,109.078125,109.171875,109.078125,109.125,37081.0,2024-12-20 04:30:00-05:00
2024-12-20 09:45:00+00:00,109.078125,109.078125,109.125,109.03125,109.09375,59650.0,2024-12-20 04:45:00-05:00
2024-12-20 10:00:00+00:00,109.046875,109.046875,109.125,109.015625,109.09375,59257.0,2024-12-20 05:00:00-05:00
2024-12-20 10:15:00+00:00,108.96875,108.96875,109.09375,108.953125,109.046875,31031.0,2024-12-20 05:15:00-05:00
2024-12-20 10:30:00+00:00,109.078125,109.078125,109.09375,108.96875,108.96875,38466.0,2024-12-20 05:30:00-05:00
2024-12-20 10:45:00+00:00,109.140625,109.140625,109.171875,109.078125,109.078125,41407.0,2024-12-20 05:45:00-05:00
2024-12-20 11:00:00+00:00,109.078125,109.078125,109.15625,109.0625,109.125,42936.0,2024-12-20 06:00:00-05:00
2024-12-20 11:15:00+00:00,109.125,109.125,109.140625,109.0625,109.078125,19640.0,2024-12-20 06:15:00-05:00
2024-12-20 11:30:00+00:00,109.15625,109.15625,109.171875,109.078125,109.109375,20437.0,2024-12-20 06:30:00-05:00
2024-12-20 11:45:00+00:00,109.25,109.25,109.25,109.15625,109.15625,34738.0,2024-12-20 06:45:00-05:00
2024-12-20 12:00:00+00:00,109.203125,109.203125,109.265625,109.203125,109.25,33208.0,2024-12-20 07:00:00-05:00
2024-12-20 12:15:00+00:00,109.203125,109.203125,109.25,109.203125,109.203125,28373.0,2024-12-20 07:15:00-05:00
2024-12-20 12:30:00+00:00,109.1875,109.1875,109.203125,109.15625,109.203125,37190.0,2024-12-20 07:30:00-05:00
2024-12-20 12:45:00+00:00,109.15625,109.15625,109.1875,109.140625,109.171875,24693.0,2024-12-20 07:45:00-05:00
2024-12-20 13:00:00+00:00,109.09375,109.09375,109.15625,109.078125,109.140625,25938.0,2024-12-20 08:00:00-05:00
2024-12-20 13:15:00+00:00,109.015625,109.015625,109.109375,109.015625,109.09375,27134.0,2024-12-20 08:15:00-05:00
2024-12-20 13:30:00+00:00,109.046875,109.046875,109.0625,109.015625,109.03125,21782.0,2024-12-20 08:30:00-05:00
2024-12-20 13:45:00+00:00,109.015625,109.015625,109.0625,109.0,109.046875,17527.0,2024-12-20 08:45:00-05:00
2024-12-20 14:00:00+00:00,109.03125,109.03125,109.046875,109.0,109.015625,15415.0,2024-12-20 09:00:00-05:00
2024-12-20 14:15:00+00:00,109.0,109.0,109.0625,109.0,109.03125,22770.0,2024-12-20 09:15:00-05:00
2024-12-20 14:30:00+00:00,109.03125,109.03125,109.046875,109.0,109.015625,18849.0,2024-12-20 09:30:00-05:00
2024-12-20 14:45:00+00:00,108.984375,108.984375,109.03125,108.953125,109.03125,94895.0,2024-12-20 09:45:00-05:00
2024-12-20 15:00:00+00:00,109.015625,109.015625,109.015625,108.984375,109.0,24055.0,2024-12-20 10:00:00-05:00
2024-12-20 15:15:00+00:00,109.015625,109.015625,109.03125,109.0,109.03125,10831.0,2024-12-20 10:15:00-05:00
2024-12-20 15:30:00+00:00,108.96875,108.96875,109.015625,108.953125,109.015625,26316.0,2024-12-20 10:30:00-05:00
2024-12-20 15:45:00+00:00,108.9375,108.9375,109.0,108.9375,108.984375,20508.0,2024-12-20 10:45:00-05:00
2024-12-20 16:00:00+00:00,108.96875,108.96875,108.96875,108.9375,108.953125,15961.0,2024-12-20 11:00:00-05:00
2024-12-20 16:15:00+00:00,108.953125,108.953125,108.96875,108.9375,108.96875,11280.0,2024-12-20 11:15:00-05:00
2024-12-20 16:30:00+00:00,108.9375,108.9375,108.953125,108.921875,108.953125,6591.0,2024-12-20 11:30:00-05:00
2024-12-20 16:45:00+00:00,108.96875,108.96875,109.0,108.9375,108.9375,16367.0,2024-12-20 11:45:00-05:00
2024-12-22 18:00:00+00:00,108.953125,108.953125,109.015625,108.9375,108.953125,4570.0,2024-12-22 13:00:00-05:00
2024-12-22 18:15:00+00:00,108.96875,108.96875,108.96875,108.9375,108.953125,261.0,2024-12-22 13:15:00-05:00
2024-12-22 18:30:00+00:00,108.984375,108.984375,108.984375,108.9375,108.96875,2755.0,2024-12-22 13:30:00-05:00
2024-12-22 18:45:00+00:00,108.96875,108.96875,108.984375,108.96875,108.984375,2144.0,2024-12-22 13:45:00-05:00
2024-12-22 19:00:00+00:00,108.953125,108.953125,108.984375,108.9375,108.96875,2269.0,2024-12-22 14:00:00-05:00
2024-12-22 19:15:00+00:00,108.921875,108.921875,108.96875,108.921875,108.953125,3561.0,2024-12-22 14:15:00-05:00
2024-12-22 19:30:00+00:00,108.921875,108.921875,108.9375,108.90625,108.921875,2866.0,2024-12-22 14:30:00-05:00
2024-12-22 19:45:00+00:00,108.921875,108.921875,108.9375,108.90625,108.90625,2356.0,2024-12-22 14:45:00-05:00
2024-12-22 20:00:00+00:00,108.921875,108.921875,108.953125,108.921875,108.921875,2981.0,2024-12-22 15:00:00-05:00
2024-12-22 20:15:00+00:00,108.9375,108.9375,108.96875,108.921875,108.9375,1175.0,2024-12-22 15:15:00-05:00
2024-12-22 20:30:00+00:00,108.9375,108.9375,108.96875,108.921875,108.953125,1411.0,2024-12-22 15:30:00-05:00
2024-12-22 20:45:00+00:00,108.96875,108.96875,108.984375,108.953125,108.953125,2835.0,2024-12-22 15:45:00-05:00
2024-12-22 21:00:00+00:00,109.0,109.0,109.0,108.96875,108.96875,1773.0,2024-12-22 16:00:00-05:00
2024-12-22 21:15:00+00:00,108.984375,108.984375,109.0,108.9375,109.0,4829.0,2024-12-22 16:15:00-05:00
2024-12-22 21:30:00+00:00,108.9375,108.9375,108.984375,108.921875,108.96875,3159.0,2024-12-22 16:30:00-05:00
2024-12-22 21:45:00+00:00,108.9375,108.9375,108.9375,108.90625,108.9375,873.0,2024-12-22 16:45:00-05:00
2024-12-22 22:00:00+00:00,108.953125,108.953125,108.953125,108.921875,108.9375,1938.0,2024-12-22 17:00:00-05:00
2024-12-22 22:15:00+00:00,108.9375,108.9375,108.953125,108.9375,108.953125,1652.0,2024-12-22 17:15:00-05:00
2024-12-22 22:30:00+00:00,108.96875,108.96875,108.96875,108.921875,108.921875,1143.0,2024-12-22 17:30:00-05:00
2024-12-22 22:45:00+00:00,108.984375,108.984375,109.0,108.953125,108.96875,2691.0,2024-12-22 17:45:00-05:00
2024-12-22 23:00:00+00:00,108.984375,108.984375,108.984375,108.96875,108.96875,1987.0,2024-12-22 18:00:00-05:00
2024-12-22 23:15:00+00:00,108.96875,108.96875,109.0,108.96875,108.984375,1258.0,2024-12-22 18:15:00-05:00
2024-12-22 23:30:00+00:00,108.96875,108.96875,108.984375,108.96875,108.96875,1515.0,2024-12-22 18:30:00-05:00
2024-12-22 23:45:00+00:00,108.96875,108.96875,108.96875,108.96875,108.96875,933.0,2024-12-22 18:45:00-05:00
2024-12-23 00:00:00+00:00,108.953125,108.953125,108.984375,108.953125,108.96875,1464.0,2024-12-22 19:00:00-05:00
2024-12-23 00:15:00+00:00,108.953125,108.953125,108.96875,108.953125,108.96875,1510.0,2024-12-22 19:15:00-05:00
2024-12-23 00:30:00+00:00,108.9375,108.9375,108.953125,108.9375,108.953125,861.0,2024-12-22 19:30:00-05:00
2024-12-23 00:45:00+00:00,108.953125,108.953125,108.953125,108.953125,108.953125,65.0,2024-12-22 19:45:00-05:00
2024-12-23 01:00:00+00:00,108.953125,108.953125,108.984375,108.953125,108.953125,2493.0,2024-12-22 20:00:00-05:00
2024-12-23 01:15:00+00:00,108.953125,108.953125,108.984375,108.921875,108.96875,4272.0,2024-12-22 20:15:00-05:00
2024-12-23 01:30:00+00:00,108.984375,108.984375,109.0,108.953125,108.953125,3840.0,2024-12-22 20:30:00-05:00
2024-12-23 01:45:00+00:00,109.0,109.0,109.015625,108.96875,108.984375,2959.0,2024-12-22 20:45:00-05:00
2024-12-23 02:00:00+00:00,108.953125,108.953125,109.0,108.953125,109.0,3436.0,2024-12-22 21:00:00-05:00
2024-12-23 02:15:00+00:00,108.9375,108.9375,108.984375,108.9375,108.96875,6594.0,2024-12-22 21:15:00-05:00
2024-12-23 02:30:00+00:00,108.96875,108.96875,108.984375,108.9375,108.9375,3286.0,2024-12-22 21:30:00-05:00
2024-12-23 02:45:00+00:00,108.9375,108.9375,108.984375,108.9375,108.96875,7351.0,2024-12-22 21:45:00-05:00
2024-12-23 03:00:00+00:00,108.90625,108.90625,108.9375,108.875,108.9375,11502.0,2024-12-22 22:00:00-05:00
2024-12-23 03:15:00+00:00,108.921875,108.921875,108.921875,108.890625,108.890625,4782.0,2024-12-22 22:15:00-05:00
2024-12-23 03:30:00+00:00,108.90625,108.90625,108.9375,108.875,108.921875,7137.0,2024-12-22 22:30:00-05:00
2024-12-23 03:45:00+00:00,108.84375,108.84375,108.90625,108.84375,108.90625,8468.0,2024-12-22 22:45:00-05:00
2024-12-23 04:00:00+00:00,108.84375,108.84375,108.875,108.828125,108.84375,6844.0,2024-12-22 23:00:00-05:00
2024-12-23 04:15:00+00:00,108.859375,108.859375,108.890625,108.84375,108.859375,8499.0,2024-12-22 23:15:00-05:00
2024-12-23 04:30:00+00:00,108.875,108.875,108.890625,108.84375,108.875,5376.0,2024-12-22 23:30:00-05:00
2024-12-23 04:45:00+00:00,108.875,108.875,108.890625,108.84375,108.875,3825.0,2024-12-22 23:45:00-05:00
2024-12-23 05:00:00+00:00,108.890625,108.890625,108.90625,108.875,108.875,7125.0,2024-12-23 00:00:00-05:00
2024-12-23 05:15:00+00:00,108.90625,108.90625,108.90625,108.875,108.875,3122.0,2024-12-23 00:15:00-05:00
2024-12-23 05:30:00+00:00,108.90625,108.90625,108.921875,108.90625,108.90625,3036.0,2024-12-23 00:30:00-05:00
2024-12-23 05:45:00+00:00,108.90625,108.90625,108.921875,108.890625,108.921875,3765.0,2024-12-23 00:45:00-05:00
2024-12-23 06:00:00+00:00,108.90625,108.90625,108.921875,108.890625,108.90625,2452.0,2024-12-23 01:00:00-05:00
2024-12-23 06:15:00+00:00,108.90625,108.90625,108.921875,108.875,108.90625,3086.0,2024-12-23 01:15:00-05:00
2024-12-23 06:30:00+00:00,108.890625,108.890625,108.90625,108.875,108.90625,2611.0,2024-12-23 01:30:00-05:00
2024-12-23 06:45:00+00:00,108.890625,108.890625,108.921875,108.890625,108.890625,4102.0,2024-12-23 01:45:00-05:00
2024-12-23 07:00:00+00:00,108.921875,108.921875,108.921875,108.875,108.890625,5106.0,2024-12-23 02:00:00-05:00
2024-12-23 07:15:00+00:00,108.859375,108.859375,108.921875,108.8125,108.921875,9615.0,2024-12-23 02:15:00-05:00
2024-12-23 07:30:00+00:00,108.828125,108.828125,108.859375,108.796875,108.859375,14483.0,2024-12-23 02:30:00-05:00
2024-12-23 07:45:00+00:00,108.828125,108.828125,108.84375,108.8125,108.84375,11876.0,2024-12-23 02:45:00-05:00
2024-12-23 08:00:00+00:00,108.796875,108.796875,108.828125,108.765625,108.828125,19900.0,2024-12-23 03:00:00-05:00
2024-12-23 08:15:00+00:00,108.84375,108.84375,108.859375,108.78125,108.78125,26047.0,2024-12-23 03:15:00-05:00
2024-12-23 08:30:00+00:00,108.828125,108.828125,108.859375,108.796875,108.859375,42937.0,2024-12-23 03:30:00-05:00
2024-12-23 08:45:00+00:00,108.796875,108.796875,108.859375,108.78125,108.8125,18548.0,2024-12-23 03:45:00-05:00
2024-12-23 09:00:00+00:00,108.828125,108.828125,108.84375,108.765625,108.796875,33120.0,2024-12-23 04:00:00-05:00
2024-12-23 09:15:00+00:00,108.875,108.875,108.90625,108.796875,108.828125,24987.0,2024-12-23 04:15:00-05:00
2024-12-23 09:30:00+00:00,108.8125,108.8125,108.90625,108.796875,108.859375,20143.0,2024-12-23 04:30:00-05:00
2024-12-23 09:45:00+00:00,108.75,108.75,108.828125,108.71875,108.828125,29193.0,2024-12-23 04:45:00-05:00
2024-12-23 10:00:00+00:00,108.6875,108.6875,108.78125,108.671875,108.75,38259.0,2024-12-23 05:00:00-05:00
2024-12-23 10:15:00+00:00,108.65625,108.65625,108.703125,108.640625,108.6875,29816.0,2024-12-23 05:15:00-05:00
2024-12-23 10:30:00+00:00,108.703125,108.703125,108.71875,108.65625,108.671875,27213.0,2024-12-23 05:30:00-05:00
2024-12-23 10:45:00+00:00,108.6875,108.6875,108.734375,108.6875,108.703125,14129.0,2024-12-23 05:45:00-05:00
2024-12-23 11:00:00+00:00,108.6875,108.6875,108.734375,108.6875,108.6875,22856.0,2024-12-23 06:00:00-05:00
2024-12-23 11:15:00+00:00,108.671875,108.671875,108.703125,108.671875,108.6875,15054.0,2024-12-23 06:15:00-05:00
2024-12-23 11:30:00+00:00,108.703125,108.703125,108.71875,108.671875,108.6875,20236.0,2024-12-23 06:30:00-05:00
2024-12-23 11:45:00+00:00,108.734375,108.734375,108.765625,108.703125,108.71875,18481.0,2024-12-23 06:45:00-05:00
2024-12-23 12:00:00+00:00,108.703125,108.703125,108.75,108.703125,108.75,16148.0,2024-12-23 07:00:00-05:00
2024-12-23 12:15:00+00:00,108.640625,108.640625,108.71875,108.640625,108.703125,17763.0,2024-12-23 07:15:00-05:00
2024-12-23 12:30:00+00:00,108.625,108.625,108.65625,108.625,108.65625,28306.0,2024-12-23 07:30:00-05:00
2024-12-23 12:45:00+00:00,108.625,108.625,108.640625,108.59375,108.609375,16037.0,2024-12-23 07:45:00-05:00
2024-12-23 13:00:00+00:00,108.625,108.625,108.65625,108.59375,108.625,21161.0,2024-12-23 08:00:00-05:00
2024-12-23 13:15:00+00:00,108.59375,108.59375,108.625,108.5625,108.609375,19923.0,2024-12-23 08:15:00-05:00
2024-12-23 13:30:00+00:00,108.578125,108.578125,108.65625,108.578125,108.609375,21755.0,2024-12-23 08:30:00-05:00
2024-12-23 13:45:00+00:00,108.5625,108.5625,108.578125,108.546875,108.578125,24295.0,2024-12-23 08:45:00-05:00
2024-12-23 14:00:00+00:00,108.53125,108.53125,108.578125,108.53125,108.5625,16836.0,2024-12-23 09:00:00-05:00
2024-12-23 14:15:00+00:00,108.53125,108.53125,108.546875,108.5,108.53125,26267.0,2024-12-23 09:15:00-05:00
2024-12-23 14:30:00+00:00,108.515625,108.515625,108.53125,108.5,108.53125,15053.0,2024-12-23 09:30:00-05:00
2024-12-23 14:45:00+00:00,108.46875,108.46875,108.546875,108.46875,108.515625,70209.0,2024-12-23 09:45:00-05:00
2024-12-23 15:00:00+00:00,108.53125,108.53125,108.53125,108.46875,108.46875,59203.0,2024-12-23 10:00:00-05:00
2024-12-23 15:15:00+00:00,108.515625,108.515625,108.546875,108.5,108.53125,12422.0,2024-12-23 10:15:00-05:00
2024-12-23 15:30:00+00:00,108.546875,108.546875,108.546875,108.515625,108.515625,12315.0,2024-12-23 10:30:00-05:00
2024-12-23 15:45:00+00:00,108.53125,108.53125,108.5625,108.53125,108.53125,20894.0,2024-12-23 10:45:00-05:00
2024-12-23 16:00:00+00:00,108.546875,108.546875,108.5625,108.53125,108.546875,13194.0,2024-12-23 11:00:00-05:00
2024-12-23 16:15:00+00:00,108.546875,108.546875,108.578125,108.546875,108.546875,8822.0,2024-12-23 11:15:00-05:00
2024-12-23 16:30:00+00:00,108.546875,108.546875,108.5625,108.546875,108.5625,3448.0,2024-12-23 11:30:00-05:00
2024-12-23 16:45:00+00:00,108.5625,108.5625,108.5625,108.53125,108.546875,7671.0,2024-12-23 11:45:00-05:00
2024-12-23 18:00:00+00:00,108.578125,108.578125,108.59375,108.53125,108.546875,950.0,2024-12-23 13:00:00-05:00
2024-12-23 18:15:00+00:00,108.59375,108.59375,108.59375,108.5625,108.5625,737.0,2024-12-23 13:15:00-05:00
2024-12-23 18:30:00+00:00,108.578125,108.578125,108.578125,108.5625,108.578125,644.0,2024-12-23 13:30:00-05:00
2024-12-23 18:45:00+00:00,108.578125,108.578125,108.59375,108.578125,108.578125,1941.0,2024-12-23 13:45:00-05:00
2024-12-23 19:00:00+00:00,108.59375,108.59375,108.59375,108.578125,108.578125,2239.0,2024-12-23 14:00:00-05:00
2024-12-23 19:15:00+00:00,108.578125,108.578125,108.59375,108.578125,108.59375,1191.0,2024-12-23 14:15:00-05:00
2024-12-23 19:30:00+00:00,108.578125,108.578125,108.578125,108.5625,108.5625,2102.0,2024-12-23 14:30:00-05:00
2024-12-23 19:45:00+00:00,108.59375,108.59375,108.609375,108.5625,108.578125,2160.0,2024-12-23 14:45:00-05:00
2024-12-23 20:00:00+00:00,108.59375,108.59375,108.609375,108.578125,108.578125,1865.0,2024-12-23 15:00:00-05:00
2024-12-23 20:15:00+00:00,108.59375,108.59375,108.609375,108.578125,108.59375,2968.0,2024-12-23 15:15:00-05:00
2024-12-23 20:30:00+00:00,108.59375,108.59375,108.609375,108.578125,108.59375,1268.0,2024-12-23 15:30:00-05:00
2024-12-23 20:45:00+00:00,108.59375,108.59375,108.59375,108.578125,108.59375,1789.0,2024-12-23 15:45:00-05:00
2024-12-23 21:00:00+00:00,108.609375,108.609375,108.609375,108.59375,108.59375,1389.0,2024-12-23 16:00:00-05:00
2024-12-23 21:15:00+00:00,108.609375,108.609375,108.609375,108.59375,108.609375,864.0,2024-12-23 16:15:00-05:00
2024-12-23 21:30:00+00:00,108.578125,108.578125,108.609375,108.578125,108.609375,2553.0,2024-12-23 16:30:00-05:00
2024-12-23 21:45:00+00:00,108.578125,108.578125,108.578125,108.5625,108.578125,707.0,2024-12-23 16:45:00-05:00
2024-12-23 22:00:00+00:00,108.5625,108.5625,108.578125,108.546875,108.5625,960.0,2024-12-23 17:00:00-05:00
2024-12-23 22:15:00+00:00,108.578125,108.578125,108.578125,108.5625,108.578125,1073.0,2024-12-23 17:15:00-05:00
2024-12-23 22:30:00+00:00,108.578125,108.578125,108.59375,108.578125,108.578125,1048.0,2024-12-23 17:30:00-05:00
2024-12-23 22:45:00+00:00,108.59375,108.59375,108.59375,108.5625,108.5625,502.0,2024-12-23 17:45:00-05:00
2024-12-23 23:00:00+00:00,108.578125,108.578125,108.59375,108.5625,108.578125,329.0,2024-12-23 18:00:00-05:00
2024-12-23 23:15:00+00:00,108.578125,108.578125,108.578125,108.578125,108.578125,618.0,2024-12-23 18:15:00-05:00
2024-12-23 23:30:00+00:00,108.578125,108.578125,108.578125,108.5625,108.578125,895.0,2024-12-23 18:30:00-05:00
2024-12-23 23:45:00+00:00,108.578125,108.578125,108.578125,108.578125,108.578125,510.0,2024-12-23 18:45:00-05:00
2024-12-24 09:30:00+00:00,108.34375,108.34375,108.359375,108.3125,108.34375,20805.0,2024-12-24 04:30:00-05:00
2024-12-24 09:45:00+00:00,108.34375,108.34375,108.359375,108.328125,108.328125,17226.0,2024-12-24 04:45:00-05:00
2024-12-24 10:00:00+00:00,108.34375,108.34375,108.359375,108.3125,108.328125,21067.0,2024-12-24 05:00:00-05:00
2024-12-24 10:15:00+00:00,108.3125,108.3125,108.359375,108.296875,108.34375,17320.0,2024-12-24 05:15:00-05:00
2024-12-24 10:30:00+00:00,108.34375,108.34375,108.34375,108.296875,108.3125,12071.0,2024-12-24 05:30:00-05:00
2024-12-24 10:45:00+00:00,108.34375,108.34375,108.34375,108.3125,108.328125,14713.0,2024-12-24 05:45:00-05:00
2024-12-24 11:00:00+00:00,108.296875,108.296875,108.34375,108.296875,108.328125,13317.0,2024-12-24 06:00:00-05:00
2024-12-24 11:15:00+00:00,108.328125,108.328125,108.328125,108.296875,108.3125,22979.0,2024-12-24 06:15:00-05:00
2024-12-24 11:30:00+00:00,108.390625,108.390625,108.421875,108.296875,108.328125,37215.0,2024-12-24 06:30:00-05:00
2024-12-24 11:45:00+00:00,108.375,108.375,108.40625,108.34375,108.40625,18109.0,2024-12-24 06:45:00-05:00
2024-12-24 12:00:00+00:00,108.421875,108.421875,108.4375,108.375,108.375,12684.0,2024-12-24 07:00:00-05:00
2024-12-24 12:15:00+00:00,108.5,108.5,108.5,108.40625,108.421875,22675.0,2024-12-24 07:15:00-05:00
2024-12-24 12:30:00+00:00,108.5,108.5,108.515625,108.46875,108.484375,19875.0,2024-12-24 07:30:00-05:00
2024-12-24 12:45:00+00:00,108.578125,108.578125,108.578125,108.484375,108.5,62285.0,2024-12-24 07:45:00-05:00
2024-12-25 18:00:00+00:00,108.515625,108.515625,108.546875,108.5,108.53125,1097.0,2024-12-25 13:00:00-05:00
2024-12-25 18:15:00+00:00,108.515625,108.515625,108.515625,108.5,108.5,622.0,2024-12-25 13:15:00-05:00
2024-12-25 18:30:00+00:00,108.5,108.5,108.515625,108.5,108.515625,840.0,2024-12-25 13:30:00-05:00
2024-12-25 18:45:00+00:00,108.484375,108.484375,108.515625,108.484375,108.5,1082.0,2024-12-25 13:45:00-05:00
2024-12-25 19:00:00+00:00,108.484375,108.484375,108.5,108.46875,108.484375,1694.0,2024-12-25 14:00:00-05:00
2024-12-25 19:15:00+00:00,108.46875,108.46875,108.484375,108.46875,108.484375,1754.0,2024-12-25 14:15:00-05:00
2024-12-25 19:30:00+00:00,108.46875,108.46875,108.5,108.46875,108.46875,1324.0,2024-12-25 14:30:00-05:00
2024-12-25 19:45:00+00:00,108.484375,108.484375,108.5,108.46875,108.484375,386.0,2024-12-25 14:45:00-05:00
2024-12-25 20:00:00+00:00,108.484375,108.484375,108.5,108.484375,108.484375,711.0,2024-12-25 15:00:00-05:00
2024-12-25 20:15:00+00:00,108.515625,108.515625,108.515625,108.484375,108.484375,1261.0,2024-12-25 15:15:00-05:00
2024-12-25 20:30:00+00:00,108.5,108.5,108.515625,108.484375,108.515625,1379.0,2024-12-25 15:30:00-05:00
2024-12-25 20:45:00+00:00,108.484375,108.484375,108.515625,108.484375,108.5,1388.0,2024-12-25 15:45:00-05:00
2024-12-25 21:00:00+00:00,108.484375,108.484375,108.515625,108.484375,108.484375,623.0,2024-12-25 16:00:00-05:00
2024-12-25 21:15:00+00:00,108.484375,108.484375,108.5,108.46875,108.5,1101.0,2024-12-25 16:15:00-05:00
2024-12-25 21:30:00+00:00,108.46875,108.46875,108.484375,108.46875,108.46875,268.0,2024-12-25 16:30:00-05:00
2024-12-25 21:45:00+00:00,108.46875,108.46875,108.484375,108.453125,108.46875,1288.0,2024-12-25 16:45:00-05:00
2024-12-25 22:00:00+00:00,108.46875,108.46875,108.484375,108.46875,108.46875,546.0,2024-12-25 17:00:00-05:00
2024-12-25 22:15:00+00:00,108.4375,108.4375,108.484375,108.4375,108.484375,2343.0,2024-12-25 17:15:00-05:00
2024-12-25 22:30:00+00:00,108.390625,108.390625,108.4375,108.390625,108.4375,2913.0,2024-12-25 17:30:00-05:00
2024-12-25 22:45:00+00:00,108.390625,108.390625,108.40625,108.375,108.40625,2573.0,2024-12-25 17:45:00-05:00
2024-12-25 23:00:00+00:00,108.359375,108.359375,108.390625,108.359375,108.390625,2227.0,2024-12-25 18:00:00-05:00
2024-12-25 23:15:00+00:00,108.359375,108.359375,108.375,108.34375,108.359375,3549.0,2024-12-25 18:15:00-05:00
2024-12-25 23:30:00+00:00,108.359375,108.359375,108.359375,108.34375,108.359375,1565.0,2024-12-25 18:30:00-05:00
2024-12-25 23:45:00+00:00,108.359375,108.359375,108.375,108.359375,108.359375,1406.0,2024-12-25 18:45:00-05:00
2024-12-26 00:00:00+00:00,108.359375,108.359375,108.359375,108.34375,108.359375,1316.0,2024-12-25 19:00:00-05:00
2024-12-26 00:15:00+00:00,108.390625,108.390625,108.390625,108.34375,108.359375,5003.0,2024-12-25 19:15:00-05:00
2024-12-26 00:30:00+00:00,108.375,108.375,108.390625,108.375,108.390625,2299.0,2024-12-25 19:30:00-05:00
2024-12-26 00:45:00+00:00,108.40625,108.40625,108.421875,108.375,108.390625,4520.0,2024-12-25 19:45:00-05:00
2024-12-26 01:00:00+00:00,108.421875,108.421875,108.421875,108.390625,108.40625,600.0,2024-12-25 20:00:00-05:00
2024-12-26 01:15:00+00:00,108.4375,108.4375,108.4375,108.40625,108.421875,1230.0,2024-12-25 20:15:00-05:00
2024-12-26 01:30:00+00:00,108.4375,108.4375,108.4375,108.40625,108.4375,958.0,2024-12-25 20:30:00-05:00
2024-12-26 01:45:00+00:00,108.421875,108.421875,108.4375,108.421875,108.4375,290.0,2024-12-25 20:45:00-05:00
2024-12-26 02:00:00+00:00,108.40625,108.40625,108.421875,108.40625,108.40625,640.0,2024-12-25 21:00:00-05:00
2024-12-26 02:15:00+00:00,108.40625,108.40625,108.421875,108.40625,108.40625,206.0,2024-12-25 21:15:00-05:00
2024-12-26 02:30:00+00:00,108.40625,108.40625,108.421875,108.40625,108.40625,100.0,2024-12-25 21:30:00-05:00
2024-12-26 02:45:00+00:00,108.390625,108.390625,108.421875,108.390625,108.421875,580.0,2024-12-25 21:45:00-05:00
2024-12-26 03:00:00+00:00,108.40625,108.40625,108.40625,108.390625,108.390625,811.0,2024-12-25 22:00:00-05:00
2024-12-26 03:15:00+00:00,108.375,108.375,108.390625,108.359375,108.390625,1210.0,2024-12-25 22:15:00-05:00
2024-12-26 03:30:00+00:00,108.375,108.375,108.40625,108.375,108.375,1479.0,2024-12-25 22:30:00-05:00
2024-12-26 03:45:00+00:00,108.40625,108.40625,108.40625,108.375,108.375,495.0,2024-12-25 22:45:00-05:00
2024-12-26 04:00:00+00:00,108.375,108.375,108.40625,108.375,108.390625,503.0,2024-12-25 23:00:00-05:00
2024-12-26 04:15:00+00:00,108.375,108.375,108.40625,108.375,108.39099884033205,2041.0,2024-12-25 23:15:00-05:00
2024-12-26 04:30:00+00:00,108.375,108.375,108.390625,108.34375,108.375,2141.0,2024-12-25 23:30:00-05:00
2024-12-26 04:45:00+00:00,108.375,108.375,108.390625,108.375,108.390625,198.0,2024-12-25 23:45:00-05:00
2024-12-26 05:00:00+00:00,108.375,108.375,108.390625,108.375,108.375,999.0,2024-12-26 00:00:00-05:00
2024-12-26 05:15:00+00:00,108.390625,108.390625,108.390625,108.359375,108.375,639.0,2024-12-26 00:15:00-05:00
2024-12-26 05:30:00+00:00,108.390625,108.390625,108.390625,108.375,108.375,884.0,2024-12-26 00:30:00-05:00
2024-12-26 05:45:00+00:00,108.390625,108.390625,108.390625,108.375,108.375,287.0,2024-12-26 00:45:00-05:00
2024-12-26 06:00:00+00:00,108.359375,108.359375,108.390625,108.35900115966795,108.390625,526.0,2024-12-26 01:00:00-05:00
2024-12-26 06:15:00+00:00,108.34375,108.34375,108.375,108.34375,108.375,3934.0,2024-12-26 01:15:00-05:00
2024-12-26 06:30:00+00:00,108.328125,108.328125,108.359375,108.328125,108.34375,2015.0,2024-12-26 01:30:00-05:00
2024-12-26 06:45:00+00:00,108.328125,108.328125,108.34375,108.328125,108.328125,3009.0,2024-12-26 01:45:00-05:00
2024-12-26 07:00:00+00:00,108.28125,108.28125,108.328125,108.265625,108.328125,11186.0,2024-12-26 02:00:00-05:00
2024-12-26 07:15:00+00:00,108.28125,108.28125,108.3125,108.28125,108.28125,7576.0,2024-12-26 02:15:00-05:00
2024-12-26 07:30:00+00:00,108.28125,108.28125,108.3125,108.28125,108.296875,5937.0,2024-12-26 02:30:00-05:00
2024-12-26 07:45:00+00:00,108.28125,108.28125,108.296875,108.28125,108.28125,5664.0,2024-12-26 02:45:00-05:00
2024-12-26 08:00:00+00:00,108.28125,108.28125,108.296875,108.25,108.28125,10268.0,2024-12-26 03:00:00-05:00
2024-12-26 08:15:00+00:00,108.28125,108.28125,108.296875,108.25,108.296875,15080.0,2024-12-26 03:15:00-05:00
2024-12-26 08:30:00+00:00,108.296875,108.296875,108.3125,108.234375,108.28125,28571.0,2024-12-26 03:30:00-05:00
2024-12-26 08:45:00+00:00,108.234375,108.234375,108.3125,108.203125,108.296875,18155.0,2024-12-26 03:45:00-05:00
2024-12-26 09:00:00+00:00,108.25,108.25,108.28125,108.21875,108.21875,20135.0,2024-12-26 04:00:00-05:00
2024-12-26 09:15:00+00:00,108.265625,108.265625,108.28125,108.21875,108.265625,15135.0,2024-12-26 04:15:00-05:00
2024-12-26 09:30:00+00:00,108.265625,108.265625,108.296875,108.25,108.265625,16522.0,2024-12-26 04:30:00-05:00
2024-12-26 09:45:00+00:00,108.28125,108.28125,108.3125,108.234375,108.265625,24585.0,2024-12-26 04:45:00-05:00
2024-12-26 10:00:00+00:00,108.265625,108.265625,108.296875,108.25,108.296875,19883.0,2024-12-26 05:00:00-05:00
2024-12-26 10:15:00+00:00,108.25,108.25,108.28125,108.234375,108.265625,15321.0,2024-12-26 05:15:00-05:00
2024-12-26 10:30:00+00:00,108.3125,108.3125,108.3125,108.234375,108.234375,21422.0,2024-12-26 05:30:00-05:00
2024-12-26 10:45:00+00:00,108.328125,108.328125,108.34375,108.265625,108.3125,33886.0,2024-12-26 05:45:00-05:00
2024-12-26 11:00:00+00:00,108.375,108.375,108.40625,108.328125,108.34375,41637.0,2024-12-26 06:00:00-05:00
2024-12-26 11:15:00+00:00,108.390625,108.390625,108.40625,108.34375,108.390625,20130.0,2024-12-26 06:15:00-05:00
2024-12-26 11:30:00+00:00,108.40625,108.40625,108.421875,108.375,108.390625,16277.0,2024-12-26 06:30:00-05:00
2024-12-26 11:45:00+00:00,108.40625,108.40625,108.421875,108.375,108.40625,15302.0,2024-12-26 06:45:00-05:00
2024-12-26 12:00:00+00:00,108.421875,108.421875,108.4375,108.390625,108.40625,16038.0,2024-12-26 07:00:00-05:00
2024-12-26 12:15:00+00:00,108.375,108.375,108.421875,108.359375,108.421875,17586.0,2024-12-26 07:15:00-05:00
2024-12-26 12:30:00+00:00,108.359375,108.359375,108.390625,108.34375,108.390625,17389.0,2024-12-26 07:30:00-05:00
2024-12-26 12:45:00+00:00,108.328125,108.328125,108.359375,108.3125,108.359375,34811.0,2024-12-26 07:45:00-05:00
2024-12-26 13:00:00+00:00,108.5625,108.5625,108.578125,108.328125,108.34375,83507.0,2024-12-26 08:00:00-05:00
2024-12-26 13:15:00+00:00,108.609375,108.609375,108.625,108.546875,108.546875,41323.0,2024-12-26 08:15:00-05:00
2024-12-26 13:30:00+00:00,108.59375,108.59375,108.625,108.578125,108.609375,15681.0,2024-12-26 08:30:00-05:00
2024-12-26 13:45:00+00:00,108.640625,108.640625,108.6875,108.59375,108.609375,43716.0,2024-12-26 08:45:00-05:00
2024-12-26 14:00:00+00:00,108.640625,108.640625,108.6875,108.640625,108.640625,29655.0,2024-12-26 09:00:00-05:00
2024-12-26 14:15:00+00:00,108.65625,108.65625,108.671875,108.625,108.65625,32374.0,2024-12-26 09:15:00-05:00
2024-12-26 14:30:00+00:00,108.65625,108.65625,108.671875,108.609375,108.640625,16714.0,2024-12-26 09:30:00-05:00
2024-12-26 14:45:00+00:00,108.640625,108.640625,108.6875,108.625,108.671875,62960.0,2024-12-26 09:45:00-05:00
2024-12-26 15:00:00+00:00,108.640625,108.640625,108.671875,108.640625,108.65625,15870.0,2024-12-26 10:00:00-05:00
2024-12-26 15:15:00+00:00,108.65625,108.65625,108.671875,108.640625,108.65625,8963.0,2024-12-26 10:15:00-05:00
2024-12-26 15:30:00+00:00,108.640625,108.640625,108.65625,108.625,108.65625,11887.0,2024-12-26 10:30:00-05:00
2024-12-26 15:45:00+00:00,108.640625,108.640625,108.671875,108.625,108.640625,25300.0,2024-12-26 10:45:00-05:00
2024-12-26 16:00:00+00:00,108.640625,108.640625,108.65625,108.625,108.65625,11603.0,2024-12-26 11:00:00-05:00
2024-12-26 16:15:00+00:00,108.625,108.625,108.65625,108.625,108.640625,4621.0,2024-12-26 11:15:00-05:00
2024-12-26 16:30:00+00:00,108.625,108.625,108.640625,108.59375,108.625,3773.0,2024-12-26 11:30:00-05:00
2024-12-26 16:45:00+00:00,108.625,108.625,108.640625,108.59375,108.625,7626.0,2024-12-26 11:45:00-05:00
2024-12-26 18:00:00+00:00,108.625,108.625,108.65625,108.609375,108.609375,968.0,2024-12-26 13:00:00-05:00
2024-12-26 18:15:00+00:00,108.625,108.625,108.640625,108.625,108.625,732.0,2024-12-26 13:15:00-05:00
2024-12-26 18:30:00+00:00,108.625,108.625,108.640625,108.625,108.625,192.0,2024-12-26 13:30:00-05:00
2024-12-26 18:45:00+00:00,108.640625,108.640625,108.640625,108.609375,108.625,1970.0,2024-12-26 13:45:00-05:00
2024-12-26 19:00:00+00:00,108.59375,108.59375,108.640625,108.59375,108.625,2128.0,2024-12-26 14:00:00-05:00
2024-12-26 19:15:00+00:00,108.609375,108.609375,108.609375,108.59375,108.59375,1559.0,2024-12-26 14:15:00-05:00
2024-12-26 19:30:00+00:00,108.609375,108.609375,108.609375,108.578125,108.59375,2092.0,2024-12-26 14:30:00-05:00
2024-12-26 19:45:00+00:00,108.609375,108.609375,108.640625,108.609375,108.625,1132.0,2024-12-26 14:45:00-05:00
2024-12-26 20:00:00+00:00,108.640625,108.640625,108.65625,108.59375,108.609375,4042.0,2024-12-26 15:00:00-05:00
2024-12-26 20:15:00+00:00,108.640625,108.640625,108.65625,108.625,108.640625,2020.0,2024-12-26 15:15:00-05:00
2024-12-26 20:30:00+00:00,108.671875,108.671875,108.671875,108.640625,108.640625,3617.0,2024-12-26 15:30:00-05:00
2024-12-26 20:45:00+00:00,108.671875,108.671875,108.671875,108.65625,108.671875,2183.0,2024-12-26 15:45:00-05:00
2024-12-26 21:00:00+00:00,108.6875,108.6875,108.703125,108.671875,108.671875,3370.0,2024-12-26 16:00:00-05:00
2024-12-26 21:15:00+00:00,108.6875,108.6875,108.703125,108.671875,108.671875,2022.0,2024-12-26 16:15:00-05:00
2024-12-26 21:30:00+00:00,108.671875,108.671875,108.6875,108.65625,108.6875,1758.0,2024-12-26 16:30:00-05:00
2024-12-26 21:45:00+00:00,108.65625,108.65625,108.671875,108.65625,108.671875,57.0,2024-12-26 16:45:00-05:00
2024-12-26 22:00:00+00:00,108.671875,108.671875,108.671875,108.640625,108.671875,7712.0,2024-12-26 17:00:00-05:00
2024-12-26 22:15:00+00:00,108.703125,108.703125,108.703125,108.671875,108.671875,2367.0,2024-12-26 17:15:00-05:00
2024-12-26 22:30:00+00:00,108.6875,108.6875,108.703125,108.6875,108.703125,457.0,2024-12-26 17:30:00-05:00
2024-12-26 22:45:00+00:00,108.703125,108.703125,108.703125,108.6875,108.703125,2482.0,2024-12-26 17:45:00-05:00
2024-12-26 23:00:00+00:00,108.6875,108.6875,108.703125,108.6875,108.703125,2177.0,2024-12-26 18:00:00-05:00
2024-12-26 23:15:00+00:00,108.6875,108.6875,108.6875,108.671875,108.6875,2415.0,2024-12-26 18:15:00-05:00
2024-12-26 23:30:00+00:00,108.6875,108.6875,108.6875,108.65625,108.6875,1063.0,2024-12-26 18:30:00-05:00
2024-12-26 23:45:00+00:00,108.703125,108.703125,108.703125,108.6875,108.6875,1847.0,2024-12-26 18:45:00-05:00
2024-12-27 00:00:00+00:00,108.6875,108.6875,108.703125,108.6875,108.703125,2342.0,2024-12-26 19:00:00-05:00
2024-12-27 00:15:00+00:00,108.6875,108.6875,108.703125,108.6875,108.703125,1192.0,2024-12-26 19:15:00-05:00
2024-12-27 00:30:00+00:00,108.65625,108.65625,108.6875,108.65625,108.6875,4144.0,2024-12-26 19:30:00-05:00
2024-12-27 00:45:00+00:00,108.671875,108.671875,108.671875,108.671875,108.671875,1683.0,2024-12-26 19:45:00-05:00
2024-12-27 01:00:00+00:00,108.6875,108.6875,108.6875,108.671875,108.671875,1218.0,2024-12-26 20:00:00-05:00
2024-12-27 01:15:00+00:00,108.671875,108.671875,108.6875,108.671875,108.6875,393.0,2024-12-26 20:15:00-05:00
2024-12-27 01:30:00+00:00,108.671875,108.671875,108.6875,108.671875,108.671875,148.0,2024-12-26 20:30:00-05:00
2024-12-27 01:45:00+00:00,108.6875,108.6875,108.6875,108.671875,108.671875,2369.0,2024-12-26 20:45:00-05:00
2024-12-27 02:00:00+00:00,108.609375,108.609375,108.6875,108.59375,108.6875,5646.0,2024-12-26 21:00:00-05:00
2024-12-27 02:15:00+00:00,108.59375,108.59375,108.640625,108.59375,108.609375,5234.0,2024-12-26 21:15:00-05:00
2024-12-27 02:30:00+00:00,108.5625,108.5625,108.59375,108.5625,108.59375,5741.0,2024-12-26 21:30:00-05:00
2024-12-27 02:45:00+00:00,108.546875,108.546875,108.578125,108.53125,108.5625,7549.0,2024-12-26 21:45:00-05:00
2024-12-27 03:00:00+00:00,108.53125,108.53125,108.546875,108.5,108.546875,14857.0,2024-12-26 22:00:00-05:00
2024-12-27 03:15:00+00:00,108.53125,108.53125,108.546875,108.515625,108.53125,5184.0,2024-12-26 22:15:00-05:00
2024-12-27 03:30:00+00:00,108.53125,108.53125,108.5625,108.5,108.53125,10426.0,2024-12-26 22:30:00-05:00
2024-12-27 03:45:00+00:00,108.5,108.5,108.53125,108.5,108.53125,5918.0,2024-12-26 22:45:00-05:00
2024-12-27 04:00:00+00:00,108.515625,108.515625,108.53125,108.5,108.515625,6755.0,2024-12-26 23:00:00-05:00
2024-12-27 04:15:00+00:00,108.515625,108.515625,108.53125,108.5,108.515625,4366.0,2024-12-26 23:15:00-05:00
2024-12-27 04:30:00+00:00,108.5,108.5,108.53125,108.46875,108.53125,17672.0,2024-12-26 23:30:00-05:00
2024-12-27 04:45:00+00:00,108.484375,108.484375,108.515625,108.46875,108.5,3806.0,2024-12-26 23:45:00-05:00
2024-12-27 05:00:00+00:00,108.5,108.5,108.5,108.46875,108.484375,3596.0,2024-12-27 00:00:00-05:00
2024-12-27 05:15:00+00:00,108.5,108.5,108.53125,108.484375,108.484375,7071.0,2024-12-27 00:15:00-05:00
2024-12-27 05:30:00+00:00,108.484375,108.484375,108.515625,108.46875,108.515625,6710.0,2024-12-27 00:30:00-05:00
2024-12-27 05:45:00+00:00,108.484375,108.484375,108.484375,108.46875,108.484375,3448.0,2024-12-27 00:45:00-05:00
2024-12-27 06:00:00+00:00,108.453125,108.453125,108.5,108.453125,108.484375,6750.0,2024-12-27 01:00:00-05:00
2024-12-27 06:15:00+00:00,108.4375,108.4375,108.46875,108.4375,108.453125,9855.0,2024-12-27 01:15:00-05:00
2024-12-27 06:30:00+00:00,108.421875,108.421875,108.453125,108.421875,108.4375,4818.0,2024-12-27 01:30:00-05:00
2024-12-27 06:45:00+00:00,108.453125,108.453125,108.46875,108.421875,108.421875,8961.0,2024-12-27 01:45:00-05:00
2024-12-27 07:00:00+00:00,108.484375,108.484375,108.484375,108.453125,108.453125,6882.0,2024-12-27 02:00:00-05:00
2024-12-27 07:15:00+00:00,108.5,108.5,108.53125,108.46875,108.46875,13032.0,2024-12-27 02:15:00-05:00
2024-12-27 07:30:00+00:00,108.5,108.5,108.515625,108.484375,108.515625,10854.0,2024-12-27 02:30:00-05:00
2024-12-27 07:45:00+00:00,108.53125,108.53125,108.546875,108.5,108.515625,6587.0,2024-12-27 02:45:00-05:00
2024-12-27 08:00:00+00:00,108.546875,108.546875,108.5625,108.5,108.546875,17849.0,2024-12-27 03:00:00-05:00
2024-12-27 08:15:00+00:00,108.53125,108.53125,108.546875,108.484375,108.546875,14206.0,2024-12-27 03:15:00-05:00
2024-12-27 08:30:00+00:00,108.546875,108.546875,108.578125,108.515625,108.53125,11757.0,2024-12-27 03:30:00-05:00
2024-12-27 08:45:00+00:00,108.53125,108.53125,108.59375,108.53125,108.5625,13878.0,2024-12-27 03:45:00-05:00
2024-12-27 09:00:00+00:00,108.59375,108.59375,108.59375,108.53125,108.53125,11170.0,2024-12-27 04:00:00-05:00
2024-12-27 09:15:00+00:00,108.5625,108.5625,108.59375,108.546875,108.578125,17714.0,2024-12-27 04:15:00-05:00
2024-12-27 09:30:00+00:00,108.5625,108.5625,108.609375,108.546875,108.5625,32219.0,2024-12-27 04:30:00-05:00
2024-12-27 09:45:00+00:00,108.609375,108.609375,108.625,108.5625,108.5625,24295.0,2024-12-27 04:45:00-05:00
2024-12-27 10:00:00+00:00,108.671875,108.671875,108.703125,108.59375,108.609375,41121.0,2024-12-27 05:00:00-05:00
2024-12-27 10:15:00+00:00,108.6875,108.6875,108.703125,108.65625,108.6875,27706.0,2024-12-27 05:15:00-05:00
2024-12-27 10:30:00+00:00,108.640625,108.640625,108.71875,108.640625,108.671875,20672.0,2024-12-27 05:30:00-05:00
2024-12-27 10:45:00+00:00,108.65625,108.65625,108.671875,108.625,108.65625,19534.0,2024-12-27 05:45:00-05:00
2024-12-27 11:00:00+00:00,108.609375,108.609375,108.640625,108.578125,108.625,28243.0,2024-12-27 06:00:00-05:00
2024-12-27 11:15:00+00:00,108.640625,108.640625,108.65625,108.59375,108.609375,18025.0,2024-12-27 06:15:00-05:00
2024-12-27 11:30:00+00:00,108.625,108.625,108.640625,108.609375,108.625,7856.0,2024-12-27 06:30:00-05:00
2024-12-27 11:45:00+00:00,108.5625,108.5625,108.640625,108.546875,108.640625,19139.0,2024-12-27 06:45:00-05:00
2024-12-27 12:00:00+00:00,108.515625,108.515625,108.5625,108.5,108.5625,27235.0,2024-12-27 07:00:00-05:00
2024-12-27 12:15:00+00:00,108.515625,108.515625,108.546875,108.484375,108.515625,27827.0,2024-12-27 07:15:00-05:00
2024-12-27 12:30:00+00:00,108.546875,108.546875,108.546875,108.5,108.53125,7222.0,2024-12-27 07:30:00-05:00
2024-12-27 12:45:00+00:00,108.5,108.5,108.546875,108.453125,108.546875,15725.0,2024-12-27 07:45:00-05:00
2024-12-27 13:00:00+00:00,108.484375,108.484375,108.5,108.46875,108.484375,6959.0,2024-12-27 08:00:00-05:00
2024-12-27 13:15:00+00:00,108.453125,108.453125,108.5,108.453125,108.484375,22581.0,2024-12-27 08:15:00-05:00
2024-12-27 13:30:00+00:00,108.484375,108.484375,108.515625,108.453125,108.46875,15847.0,2024-12-27 08:30:00-05:00
2024-12-27 13:45:00+00:00,108.46875,108.46875,108.484375,108.46875,108.484375,5040.0,2024-12-27 08:45:00-05:00
2024-12-27 14:00:00+00:00,108.46875,108.46875,108.484375,108.453125,108.484375,10095.0,2024-12-27 09:00:00-05:00
2024-12-27 14:15:00+00:00,108.453125,108.453125,108.484375,108.453125,108.453125,12188.0,2024-12-27 09:15:00-05:00
2024-12-27 14:30:00+00:00,108.453125,108.453125,108.46875,108.4375,108.46875,6711.0,2024-12-27 09:30:00-05:00
2024-12-27 14:45:00+00:00,108.4375,108.4375,108.453125,108.40625,108.453125,92814.0,2024-12-27 09:45:00-05:00
2024-12-27 15:00:00+00:00,108.4375,108.4375,108.453125,108.40625,108.421875,30026.0,2024-12-27 10:00:00-05:00
2024-12-27 15:15:00+00:00,108.421875,108.421875,108.453125,108.40625,108.4375,12636.0,2024-12-27 10:15:00-05:00
2024-12-27 15:30:00+00:00,108.421875,108.421875,108.4375,108.40625,108.421875,7781.0,2024-12-27 10:30:00-05:00
2024-12-27 15:45:00+00:00,108.421875,108.421875,108.421875,108.390625,108.421875,23148.0,2024-12-27 10:45:00-05:00
2024-12-27 16:00:00+00:00,108.375,108.375,108.421875,108.375,108.421875,19494.0,2024-12-27 11:00:00-05:00
2024-12-27 16:15:00+00:00,108.359375,108.359375,108.390625,108.359375,108.375,10988.0,2024-12-27 11:15:00-05:00
2024-12-27 16:30:00+00:00,108.375,108.375,108.375,108.359375,108.359375,3090.0,2024-12-27 11:30:00-05:00
2024-12-27 16:45:00+00:00,108.375,108.375,108.390625,108.359375,108.375,9386.0,2024-12-27 11:45:00-05:00
2024-12-29 18:00:00+00:00,108.390625,108.390625,108.46875,108.390625,108.4375,3443.0,2024-12-29 13:00:00-05:00
2024-12-29 18:15:00+00:00,108.40625,108.40625,108.40625,108.375,108.40625,1065.0,2024-12-29 13:15:00-05:00
2024-12-29 18:30:00+00:00,108.40625,108.40625,108.40625,108.375,108.40625,2148.0,2024-12-29 13:30:00-05:00
2024-12-29 18:45:00+00:00,108.375,108.375,108.40625,108.375,108.40625,919.0,2024-12-29 13:45:00-05:00
2024-12-29 19:00:00+00:00,108.40625,108.40625,108.40625,108.375,108.390625,4485.0,2024-12-29 14:00:00-05:00
2024-12-29 19:15:00+00:00,108.40625,108.40625,108.421875,108.390625,108.40625,1642.0,2024-12-29 14:15:00-05:00
2024-12-29 19:30:00+00:00,108.421875,108.421875,108.421875,108.40625,108.421875,617.0,2024-12-29 14:30:00-05:00
2024-12-29 19:45:00+00:00,108.4375,108.4375,108.4375,108.421875,108.421875,3059.0,2024-12-29 14:45:00-05:00
2024-12-29 20:00:00+00:00,108.4375,108.4375,108.4375,108.421875,108.4375,1766.0,2024-12-29 15:00:00-05:00
2024-12-29 20:15:00+00:00,108.453125,108.453125,108.453125,108.421875,108.4375,1753.0,2024-12-29 15:15:00-05:00
2024-12-29 20:30:00+00:00,108.421875,108.421875,108.453125,108.421875,108.4375,800.0,2024-12-29 15:30:00-05:00
2024-12-29 20:45:00+00:00,108.421875,108.421875,108.4375,108.421875,108.421875,545.0,2024-12-29 15:45:00-05:00
2024-12-29 21:00:00+00:00,108.4375,108.4375,108.453125,108.421875,108.421875,2368.0,2024-12-29 16:00:00-05:00
2024-12-29 21:15:00+00:00,108.421875,108.421875,108.4375,108.421875,108.421875,1568.0,2024-12-29 16:15:00-05:00
2024-12-29 21:30:00+00:00,108.40625,108.40625,108.421875,108.40625,108.421875,683.0,2024-12-29 16:30:00-05:00
2024-12-29 21:45:00+00:00,108.40625,108.40625,108.421875,108.390625,108.40625,1024.0,2024-12-29 16:45:00-05:00
2024-12-29 22:00:00+00:00,108.390625,108.390625,108.40625,108.375,108.390625,1554.0,2024-12-29 17:00:00-05:00
2024-12-29 22:15:00+00:00,108.390625,108.390625,108.40625,108.390625,108.390625,1069.0,2024-12-29 17:15:00-05:00
2024-12-29 22:30:00+00:00,108.40625,108.40625,108.40625,108.390625,108.390625,270.0,2024-12-29 17:30:00-05:00
2024-12-29 22:45:00+00:00,108.4375,108.4375,108.4375,108.390625,108.40625,1662.0,2024-12-29 17:45:00-05:00
2024-12-29 23:00:00+00:00,108.421875,108.421875,108.421875,108.40625,108.421875,571.0,2024-12-29 18:00:00-05:00
2024-12-29 23:15:00+00:00,108.421875,108.421875,108.421875,108.40625,108.421875,2825.0,2024-12-29 18:15:00-05:00
2024-12-29 23:30:00+00:00,108.4375,108.4375,108.4375,108.40625,108.421875,1354.0,2024-12-29 18:30:00-05:00
2024-12-29 23:45:00+00:00,108.453125,108.453125,108.453125,108.40625,108.421875,1981.0,2024-12-29 18:45:00-05:00
2024-12-30 00:00:00+00:00,108.46875,108.46875,108.484375,108.4375,108.453125,6850.0,2024-12-29 19:00:00-05:00
2024-12-30 00:15:00+00:00,108.484375,108.484375,108.484375,108.453125,108.46875,634.0,2024-12-29 19:15:00-05:00
2024-12-30 00:30:00+00:00,108.484375,108.484375,108.5,108.46875,108.46875,5003.0,2024-12-29 19:30:00-05:00
2024-12-30 00:45:00+00:00,108.5,108.5,108.5,108.46875,108.484375,3781.0,2024-12-29 19:45:00-05:00
2024-12-30 01:00:00+00:00,108.5,108.5,108.5,108.484375,108.5,4203.0,2024-12-29 20:00:00-05:00
2024-12-30 01:15:00+00:00,108.53125,108.53125,108.53125,108.5,108.5,2343.0,2024-12-29 20:15:00-05:00
2024-12-30 01:30:00+00:00,108.53125,108.53125,108.546875,108.515625,108.53125,3321.0,2024-12-29 20:30:00-05:00
2024-12-30 01:45:00+00:00,108.546875,108.546875,108.5625,108.53125,108.53125,4979.0,2024-12-29 20:45:00-05:00
2024-12-30 02:00:00+00:00,108.546875,108.546875,108.5625,108.53125,108.546875,5361.0,2024-12-29 21:00:00-05:00
2024-12-30 02:15:00+00:00,108.578125,108.578125,108.578125,108.53125,108.546875,6014.0,2024-12-29 21:15:00-05:00
2024-12-30 02:30:00+00:00,108.5625,108.5625,108.578125,108.546875,108.578125,3534.0,2024-12-29 21:30:00-05:00
2024-12-30 02:45:00+00:00,108.578125,108.578125,108.59375,108.5625,108.578125,4636.0,2024-12-29 21:45:00-05:00
2024-12-30 03:00:00+00:00,108.59375,108.59375,108.59375,108.546875,108.5625,10787.0,2024-12-29 22:00:00-05:00
2024-12-30 03:15:00+00:00,108.625,108.625,108.625,108.5625,108.578125,8722.0,2024-12-29 22:15:00-05:00
2024-12-30 03:30:00+00:00,108.609375,108.609375,108.625,108.59375,108.609375,4251.0,2024-12-29 22:30:00-05:00
2024-12-30 03:45:00+00:00,108.625,108.625,108.640625,108.59375,108.609375,9472.0,2024-12-29 22:45:00-05:00
2024-12-30 04:00:00+00:00,108.609375,108.609375,108.640625,108.60900115966795,108.625,8504.0,2024-12-29 23:00:00-05:00
2024-12-30 04:15:00+00:00,108.625,108.625,108.65625,108.609375,108.609375,4756.0,2024-12-29 23:15:00-05:00
2024-12-30 04:30:00+00:00,108.625,108.625,108.625,108.59375,108.609375,5307.0,2024-12-29 23:30:00-05:00
2024-12-30 04:45:00+00:00,108.609375,108.609375,108.625,108.609375,108.625,2093.0,2024-12-29 23:45:00-05:00
2024-12-30 05:00:00+00:00,108.625,108.625,108.625,108.59375,108.625,6896.0,2024-12-30 00:00:00-05:00
2024-12-30 05:15:00+00:00,108.59375,108.59375,108.640625,108.59375,108.625,2784.0,2024-12-30 00:15:00-05:00
2024-12-30 05:30:00+00:00,108.578125,108.578125,108.59375,108.578125,108.59375,3793.0,2024-12-30 00:30:00-05:00
2024-12-30 05:45:00+00:00,108.59375,108.59375,108.59375,108.546875,108.578125,6424.0,2024-12-30 00:45:00-05:00
2024-12-30 06:00:00+00:00,108.578125,108.578125,108.59375,108.5780029296875,108.59375,3601.0,2024-12-30 01:00:00-05:00
2024-12-30 06:15:00+00:00,108.59375,108.59375,108.609375,108.578125,108.578125,2646.0,2024-12-30 01:15:00-05:00
2024-12-30 06:30:00+00:00,108.609375,108.609375,108.625,108.59375,108.59375,4453.0,2024-12-30 01:30:00-05:00
2024-12-30 06:45:00+00:00,108.640625,108.640625,108.640625,108.59375,108.625,12097.0,2024-12-30 01:45:00-05:00
2024-12-30 07:00:00+00:00,108.65625,108.65625,108.65625,108.625,108.640625,8203.0,2024-12-30 02:00:00-05:00
2024-12-30 07:15:00+00:00,108.671875,108.671875,108.671875,108.625,108.65625,14051.0,2024-12-30 02:15:00-05:00
2024-12-30 07:30:00+00:00,108.703125,108.703125,108.703125,108.65625,108.65625,10889.0,2024-12-30 02:30:00-05:00
2024-12-30 07:45:00+00:00,108.71875,108.71875,108.71875,108.6875,108.703125,11523.0,2024-12-30 02:45:00-05:00
2024-12-30 08:00:00+00:00,108.765625,108.765625,108.78125,108.71875,108.71875,35693.0,2024-12-30 03:00:00-05:00
2024-12-30 08:15:00+00:00,108.765625,108.765625,108.78125,108.734375,108.78125,32436.0,2024-12-30 03:15:00-05:00
2024-12-30 08:30:00+00:00,108.828125,108.828125,108.84375,108.75,108.765625,33659.0,2024-12-30 03:30:00-05:00
2024-12-30 08:45:00+00:00,108.890625,108.890625,108.890625,108.8125,108.828125,37314.0,2024-12-30 03:45:00-05:00
2024-12-30 09:00:00+00:00,108.875,108.875,108.90625,108.859375,108.890625,26752.0,2024-12-30 04:00:00-05:00
2024-12-30 09:15:00+00:00,108.890625,108.890625,108.90625,108.859375,108.875,21179.0,2024-12-30 04:15:00-05:00
2024-12-30 09:30:00+00:00,108.90625,108.90625,108.90625,108.859375,108.875,20427.0,2024-12-30 04:30:00-05:00
2024-12-30 09:45:00+00:00,108.953125,108.953125,108.96875,108.890625,108.90625,30511.0,2024-12-30 04:45:00-05:00
2024-12-30 10:00:00+00:00,108.9375,108.9375,108.984375,108.921875,108.953125,35347.0,2024-12-30 05:00:00-05:00
2024-12-30 10:15:00+00:00,108.984375,108.984375,109.015625,108.921875,108.9375,35310.0,2024-12-30 05:15:00-05:00
2024-12-30 10:30:00+00:00,108.921875,108.921875,109.0,108.875,108.984375,43387.0,2024-12-30 05:30:00-05:00
2024-12-30 10:45:00+00:00,108.921875,108.921875,108.953125,108.90625,108.921875,38255.0,2024-12-30 05:45:00-05:00
2024-12-30 11:00:00+00:00,108.9375,108.9375,108.953125,108.890625,108.90625,21546.0,2024-12-30 06:00:00-05:00
2024-12-30 11:15:00+00:00,108.921875,108.921875,108.953125,108.875,108.9375,24104.0,2024-12-30 06:15:00-05:00
2024-12-30 11:30:00+00:00,108.921875,108.921875,108.953125,108.90625,108.9375,11056.0,2024-12-30 06:30:00-05:00
2024-12-30 11:45:00+00:00,108.921875,108.921875,108.9375,108.90625,108.921875,10840.0,2024-12-30 06:45:00-05:00
2024-12-30 12:00:00+00:00,108.921875,108.921875,108.921875,108.875,108.90625,18694.0,2024-12-30 07:00:00-05:00
2024-12-30 12:15:00+00:00,108.875,108.875,108.921875,108.875,108.921875,7821.0,2024-12-30 07:15:00-05:00
2024-12-30 12:30:00+00:00,108.859375,108.859375,108.890625,108.84375,108.890625,11050.0,2024-12-30 07:30:00-05:00
2024-12-30 12:45:00+00:00,108.921875,108.921875,108.921875,108.859375,108.859375,12509.0,2024-12-30 07:45:00-05:00
2024-12-30 13:00:00+00:00,108.890625,108.890625,108.9375,108.890625,108.90625,10499.0,2024-12-30 08:00:00-05:00
2024-12-30 13:15:00+00:00,108.90625,108.90625,108.9375,108.890625,108.90625,8639.0,2024-12-30 08:15:00-05:00
2024-12-30 13:30:00+00:00,108.921875,108.921875,108.953125,108.90625,108.921875,11088.0,2024-12-30 08:30:00-05:00
2024-12-30 13:45:00+00:00,108.96875,108.96875,108.96875,108.921875,108.9375,4605.0,2024-12-30 08:45:00-05:00
2024-12-30 14:00:00+00:00,108.96875,108.96875,108.984375,108.953125,108.953125,10642.0,2024-12-30 09:00:00-05:00
2024-12-30 14:15:00+00:00,108.96875,108.96875,108.984375,108.953125,108.96875,15570.0,2024-12-30 09:15:00-05:00
2024-12-30 14:30:00+00:00,108.953125,108.953125,108.984375,108.953125,108.984375,10270.0,2024-12-30 09:30:00-05:00
2024-12-30 14:45:00+00:00,108.96875,108.96875,109.0,108.9375,108.96875,34480.0,2024-12-30 09:45:00-05:00
2024-12-30 15:00:00+00:00,108.9375,108.9375,108.984375,108.921875,108.96875,22557.0,2024-12-30 10:00:00-05:00
2024-12-30 15:15:00+00:00,108.9375,108.9375,108.953125,108.921875,108.9375,4074.0,2024-12-30 10:15:00-05:00
2024-12-30 15:30:00+00:00,108.96875,108.96875,108.96875,108.9375,108.953125,10542.0,2024-12-30 10:30:00-05:00
2024-12-30 15:45:00+00:00,108.96875,108.96875,108.984375,108.921875,108.953125,29109.0,2024-12-30 10:45:00-05:00
2024-12-30 16:00:00+00:00,109.0,109.0,109.015625,108.953125,108.953125,23829.0,2024-12-30 11:00:00-05:00
2024-12-30 16:15:00+00:00,109.015625,109.015625,109.03125,108.984375,108.984375,12176.0,2024-12-30 11:15:00-05:00
2024-12-30 16:30:00+00:00,109.03125,109.03125,109.046875,108.984375,109.015625,14584.0,2024-12-30 11:30:00-05:00
2024-12-30 16:45:00+00:00,109.03125,109.03125,109.03125,109.0,109.03125,8729.0,2024-12-30 11:45:00-05:00
2024-12-30 18:00:00+00:00,109.0,109.0,109.03125,109.0,109.03125,1348.0,2024-12-30 13:00:00-05:00
2024-12-30 18:15:00+00:00,109.0,109.0,109.015625,109.0,109.015625,311.0,2024-12-30 13:15:00-05:00
2024-12-30 18:30:00+00:00,109.015625,109.015625,109.015625,109.0,109.0,170.0,2024-12-30 13:30:00-05:00
2024-12-30 18:45:00+00:00,109.015625,109.015625,109.03125,109.0,109.0,898.0,2024-12-30 13:45:00-05:00
2024-12-30 19:00:00+00:00,109.03125,109.03125,109.03125,109.0,109.015625,796.0,2024-12-30 14:00:00-05:00
2024-12-30 19:15:00+00:00,109.03125,109.03125,109.03125,109.015625,109.015625,475.0,2024-12-30 14:15:00-05:00
2024-12-30 19:30:00+00:00,109.03125,109.03125,109.03125,109.015625,109.03125,1575.0,2024-12-30 14:30:00-05:00
2024-12-30 19:45:00+00:00,109.046875,109.046875,109.046875,109.015625,109.03125,677.0,2024-12-30 14:45:00-05:00
2024-12-30 20:00:00+00:00,109.046875,109.046875,109.046875,109.03125,109.046875,232.0,2024-12-30 15:00:00-05:00
2024-12-30 20:15:00+00:00,109.078125,109.078125,109.078125,109.03125,109.03125,3481.0,2024-12-30 15:15:00-05:00
2024-12-30 20:30:00+00:00,109.078125,109.078125,109.078125,109.0625,109.078125,2421.0,2024-12-30 15:30:00-05:00
2024-12-30 20:45:00+00:00,109.0625,109.0625,109.078125,109.0625,109.078125,1063.0,2024-12-30 15:45:00-05:00
2024-12-30 21:00:00+00:00,109.109375,109.109375,109.125,109.0625,109.078125,4931.0,2024-12-30 16:00:00-05:00
2024-12-30 21:15:00+00:00,109.125,109.125,109.125,109.109375,109.125,4086.0,2024-12-30 16:15:00-05:00
2024-12-30 21:30:00+00:00,109.109375,109.109375,109.125,109.109375,109.125,527.0,2024-12-30 16:30:00-05:00
2024-12-30 21:45:00+00:00,109.09375,109.09375,109.125,109.09375,109.109375,1521.0,2024-12-30 16:45:00-05:00
2024-12-30 22:00:00+00:00,109.109375,109.109375,109.125,109.109375,109.109375,2265.0,2024-12-30 17:00:00-05:00
2024-12-30 22:15:00+00:00,109.125,109.125,109.125,109.109375,109.125,1805.0,2024-12-30 17:15:00-05:00
2024-12-30 22:30:00+00:00,109.109375,109.109375,109.125,109.109375,109.125,69.0,2024-12-30 17:30:00-05:00
2024-12-30 22:45:00+00:00,109.109375,109.109375,109.125,109.109375,109.125,1208.0,2024-12-30 17:45:00-05:00
2024-12-30 23:00:00+00:00,109.09375,109.09375,109.125,109.09375,109.125,822.0,2024-12-30 18:00:00-05:00
2024-12-30 23:15:00+00:00,109.09375,109.09375,109.109375,109.09375,109.09375,459.0,2024-12-30 18:15:00-05:00
2024-12-30 23:30:00+00:00,109.09375,109.09375,109.109375,109.09375,109.09375,8.0,2024-12-30 18:30:00-05:00
2024-12-30 23:45:00+00:00,109.109375,109.109375,109.109375,109.09375,109.09375,1159.0,2024-12-30 18:45:00-05:00
2024-12-31 00:00:00+00:00,109.125,109.125,109.140625,109.109375,109.109375,1771.0,2024-12-30 19:00:00-05:00
2024-12-31 00:15:00+00:00,109.140625,109.140625,109.140625,109.125,109.140625,69.0,2024-12-30 19:15:00-05:00
2024-12-31 00:30:00+00:00,109.125,109.125,109.140625,109.125,109.125,1337.0,2024-12-30 19:30:00-05:00
2024-12-31 00:45:00+00:00,109.140625,109.140625,109.140625,109.125,109.125,1860.0,2024-12-30 19:45:00-05:00
2024-12-31 01:00:00+00:00,109.15625,109.15625,109.15625,109.140625,109.140625,2536.0,2024-12-30 20:00:00-05:00
2024-12-31 01:15:00+00:00,109.15625,109.15625,109.171875,109.140625,109.15625,1682.0,2024-12-30 20:15:00-05:00
2024-12-31 01:30:00+00:00,109.140625,109.140625,109.171875,109.140625,109.15625,1938.0,2024-12-30 20:30:00-05:00
2024-12-31 01:45:00+00:00,109.140625,109.140625,109.15625,109.140625,109.15625,478.0,2024-12-30 20:45:00-05:00
2024-12-31 02:00:00+00:00,109.15625,109.15625,109.171875,109.125,109.140625,9556.0,2024-12-30 21:00:00-05:00
2024-12-31 02:15:00+00:00,109.140625,109.140625,109.15625,109.125,109.15625,4486.0,2024-12-30 21:15:00-05:00
2024-12-31 02:30:00+00:00,109.109375,109.109375,109.140625,109.09375,109.125,2886.0,2024-12-30 21:30:00-05:00
2024-12-31 02:45:00+00:00,109.09375,109.09375,109.125,109.09375,109.125,5718.0,2024-12-30 21:45:00-05:00
2024-12-31 03:00:00+00:00,109.125,109.125,109.140625,109.09375,109.09375,12053.0,2024-12-30 22:00:00-05:00
2024-12-31 03:15:00+00:00,109.140625,109.140625,109.140625,109.109375,109.125,6742.0,2024-12-30 22:15:00-05:00
2024-12-31 03:30:00+00:00,109.109375,109.109375,109.15625,109.109375,109.140625,6204.0,2024-12-30 22:30:00-05:00
2024-12-31 03:45:00+00:00,109.15625,109.15625,109.1875,109.125,109.125,6345.0,2024-12-30 22:45:00-05:00
2024-12-31 04:00:00+00:00,109.171875,109.171875,109.171875,109.140625,109.171875,1847.0,2024-12-30 23:00:00-05:00
2024-12-31 04:15:00+00:00,109.125,109.125,109.171875,109.109375,109.171875,6852.0,2024-12-30 23:15:00-05:00
2024-12-31 04:30:00+00:00,109.125,109.125,109.140625,109.109375,109.125,3241.0,2024-12-30 23:30:00-05:00
2024-12-31 04:45:00+00:00,109.109375,109.109375,109.125,109.09375,109.125,4677.0,2024-12-30 23:45:00-05:00
2024-12-31 05:00:00+00:00,109.109375,109.109375,109.125,109.078125,109.109375,3006.0,2024-12-31 00:00:00-05:00
2024-12-31 05:15:00+00:00,109.078125,109.078125,109.09375,109.0625,109.09375,2821.0,2024-12-31 00:15:00-05:00
2024-12-31 05:30:00+00:00,109.109375,109.109375,109.125,109.078125,109.09375,1931.0,2024-12-31 00:30:00-05:00
2024-12-31 05:45:00+00:00,109.109375,109.109375,109.125,109.09375,109.109375,2043.0,2024-12-31 00:45:00-05:00
2024-12-31 06:00:00+00:00,109.078125,109.078125,109.109375,109.078125,109.09375,3456.0,2024-12-31 01:00:00-05:00
2024-12-31 06:15:00+00:00,109.09375,109.09375,109.109375,109.078125,109.09375,2092.0,2024-12-31 01:15:00-05:00
2024-12-31 06:30:00+00:00,109.078125,109.078125,109.109375,109.078125,109.09375,3747.0,2024-12-31 01:30:00-05:00
2024-12-31 06:45:00+00:00,109.046875,109.046875,109.09375,109.03125,109.09375,5495.0,2024-12-31 01:45:00-05:00
2024-12-31 07:00:00+00:00,109.046875,109.046875,109.09375,109.046875,109.0625,6927.0,2024-12-31 02:00:00-05:00
2024-12-31 07:15:00+00:00,109.046875,109.046875,109.0625,109.03125,109.0625,6505.0,2024-12-31 02:15:00-05:00
2024-12-31 07:30:00+00:00,109.078125,109.078125,109.09375,109.015625,109.046875,11851.0,2024-12-31 02:30:00-05:00
2024-12-31 07:45:00+00:00,109.109375,109.109375,109.125,109.0625,109.078125,13848.0,2024-12-31 02:45:00-05:00
2024-12-31 08:00:00+00:00,109.09375,109.09375,109.125,109.078125,109.09375,15947.0,2024-12-31 03:00:00-05:00
2024-12-31 08:15:00+00:00,109.109375,109.109375,109.109375,109.046875,109.09375,19336.0,2024-12-31 03:15:00-05:00
2024-12-31 08:30:00+00:00,109.03125,109.03125,109.125,109.03125,109.109375,17138.0,2024-12-31 03:30:00-05:00
2024-12-31 08:45:00+00:00,109.015625,109.015625,109.0625,108.96875,109.046875,30070.0,2024-12-31 03:45:00-05:00
2024-12-31 09:00:00+00:00,109.03125,109.03125,109.03125,108.953125,109.015625,23945.0,2024-12-31 04:00:00-05:00
2024-12-31 09:15:00+00:00,109.09375,109.09375,109.109375,109.015625,109.03125,17063.0,2024-12-31 04:15:00-05:00
2024-12-31 09:30:00+00:00,109.125,109.125,109.140625,109.0625,109.09375,22544.0,2024-12-31 04:30:00-05:00
2024-12-31 09:45:00+00:00,109.125,109.125,109.140625,109.09375,109.125,24156.0,2024-12-31 04:45:00-05:00
2024-12-31 10:00:00+00:00,109.09375,109.09375,109.125,109.0625,109.109375,23625.0,2024-12-31 05:00:00-05:00
2024-12-31 10:15:00+00:00,109.078125,109.078125,109.09375,109.046875,109.09375,23808.0,2024-12-31 05:15:00-05:00
2024-12-31 10:30:00+00:00,109.03125,109.03125,109.125,109.015625,109.078125,22638.0,2024-12-31 05:30:00-05:00
2024-12-31 10:45:00+00:00,109.03125,109.03125,109.046875,108.984375,109.015625,35775.0,2024-12-31 05:45:00-05:00
2024-12-31 11:00:00+00:00,108.9375,108.9375,109.03125,108.90625,109.015625,32515.0,2024-12-31 06:00:00-05:00
2024-12-31 11:15:00+00:00,108.828125,108.828125,108.9375,108.828125,108.921875,33776.0,2024-12-31 06:15:00-05:00
2024-12-31 11:30:00+00:00,108.828125,108.828125,108.859375,108.796875,108.84375,32672.0,2024-12-31 06:30:00-05:00
2024-12-31 11:45:00+00:00,108.8125,108.8125,108.828125,108.765625,108.8125,37675.0,2024-12-31 06:45:00-05:00
2024-12-31 12:00:00+00:00,108.765625,108.765625,108.8125,108.71875,108.796875,32737.0,2024-12-31 07:00:00-05:00
2024-12-31 12:15:00+00:00,108.765625,108.765625,108.78125,108.703125,108.765625,33809.0,2024-12-31 07:15:00-05:00
2024-12-31 12:30:00+00:00,108.71875,108.71875,108.78125,108.703125,108.765625,51367.0,2024-12-31 07:30:00-05:00
2024-12-31 12:45:00+00:00,108.734375,108.734375,108.8125,108.703125,108.703125,228953.0,2024-12-31 07:45:00-05:00
2024-12-31 13:00:00+00:00,108.75,108.75,108.765625,108.71875,108.734375,90164.0,2024-12-31 08:00:00-05:00
2024-12-31 13:15:00+00:00,108.734375,108.734375,108.765625,108.703125,108.75,17898.0,2024-12-31 08:15:00-05:00
2024-12-31 13:30:00+00:00,108.8125,108.8125,108.8125,108.71875,108.71875,12631.0,2024-12-31 08:30:00-05:00
2024-12-31 13:45:00+00:00,108.796875,108.796875,108.84375,108.78125,108.8125,20599.0,2024-12-31 08:45:00-05:00
2024-12-31 14:00:00+00:00,108.8125,108.8125,108.8125,108.78125,108.78125,6729.0,2024-12-31 09:00:00-05:00
2024-12-31 14:15:00+00:00,108.8125,108.8125,108.828125,108.796875,108.796875,4771.0,2024-12-31 09:15:00-05:00
2024-12-31 14:30:00+00:00,108.796875,108.796875,108.8125,108.796875,108.8125,1124.0,2024-12-31 09:30:00-05:00
2024-12-31 14:45:00+00:00,108.796875,108.796875,108.8125,108.765625,108.796875,7785.0,2024-12-31 09:45:00-05:00
2024-12-31 15:00:00+00:00,108.75,108.75,108.796875,108.75,108.78125,4006.0,2024-12-31 10:00:00-05:00
2024-12-31 15:15:00+00:00,108.765625,108.765625,108.765625,108.75,108.75,1271.0,2024-12-31 10:15:00-05:00
2024-12-31 15:30:00+00:00,108.765625,108.765625,108.765625,108.734375,108.75,5132.0,2024-12-31 10:30:00-05:00
2024-12-31 15:45:00+00:00,108.75,108.75,108.78125,108.71875,108.75,15401.0,2024-12-31 10:45:00-05:00
2024-12-31 16:00:00+00:00,108.75,108.75,108.75,108.734375,108.734375,5474.0,2024-12-31 11:00:00-05:00
2024-12-31 16:15:00+00:00,108.765625,108.765625,108.765625,108.734375,108.75,4998.0,2024-12-31 11:15:00-05:00
2024-12-31 16:30:00+00:00,108.75,108.75,108.765625,108.734375,108.765625,3955.0,2024-12-31 11:30:00-05:00
2024-12-31 16:45:00+00:00,108.765625,108.765625,108.765625,108.734375,108.75,1290.0,2024-12-31 11:45:00-05:00
2025-01-01 18:00:00+00:00,108.71875,108.71875,108.78125,108.703125,108.78125,3079.0,2025-01-01 13:00:00-05:00
2025-01-01 18:15:00+00:00,108.671875,108.671875,108.734375,108.671875,108.71875,4252.0,2025-01-01 13:15:00-05:00
2025-01-01 18:30:00+00:00,108.625,108.625,108.671875,108.625,108.671875,8280.0,2025-01-01 13:30:00-05:00
2025-01-01 18:45:00+00:00,108.609375,108.609375,108.625,108.59375,108.625,4496.0,2025-01-01 13:45:00-05:00
2025-01-01 19:00:00+00:00,108.625,108.625,108.65625,108.59375,108.609375,3791.0,2025-01-01 14:00:00-05:00
2025-01-01 19:15:00+00:00,108.625,108.625,108.640625,108.59375,108.640625,4278.0,2025-01-01 14:15:00-05:00
2025-01-01 19:30:00+00:00,108.625,108.625,108.640625,108.609375,108.625,1460.0,2025-01-01 14:30:00-05:00
2025-01-01 19:45:00+00:00,108.609375,108.609375,108.625,108.609375,108.625,1937.0,2025-01-01 14:45:00-05:00
2025-01-01 20:00:00+00:00,108.59375,108.59375,108.609375,108.578125,108.609375,3629.0,2025-01-01 15:00:00-05:00
2025-01-01 20:15:00+00:00,108.609375,108.609375,108.609375,108.59375,108.59375,2329.0,2025-01-01 15:15:00-05:00
2025-01-01 20:30:00+00:00,108.625,108.625,108.625,108.578125,108.625,4150.0,2025-01-01 15:30:00-05:00
2025-01-01 20:45:00+00:00,108.65625,108.65625,108.671875,108.625,108.625,2532.0,2025-01-01 15:45:00-05:00
2025-01-01 21:00:00+00:00,108.671875,108.671875,108.671875,108.65625,108.671875,2739.0,2025-01-01 16:00:00-05:00
2025-01-01 21:15:00+00:00,108.6875,108.6875,108.6875,108.65625,108.65625,345.0,2025-01-01 16:15:00-05:00
2025-01-01 21:30:00+00:00,108.6875,108.6875,108.6875,108.65625,108.671875,1467.0,2025-01-01 16:30:00-05:00
2025-01-01 21:45:00+00:00,108.703125,108.703125,108.71875,108.671875,108.6875,5739.0,2025-01-01 16:45:00-05:00
2025-01-01 22:00:00+00:00,108.703125,108.703125,108.71875,108.703125,108.703125,2343.0,2025-01-01 17:00:00-05:00
2025-01-01 22:15:00+00:00,108.71875,108.71875,108.71875,108.703125,108.703125,45.0,2025-01-01 17:15:00-05:00
2025-01-01 22:30:00+00:00,108.71875,108.71875,108.71875,108.703125,108.703125,1687.0,2025-01-01 17:30:00-05:00
2025-01-01 22:45:00+00:00,108.734375,108.734375,108.734375,108.703125,108.703125,1268.0,2025-01-01 17:45:00-05:00
2025-01-01 23:00:00+00:00,108.734375,108.734375,108.75,108.71875,108.71875,1199.0,2025-01-01 18:00:00-05:00
2025-01-01 23:15:00+00:00,108.734375,108.734375,108.734375,108.71875,108.734375,2338.0,2025-01-01 18:15:00-05:00
2025-01-01 23:30:00+00:00,108.71875,108.71875,108.734375,108.703125,108.734375,1712.0,2025-01-01 18:30:00-05:00
2025-01-01 23:45:00+00:00,108.734375,108.734375,108.75,108.71875,108.71875,765.0,2025-01-01 18:45:00-05:00
2025-01-02 00:00:00+00:00,108.734375,108.734375,108.75,108.71875,108.71875,1231.0,2025-01-01 19:00:00-05:00
2025-01-02 00:15:00+00:00,108.734375,108.734375,108.75,108.734375,108.75,3295.0,2025-01-01 19:15:00-05:00
2025-01-02 00:30:00+00:00,108.75,108.75,108.75,108.71875,108.734375,1594.0,2025-01-01 19:30:00-05:00
2025-01-02 00:45:00+00:00,108.75,108.75,108.75,108.734375,108.75,772.0,2025-01-01 19:45:00-05:00
2025-01-02 01:00:00+00:00,108.78125,108.78125,108.78125,108.734375,108.75,2612.0,2025-01-01 20:00:00-05:00
2025-01-02 01:15:00+00:00,108.78125,108.78125,108.78125,108.75,108.78125,1256.0,2025-01-01 20:15:00-05:00
2025-01-02 01:30:00+00:00,108.796875,108.796875,108.8125,108.78125,108.78125,3540.0,2025-01-01 20:30:00-05:00
2025-01-02 01:45:00+00:00,108.828125,108.828125,108.828125,108.796875,108.8125,4032.0,2025-01-01 20:45:00-05:00
2025-01-02 02:00:00+00:00,108.828125,108.828125,108.84375,108.78125,108.828125,8556.0,2025-01-01 21:00:00-05:00
2025-01-02 02:15:00+00:00,108.859375,108.859375,108.875,108.8125,108.828125,5575.0,2025-01-01 21:15:00-05:00
2025-01-02 02:30:00+00:00,108.859375,108.859375,108.875,108.84375,108.859375,7642.0,2025-01-01 21:30:00-05:00
2025-01-02 02:45:00+00:00,108.921875,108.921875,108.921875,108.859375,108.875,9644.0,2025-01-01 21:45:00-05:00
2025-01-02 03:00:00+00:00,108.9375,108.9375,108.953125,108.875,108.921875,15800.0,2025-01-01 22:00:00-05:00
2025-01-02 03:15:00+00:00,108.953125,108.953125,108.984375,108.921875,108.9375,14698.0,2025-01-01 22:15:00-05:00
2025-01-02 03:30:00+00:00,108.96875,108.96875,108.96875,108.90625,108.96875,9668.0,2025-01-01 22:30:00-05:00
2025-01-02 03:45:00+00:00,108.9375,108.9375,108.984375,108.921875,108.953125,13581.0,2025-01-01 22:45:00-05:00
2025-01-02 04:00:00+00:00,108.9375,108.9375,108.96875,108.90625,108.9375,9659.0,2025-01-01 23:00:00-05:00
2025-01-02 04:15:00+00:00,108.984375,108.984375,109.015625,108.96875,109.0,10403.0,2025-01-01 23:15:00-05:00
2025-01-02 04:30:00+00:00,108.984375,108.984375,109.03125,108.96875,109.0,11826.0,2025-01-01 23:30:00-05:00
2025-01-02 04:45:00+00:00,109.0,109.0,109.015625,108.984375,109.0,6044.0,2025-01-01 23:45:00-05:00
2025-01-02 05:00:00+00:00,108.984375,108.984375,109.015625,108.921875,109.015625,10294.0,2025-01-02 00:00:00-05:00
2025-01-02 05:15:00+00:00,109.046875,109.046875,109.109375,108.96875,108.96875,19576.0,2025-01-02 00:15:00-05:00
2025-01-02 05:30:00+00:00,109.109375,109.109375,109.109375,109.0625,109.0625,12976.0,2025-01-02 00:30:00-05:00
2025-01-02 05:45:00+00:00,109.109375,109.109375,109.125,109.078125,109.109375,9792.0,2025-01-02 00:45:00-05:00
2025-01-02 06:00:00+00:00,109.078125,109.078125,109.109375,109.0625,109.109375,6378.0,2025-01-02 01:00:00-05:00
2025-01-02 06:15:00+00:00,109.046875,109.046875,109.078125,109.046875,109.06199645996094,16297.0,2025-01-02 01:15:00-05:00
2025-01-02 06:30:00+00:00,109.0625,109.0625,109.078125,109.03125,109.046875,6341.0,2025-01-02 01:30:00-05:00
2025-01-02 06:45:00+00:00,109.046875,109.046875,109.078125,109.03125,109.0625,5850.0,2025-01-02 01:45:00-05:00
2025-01-02 07:00:00+00:00,109.09375,109.09375,109.109375,109.046875,109.0625,12262.0,2025-01-02 02:00:00-05:00
2025-01-02 07:15:00+00:00,109.09375,109.09375,109.09375,109.046875,109.078125,14283.0,2025-01-02 02:15:00-05:00
2025-01-02 07:30:00+00:00,109.09375,109.09375,109.15625,109.0625,109.078125,16431.0,2025-01-02 02:30:00-05:00
2025-01-02 07:45:00+00:00,109.15625,109.15625,109.15625,109.09375,109.09375,19238.0,2025-01-02 02:45:00-05:00
2025-01-02 08:00:00+00:00,109.109375,109.109375,109.171875,109.09375,109.15625,24758.0,2025-01-02 03:00:00-05:00
2025-01-02 08:15:00+00:00,109.15625,109.15625,109.171875,109.09375,109.109375,32775.0,2025-01-02 03:15:00-05:00
2025-01-02 08:30:00+00:00,109.109375,109.109375,109.140625,108.96875,109.140625,83149.0,2025-01-02 03:30:00-05:00
2025-01-02 08:45:00+00:00,109.015625,109.015625,109.125,109.0,109.109375,51243.0,2025-01-02 03:45:00-05:00
2025-01-02 09:00:00+00:00,108.953125,108.953125,109.03125,108.90625,109.015625,52987.0,2025-01-02 04:00:00-05:00
2025-01-02 09:15:00+00:00,108.96875,108.96875,109.0,108.921875,108.9375,46386.0,2025-01-02 04:15:00-05:00
2025-01-02 09:30:00+00:00,108.96875,108.96875,109.046875,108.921875,108.953125,37150.0,2025-01-02 04:30:00-05:00
2025-01-02 09:45:00+00:00,108.984375,108.984375,108.984375,108.90625,108.96875,31336.0,2025-01-02 04:45:00-05:00
2025-01-02 10:00:00+00:00,109.03125,109.03125,109.0625,108.9375,108.984375,34065.0,2025-01-02 05:00:00-05:00
2025-01-02 10:15:00+00:00,109.015625,109.015625,109.109375,108.984375,109.046875,47252.0,2025-01-02 05:15:00-05:00
2025-01-02 10:30:00+00:00,108.9375,108.9375,109.015625,108.90625,109.015625,25472.0,2025-01-02 05:30:00-05:00
2025-01-02 10:45:00+00:00,108.921875,108.921875,108.953125,108.875,108.9375,30490.0,2025-01-02 05:45:00-05:00
2025-01-02 11:00:00+00:00,108.828125,108.828125,108.921875,108.828125,108.90625,43121.0,2025-01-02 06:00:00-05:00
2025-01-02 11:15:00+00:00,108.796875,108.796875,108.859375,108.78125,108.84375,33057.0,2025-01-02 06:15:00-05:00
2025-01-02 11:30:00+00:00,108.75,108.75,108.8125,108.734375,108.796875,33034.0,2025-01-02 06:30:00-05:00
2025-01-02 11:45:00+00:00,108.671875,108.671875,108.75,108.671875,108.75,34686.0,2025-01-02 06:45:00-05:00
2025-01-02 12:00:00+00:00,108.671875,108.671875,108.703125,108.65625,108.671875,21290.0,2025-01-02 07:00:00-05:00
2025-01-02 12:15:00+00:00,108.640625,108.640625,108.703125,108.640625,108.6875,27586.0,2025-01-02 07:15:00-05:00
2025-01-02 12:30:00+00:00,108.765625,108.765625,108.765625,108.640625,108.65625,32585.0,2025-01-02 07:30:00-05:00
2025-01-02 12:45:00+00:00,108.75,108.75,108.78125,108.71875,108.75,23884.0,2025-01-02 07:45:00-05:00
2025-01-02 13:00:00+00:00,108.796875,108.796875,108.8125,108.765625,108.765625,20949.0,2025-01-02 08:00:00-05:00
2025-01-02 13:15:00+00:00,108.84375,108.84375,108.859375,108.796875,108.796875,18948.0,2025-01-02 08:15:00-05:00
2025-01-02 13:30:00+00:00,108.8125,108.8125,108.875,108.8125,108.859375,12972.0,2025-01-02 08:30:00-05:00
2025-01-02 13:45:00+00:00,108.875,108.875,108.890625,108.8125,108.828125,15557.0,2025-01-02 08:45:00-05:00
2025-01-02 14:00:00+00:00,108.875,108.875,108.90625,108.84375,108.890625,12133.0,2025-01-02 09:00:00-05:00
2025-01-02 14:15:00+00:00,108.8125,108.8125,108.859375,108.78125,108.859375,13918.0,2025-01-02 09:15:00-05:00
2025-01-02 14:30:00+00:00,108.796875,108.796875,108.8125,108.78125,108.8125,18872.0,2025-01-02 09:30:00-05:00
2025-01-02 14:45:00+00:00,108.8125,108.8125,108.8125,108.75,108.796875,61386.0,2025-01-02 09:45:00-05:00
2025-01-02 15:00:00+00:00,108.84375,108.84375,108.84375,108.796875,108.796875,29686.0,2025-01-02 10:00:00-05:00
2025-01-02 15:15:00+00:00,108.828125,108.828125,108.859375,108.828125,108.84375,11951.0,2025-01-02 10:15:00-05:00
2025-01-02 15:30:00+00:00,108.828125,108.828125,108.890625,108.828125,108.828125,12536.0,2025-01-02 10:30:00-05:00
2025-01-02 15:45:00+00:00,108.828125,108.828125,108.859375,108.8125,108.84375,18410.0,2025-01-02 10:45:00-05:00
2025-01-02 16:00:00+00:00,108.875,108.875,108.90625,108.8125,108.828125,28168.0,2025-01-02 11:00:00-05:00
2025-01-02 16:15:00+00:00,108.875,108.875,108.890625,108.859375,108.875,10741.0,2025-01-02 11:15:00-05:00
2025-01-02 16:30:00+00:00,108.859375,108.859375,108.875,108.84375,108.859375,8010.0,2025-01-02 11:30:00-05:00
2025-01-02 16:45:00+00:00,108.859375,108.859375,108.875,108.84375,108.875,5298.0,2025-01-02 11:45:00-05:00
2025-01-02 18:00:00+00:00,108.890625,108.890625,108.921875,108.859375,108.890625,1419.0,2025-01-02 13:00:00-05:00
2025-01-02 18:15:00+00:00,108.890625,108.890625,108.890625,108.875,108.890625,88.0,2025-01-02 13:15:00-05:00
2025-01-02 18:30:00+00:00,108.890625,108.890625,108.890625,108.875,108.890625,11.0,2025-01-02 13:30:00-05:00
2025-01-02 18:45:00+00:00,108.890625,108.890625,108.90625,108.890625,108.890625,3160.0,2025-01-02 13:45:00-05:00
2025-01-02 19:00:00+00:00,108.875,108.875,108.90625,108.875,108.890625,418.0,2025-01-02 14:00:00-05:00
2025-01-02 19:15:00+00:00,108.890625,108.890625,108.90625,108.875,108.890625,2614.0,2025-01-02 14:15:00-05:00
2025-01-02 19:30:00+00:00,108.921875,108.921875,108.921875,108.890625,108.890625,2731.0,2025-01-02 14:30:00-05:00
2025-01-02 19:45:00+00:00,108.9375,108.9375,108.9375,108.90625,108.90625,2002.0,2025-01-02 14:45:00-05:00
2025-01-02 20:00:00+00:00,108.9375,108.9375,108.9375,108.921875,108.9375,3422.0,2025-01-02 15:00:00-05:00
2025-01-02 20:15:00+00:00,108.921875,108.921875,108.953125,108.921875,108.9375,1909.0,2025-01-02 15:15:00-05:00
2025-01-02 20:30:00+00:00,108.953125,108.953125,108.953125,108.921875,108.921875,2140.0,2025-01-02 15:30:00-05:00
2025-01-02 20:45:00+00:00,108.9375,108.9375,108.953125,108.9375,108.953125,325.0,2025-01-02 15:45:00-05:00
2025-01-02 21:00:00+00:00,108.96875,108.96875,108.96875,108.9375,108.953125,3056.0,2025-01-02 16:00:00-05:00
2025-01-02 21:15:00+00:00,108.953125,108.953125,108.96875,108.953125,108.96875,1138.0,2025-01-02 16:15:00-05:00
2025-01-02 21:30:00+00:00,108.96875,108.96875,108.96875,108.953125,108.953125,141.0,2025-01-02 16:30:00-05:00
2025-01-02 21:45:00+00:00,108.953125,108.953125,108.96875,108.953125,108.953125,116.0,2025-01-02 16:45:00-05:00
2025-01-02 22:00:00+00:00,108.96875,108.96875,108.984375,108.953125,108.96875,3138.0,2025-01-02 17:00:00-05:00
2025-01-02 22:15:00+00:00,108.953125,108.953125,108.96875,108.953125,108.953125,145.0,2025-01-02 17:15:00-05:00
2025-01-02 22:30:00+00:00,108.96875,108.96875,108.984375,108.953125,108.96875,722.0,2025-01-02 17:30:00-05:00
2025-01-02 22:45:00+00:00,108.953125,108.953125,108.96875,108.953125,108.96875,410.0,2025-01-02 17:45:00-05:00
2025-01-02 23:00:00+00:00,108.953125,108.953125,108.96875,108.953125,108.96875,379.0,2025-01-02 18:00:00-05:00
2025-01-02 23:15:00+00:00,108.96875,108.96875,108.96875,108.953125,108.953125,157.0,2025-01-02 18:15:00-05:00
2025-01-02 23:30:00+00:00,108.96875,108.96875,108.96875,108.953125,108.953125,229.0,2025-01-02 18:30:00-05:00
2025-01-02 23:45:00+00:00,108.984375,108.984375,108.984375,108.953125,108.96875,5696.0,2025-01-02 18:45:00-05:00
2025-01-03 00:00:00+00:00,108.96875,108.96875,108.984375,108.953125,108.984375,2052.0,2025-01-02 19:00:00-05:00
2025-01-03 00:15:00+00:00,108.984375,108.984375,108.984375,108.953125,108.96875,1496.0,2025-01-02 19:15:00-05:00
2025-01-03 00:30:00+00:00,108.984375,108.984375,109.0,108.96875,108.984375,3204.0,2025-01-02 19:30:00-05:00
2025-01-03 00:45:00+00:00,108.984375,108.984375,109.0,108.984375,109.0,259.0,2025-01-02 19:45:00-05:00
2025-01-03 01:00:00+00:00,108.984375,108.984375,109.0,108.984375,108.984375,413.0,2025-01-02 20:00:00-05:00
2025-01-03 01:15:00+00:00,108.984375,108.984375,109.0,108.984375,109.0,3942.0,2025-01-02 20:15:00-05:00
2025-01-03 01:30:00+00:00,109.0,109.0,109.0,108.984375,109.0,257.0,2025-01-02 20:30:00-05:00
2025-01-03 01:45:00+00:00,109.0,109.0,109.0,108.984375,109.0,284.0,2025-01-02 20:45:00-05:00
2025-01-03 02:00:00+00:00,108.984375,108.984375,109.0,108.96875,109.0,7802.0,2025-01-02 21:00:00-05:00
2025-01-03 02:15:00+00:00,108.953125,108.953125,109.0,108.9375,108.984375,8079.0,2025-01-02 21:15:00-05:00
2025-01-03 02:30:00+00:00,108.953125,108.953125,108.953125,108.921875,108.953125,6509.0,2025-01-02 21:30:00-05:00
2025-01-03 02:45:00+00:00,109.015625,109.015625,109.03125,108.9375,108.953125,10442.0,2025-01-02 21:45:00-05:00
2025-01-03 03:00:00+00:00,108.953125,108.953125,109.015625,108.953125,109.015625,12918.0,2025-01-02 22:00:00-05:00
2025-01-03 03:15:00+00:00,108.90625,108.90625,108.96875,108.890625,108.953125,13815.0,2025-01-02 22:15:00-05:00
2025-01-03 03:30:00+00:00,108.90625,108.90625,108.921875,108.90625,108.90625,6372.0,2025-01-02 22:30:00-05:00
2025-01-03 03:45:00+00:00,108.921875,108.921875,108.953125,108.90625,108.921875,6153.0,2025-01-02 22:45:00-05:00
2025-01-03 04:00:00+00:00,108.90625,108.90625,108.9375,108.875,108.921875,8830.0,2025-01-02 23:00:00-05:00
2025-01-03 04:15:00+00:00,108.875,108.875,108.93800354003906,108.859375,108.93800354003906,11395.0,2025-01-02 23:15:00-05:00
2025-01-03 04:30:00+00:00,108.90625,108.90625,108.921875,108.875,108.875,6713.0,2025-01-02 23:30:00-05:00
2025-01-03 04:45:00+00:00,108.890625,108.890625,108.921875,108.859375,108.90625,6368.0,2025-01-02 23:45:00-05:00
2025-01-03 05:00:00+00:00,108.90625,108.90625,108.921875,108.875,108.890625,6217.0,2025-01-03 00:00:00-05:00
2025-01-03 05:15:00+00:00,108.921875,108.921875,108.9375,108.890625,108.90625,6460.0,2025-01-03 00:15:00-05:00
2025-01-03 05:30:00+00:00,108.953125,108.953125,108.953125,108.90625,108.921875,4269.0,2025-01-03 00:30:00-05:00
2025-01-03 05:45:00+00:00,108.9375,108.9375,108.953125,108.90625,108.9375,4618.0,2025-01-03 00:45:00-05:00
2025-01-03 06:00:00+00:00,108.953125,108.953125,108.953125,108.921875,108.9375,2849.0,2025-01-03 01:00:00-05:00
2025-01-03 06:15:00+00:00,108.96875,108.96875,108.96875,108.921875,108.953125,4943.0,2025-01-03 01:15:00-05:00
2025-01-03 06:30:00+00:00,108.953125,108.953125,108.984375,108.9375,108.953125,3878.0,2025-01-03 01:30:00-05:00
2025-01-03 06:45:00+00:00,108.953125,108.953125,108.96875,108.9375,108.953125,2965.0,2025-01-03 01:45:00-05:00
2025-01-03 07:00:00+00:00,108.984375,108.984375,108.984375,108.9375,108.953125,6163.0,2025-01-03 02:00:00-05:00
2025-01-03 07:15:00+00:00,109.03125,109.03125,109.03125,108.953125,108.96875,11582.0,2025-01-03 02:15:00-05:00
2025-01-03 07:30:00+00:00,108.984375,108.984375,109.046875,108.984375,109.03125,14190.0,2025-01-03 02:30:00-05:00
2025-01-03 07:45:00+00:00,109.015625,109.015625,109.015625,108.984375,109.0,9152.0,2025-01-03 02:45:00-05:00
2025-01-03 08:00:00+00:00,109.0,109.0,109.046875,108.984375,109.015625,24944.0,2025-01-03 03:00:00-05:00
2025-01-03 08:15:00+00:00,109.0,109.0,109.0,108.953125,109.0,16932.0,2025-01-03 03:15:00-05:00
2025-01-03 08:30:00+00:00,109.0,109.0,109.03125,108.984375,109.0,23475.0,2025-01-03 03:30:00-05:00
2025-01-03 08:45:00+00:00,109.015625,109.015625,109.03125,108.96875,109.0,26084.0,2025-01-03 03:45:00-05:00
2025-01-03 09:00:00+00:00,108.921875,108.921875,109.03125,108.90625,109.0,24294.0,2025-01-03 04:00:00-05:00
2025-01-03 09:15:00+00:00,108.890625,108.890625,108.921875,108.859375,108.921875,24030.0,2025-01-03 04:15:00-05:00
2025-01-03 09:30:00+00:00,108.90625,108.90625,108.9375,108.859375,108.890625,33494.0,2025-01-03 04:30:00-05:00
2025-01-03 09:45:00+00:00,108.921875,108.921875,108.953125,108.875,108.921875,28698.0,2025-01-03 04:45:00-05:00
2025-01-03 10:00:00+00:00,108.765625,108.765625,108.921875,108.75,108.921875,98702.0,2025-01-03 05:00:00-05:00
2025-01-03 10:15:00+00:00,108.8125,108.8125,108.859375,108.765625,108.765625,26728.0,2025-01-03 05:15:00-05:00
2025-01-03 10:30:00+00:00,108.78125,108.78125,108.828125,108.75,108.8125,28951.0,2025-01-03 05:30:00-05:00
2025-01-03 10:45:00+00:00,108.765625,108.765625,108.78125,108.734375,108.78125,28772.0,2025-01-03 05:45:00-05:00
2025-01-03 11:00:00+00:00,108.8125,108.8125,108.828125,108.75,108.75,28138.0,2025-01-03 06:00:00-05:00
2025-01-03 11:15:00+00:00,108.78125,108.78125,108.859375,108.78125,108.828125,17754.0,2025-01-03 06:15:00-05:00
2025-01-03 11:30:00+00:00,108.796875,108.796875,108.828125,108.78125,108.78125,15420.0,2025-01-03 06:30:00-05:00
2025-01-03 11:45:00+00:00,108.765625,108.765625,108.8125,108.75,108.8125,14373.0,2025-01-03 06:45:00-05:00
2025-01-03 12:00:00+00:00,108.828125,108.828125,108.859375,108.78125,108.78125,13682.0,2025-01-03 07:00:00-05:00
2025-01-03 12:15:00+00:00,108.828125,108.828125,108.84375,108.8125,108.828125,8422.0,2025-01-03 07:15:00-05:00
2025-01-03 12:30:00+00:00,108.765625,108.765625,108.828125,108.765625,108.828125,17189.0,2025-01-03 07:30:00-05:00
2025-01-03 12:45:00+00:00,108.734375,108.734375,108.765625,108.71875,108.765625,26073.0,2025-01-03 07:45:00-05:00
2025-01-03 13:00:00+00:00,108.71875,108.71875,108.734375,108.6875,108.71875,24668.0,2025-01-03 08:00:00-05:00
2025-01-03 13:15:00+00:00,108.75,108.75,108.765625,108.703125,108.71875,17925.0,2025-01-03 08:15:00-05:00
2025-01-03 13:30:00+00:00,108.734375,108.734375,108.78125,108.734375,108.75,10174.0,2025-01-03 08:30:00-05:00
2025-01-03 13:45:00+00:00,108.703125,108.703125,108.734375,108.6875,108.734375,18034.0,2025-01-03 08:45:00-05:00
2025-01-03 14:00:00+00:00,108.703125,108.703125,108.71875,108.6875,108.703125,12160.0,2025-01-03 09:00:00-05:00
2025-01-03 14:15:00+00:00,108.6875,108.6875,108.71875,108.6875,108.703125,14232.0,2025-01-03 09:15:00-05:00
2025-01-03 14:30:00+00:00,108.65625,108.65625,108.71875,108.65625,108.703125,14439.0,2025-01-03 09:30:00-05:00
2025-01-03 14:45:00+00:00,108.640625,108.640625,108.671875,108.609375,108.671875,78547.0,2025-01-03 09:45:00-05:00
2025-01-03 15:00:00+00:00,108.640625,108.640625,108.65625,108.609375,108.640625,34258.0,2025-01-03 10:00:00-05:00
2025-01-03 15:15:00+00:00,108.609375,108.609375,108.640625,108.609375,108.625,9394.0,2025-01-03 10:15:00-05:00
2025-01-03 15:30:00+00:00,108.609375,108.609375,108.640625,108.59375,108.625,18928.0,2025-01-03 10:30:00-05:00
2025-01-03 15:45:00+00:00,108.625,108.625,108.640625,108.59375,108.609375,16966.0,2025-01-03 10:45:00-05:00
2025-01-03 16:00:00+00:00,108.625,108.625,108.640625,108.59375,108.640625,14248.0,2025-01-03 11:00:00-05:00
2025-01-03 16:15:00+00:00,108.609375,108.609375,108.640625,108.609375,108.625,9926.0,2025-01-03 11:15:00-05:00
2025-01-03 16:30:00+00:00,108.609375,108.609375,108.625,108.59375,108.625,4854.0,2025-01-03 11:30:00-05:00
2025-01-03 16:45:00+00:00,108.609375,108.609375,108.625,108.59375,108.59375,10125.0,2025-01-03 11:45:00-05:00
2025-01-05 18:00:00+00:00,108.484375,108.484375,108.59375,108.484375,108.59375,6497.0,2025-01-05 13:00:00-05:00
2025-01-05 18:15:00+00:00,108.5,108.5,108.515625,108.5,108.5,1213.0,2025-01-05 13:15:00-05:00
2025-01-05 18:30:00+00:00,108.53125,108.53125,108.546875,108.5,108.515625,4355.0,2025-01-05 13:30:00-05:00
2025-01-05 18:45:00+00:00,108.484375,108.484375,108.53125,108.46875,108.53125,6930.0,2025-01-05 13:45:00-05:00
2025-01-05 19:00:00+00:00,108.4375,108.4375,108.5,108.421875,108.5,8193.0,2025-01-05 14:00:00-05:00
2025-01-05 19:15:00+00:00,108.421875,108.421875,108.453125,108.390625,108.4375,20678.0,2025-01-05 14:15:00-05:00
2025-01-05 19:30:00+00:00,108.390625,108.390625,108.421875,108.390625,108.421875,13071.0,2025-01-05 14:30:00-05:00
2025-01-05 19:45:00+00:00,108.453125,108.453125,108.46875,108.375,108.390625,15021.0,2025-01-05 14:45:00-05:00
2025-01-05 20:00:00+00:00,108.453125,108.453125,108.46875,108.4375,108.453125,3726.0,2025-01-05 15:00:00-05:00
2025-01-05 20:15:00+00:00,108.421875,108.421875,108.453125,108.421875,108.4375,3577.0,2025-01-05 15:15:00-05:00
2025-01-05 20:30:00+00:00,108.4375,108.4375,108.453125,108.4375,108.4375,2023.0,2025-01-05 15:30:00-05:00
2025-01-05 20:45:00+00:00,108.4375,108.4375,108.453125,108.421875,108.4375,3514.0,2025-01-05 15:45:00-05:00
2025-01-05 21:00:00+00:00,108.453125,108.453125,108.453125,108.421875,108.421875,3063.0,2025-01-05 16:00:00-05:00
2025-01-05 21:15:00+00:00,108.4375,108.4375,108.453125,108.421875,108.4375,2063.0,2025-01-05 16:15:00-05:00
2025-01-05 21:30:00+00:00,108.453125,108.453125,108.46875,108.4375,108.4375,1948.0,2025-01-05 16:30:00-05:00
2025-01-05 21:45:00+00:00,108.453125,108.453125,108.46875,108.4375,108.453125,8918.0,2025-01-05 16:45:00-05:00
2025-01-05 22:00:00+00:00,108.46875,108.46875,108.46875,108.4375,108.46875,4419.0,2025-01-05 17:00:00-05:00
2025-01-05 22:15:00+00:00,108.46875,108.46875,108.484375,108.453125,108.46875,1323.0,2025-01-05 17:15:00-05:00
2025-01-05 22:30:00+00:00,108.484375,108.484375,108.5,108.46875,108.484375,5416.0,2025-01-05 17:30:00-05:00
2025-01-05 22:45:00+00:00,108.5,108.5,108.5,108.484375,108.484375,858.0,2025-01-05 17:45:00-05:00
2025-01-05 23:00:00+00:00,108.5,108.5,108.515625,108.484375,108.5,4439.0,2025-01-05 18:00:00-05:00
2025-01-05 23:15:00+00:00,108.5,108.5,108.515625,108.484375,108.5,4068.0,2025-01-05 18:15:00-05:00
2025-01-05 23:30:00+00:00,108.515625,108.515625,108.515625,108.484375,108.5,2363.0,2025-01-05 18:30:00-05:00
2025-01-05 23:45:00+00:00,108.515625,108.515625,108.515625,108.484375,108.515625,1909.0,2025-01-05 18:45:00-05:00
2025-01-06 00:00:00+00:00,108.5,108.5,108.515625,108.5,108.5,753.0,2025-01-05 19:00:00-05:00
2025-01-06 00:15:00+00:00,108.484375,108.484375,108.5,108.46875,108.5,1980.0,2025-01-05 19:15:00-05:00
2025-01-06 00:30:00+00:00,108.484375,108.484375,108.484375,108.46875,108.484375,1524.0,2025-01-05 19:30:00-05:00
2025-01-06 00:45:00+00:00,108.46875,108.46875,108.484375,108.46875,108.484375,2057.0,2025-01-05 19:45:00-05:00
2025-01-06 01:00:00+00:00,108.484375,108.484375,108.484375,108.4375,108.46875,3516.0,2025-01-05 20:00:00-05:00
2025-01-06 01:15:00+00:00,108.46875,108.46875,108.5,108.46875,108.484375,519.0,2025-01-05 20:15:00-05:00
2025-01-06 01:30:00+00:00,108.484375,108.484375,108.484375,108.46875,108.46875,1285.0,2025-01-05 20:30:00-05:00
2025-01-06 01:45:00+00:00,108.484375,108.484375,108.5,108.46875,108.484375,3635.0,2025-01-05 20:45:00-05:00
2025-01-06 02:00:00+00:00,108.46875,108.46875,108.5,108.46875,108.484375,5361.0,2025-01-05 21:00:00-05:00
2025-01-06 02:15:00+00:00,108.515625,108.515625,108.53125,108.46875,108.484375,13039.0,2025-01-05 21:15:00-05:00
2025-01-06 02:30:00+00:00,108.5,108.5,108.53125,108.5,108.53125,3700.0,2025-01-05 21:30:00-05:00
2025-01-06 02:45:00+00:00,108.515625,108.515625,108.53125,108.484375,108.5,6401.0,2025-01-05 21:45:00-05:00
2025-01-06 03:00:00+00:00,108.46875,108.46875,108.515625,108.453125,108.5,9104.0,2025-01-05 22:00:00-05:00
2025-01-06 03:15:00+00:00,108.453125,108.453125,108.46875,108.40625,108.46875,16152.0,2025-01-05 22:15:00-05:00
2025-01-06 03:30:00+00:00,108.4375,108.4375,108.484375,108.40625,108.46875,14561.0,2025-01-05 22:30:00-05:00
2025-01-06 03:45:00+00:00,108.453125,108.453125,108.46875,108.421875,108.4375,7706.0,2025-01-05 22:45:00-05:00
2025-01-06 04:00:00+00:00,108.46875,108.46875,108.515625,108.4375,108.453125,29174.0,2025-01-05 23:00:00-05:00
2025-01-06 04:15:00+00:00,108.4375,108.4375,108.453125,108.390625,108.4375,16655.0,2025-01-05 23:15:00-05:00
2025-01-06 04:30:00+00:00,108.46875,108.46875,108.46875,108.4375,108.4375,10920.0,2025-01-05 23:30:00-05:00
2025-01-06 04:45:00+00:00,108.4375,108.4375,108.484375,108.4375,108.46875,8242.0,2025-01-05 23:45:00-05:00
2025-01-06 05:00:00+00:00,108.5,108.5,108.5,108.4375,108.4375,7343.0,2025-01-06 00:00:00-05:00
2025-01-06 05:15:00+00:00,108.46875,108.46875,108.5,108.46875,108.5,4254.0,2025-01-06 00:15:00-05:00
2025-01-06 05:30:00+00:00,108.515625,108.515625,108.53125,108.46875,108.46875,12239.0,2025-01-06 00:30:00-05:00
2025-01-06 05:45:00+00:00,108.515625,108.515625,108.546875,108.5,108.515625,6702.0,2025-01-06 00:45:00-05:00
2025-01-06 06:00:00+00:00,108.53125,108.53125,108.53125,108.5,108.53125,9852.0,2025-01-06 01:00:00-05:00
2025-01-06 06:15:00+00:00,108.671875,108.671875,108.671875,108.515625,108.53125,27080.0,2025-01-06 01:15:00-05:00
2025-01-06 06:30:00+00:00,108.6875,108.6875,108.75,108.65625,108.671875,43134.0,2025-01-06 01:30:00-05:00
2025-01-06 06:45:00+00:00,108.71875,108.71875,108.71875,108.671875,108.703125,15382.0,2025-01-06 01:45:00-05:00
2025-01-06 07:00:00+00:00,108.625,108.625,108.734375,108.625,108.703125,18781.0,2025-01-06 02:00:00-05:00
2025-01-06 07:15:00+00:00,108.6875,108.6875,108.6875,108.625,108.625,13785.0,2025-01-06 02:15:00-05:00
2025-01-06 07:30:00+00:00,108.765625,108.765625,108.765625,108.65625,108.6875,28070.0,2025-01-06 02:30:00-05:00
2025-01-06 07:45:00+00:00,108.703125,108.703125,108.796875,108.6875,108.765625,30321.0,2025-01-06 02:45:00-05:00
2025-01-06 08:00:00+00:00,108.703125,108.703125,108.71875,108.640625,108.6875,40482.0,2025-01-06 03:00:00-05:00
2025-01-06 08:15:00+00:00,108.65625,108.65625,108.78125,108.65625,108.71875,44612.0,2025-01-06 03:15:00-05:00
2025-01-06 08:30:00+00:00,108.5625,108.5625,108.671875,108.546875,108.65625,45606.0,2025-01-06 03:30:00-05:00
2025-01-06 08:45:00+00:00,108.59375,108.59375,108.609375,108.546875,108.5625,20782.0,2025-01-06 03:45:00-05:00
2025-01-06 09:00:00+00:00,108.578125,108.578125,108.65625,108.546875,108.578125,38997.0,2025-01-06 04:00:00-05:00
2025-01-06 09:15:00+00:00,108.5,108.5,108.578125,108.4375,108.578125,88859.0,2025-01-06 04:15:00-05:00
2025-01-06 09:30:00+00:00,108.4375,108.4375,108.53125,108.421875,108.515625,27730.0,2025-01-06 04:30:00-05:00
2025-01-06 09:45:00+00:00,108.46875,108.46875,108.5,108.4375,108.453125,36388.0,2025-01-06 04:45:00-05:00
2025-01-06 10:00:00+00:00,108.453125,108.453125,108.5,108.390625,108.484375,37057.0,2025-01-06 05:00:00-05:00
2025-01-06 10:15:00+00:00,108.375,108.375,108.453125,108.328125,108.453125,41508.0,2025-01-06 05:15:00-05:00
2025-01-06 10:30:00+00:00,108.40625,108.40625,108.4375,108.359375,108.375,36003.0,2025-01-06 05:30:00-05:00
2025-01-06 10:45:00+00:00,108.46875,108.46875,108.484375,108.390625,108.390625,40027.0,2025-01-06 05:45:00-05:00
2025-01-06 11:00:00+00:00,108.515625,108.515625,108.515625,108.4375,108.46875,44567.0,2025-01-06 06:00:00-05:00
2025-01-06 11:15:00+00:00,108.578125,108.578125,108.59375,108.5,108.515625,43581.0,2025-01-06 06:15:00-05:00
2025-01-06 11:30:00+00:00,108.515625,108.515625,108.59375,108.484375,108.59375,24384.0,2025-01-06 06:30:00-05:00
2025-01-06 11:45:00+00:00,108.53125,108.53125,108.546875,108.5,108.53125,24443.0,2025-01-06 06:45:00-05:00
2025-01-06 12:00:00+00:00,108.5625,108.5625,108.59375,108.53125,108.546875,10111.0,2025-01-06 07:00:00-05:00
2025-01-06 12:15:00+00:00,108.59375,108.59375,108.609375,108.546875,108.546875,18949.0,2025-01-06 07:15:00-05:00
2025-01-06 12:30:00+00:00,108.546875,108.546875,108.59375,108.53125,108.59375,21566.0,2025-01-06 07:30:00-05:00
2025-01-06 12:45:00+00:00,108.59375,108.59375,108.609375,108.53125,108.5625,22557.0,2025-01-06 07:45:00-05:00
2025-01-06 13:00:00+00:00,108.515625,108.515625,108.59375,108.453125,108.59375,37771.0,2025-01-06 08:00:00-05:00
2025-01-06 13:15:00+00:00,108.546875,108.546875,108.5625,108.46875,108.5,12530.0,2025-01-06 08:15:00-05:00
2025-01-06 13:30:00+00:00,108.46875,108.46875,108.5625,108.453125,108.5625,21813.0,2025-01-06 08:30:00-05:00
2025-01-06 13:45:00+00:00,108.453125,108.453125,108.5,108.421875,108.46875,26057.0,2025-01-06 08:45:00-05:00
2025-01-06 14:00:00+00:00,108.453125,108.453125,108.5,108.4375,108.4375,28408.0,2025-01-06 09:00:00-05:00
2025-01-06 14:15:00+00:00,108.484375,108.484375,108.515625,108.4375,108.453125,14546.0,2025-01-06 09:15:00-05:00
2025-01-06 14:30:00+00:00,108.515625,108.515625,108.546875,108.5,108.5,14940.0,2025-01-06 09:30:00-05:00
2025-01-06 14:45:00+00:00,108.546875,108.546875,108.546875,108.5,108.515625,101369.0,2025-01-06 09:45:00-05:00
2025-01-06 15:00:00+00:00,108.546875,108.546875,108.578125,108.53125,108.546875,23360.0,2025-01-06 10:00:00-05:00
2025-01-06 15:15:00+00:00,108.515625,108.515625,108.5625,108.5,108.546875,49368.0,2025-01-06 10:15:00-05:00
2025-01-06 15:30:00+00:00,108.515625,108.515625,108.53125,108.484375,108.515625,25966.0,2025-01-06 10:30:00-05:00
2025-01-06 15:45:00+00:00,108.546875,108.546875,108.5625,108.5,108.5,42707.0,2025-01-06 10:45:00-05:00
2025-01-06 16:00:00+00:00,108.625,108.625,108.640625,108.515625,108.546875,52715.0,2025-01-06 11:00:00-05:00
2025-01-06 16:15:00+00:00,108.578125,108.578125,108.640625,108.5625,108.625,21363.0,2025-01-06 11:15:00-05:00
2025-01-06 16:30:00+00:00,108.53125,108.53125,108.578125,108.515625,108.5625,22548.0,2025-01-06 11:30:00-05:00
2025-01-06 16:45:00+00:00,108.453125,108.453125,108.515625,108.453125,108.515625,15418.0,2025-01-06 11:45:00-05:00
2025-01-06 18:00:00+00:00,108.4375,108.4375,108.5,108.4375,108.46875,5097.0,2025-01-06 13:00:00-05:00
2025-01-06 18:15:00+00:00,108.4375,108.4375,108.453125,108.4375,108.453125,611.0,2025-01-06 13:15:00-05:00
2025-01-06 18:30:00+00:00,108.453125,108.453125,108.46875,108.4375,108.4375,2432.0,2025-01-06 13:30:00-05:00
2025-01-06 18:45:00+00:00,108.453125,108.453125,108.46875,108.4375,108.453125,1303.0,2025-01-06 13:45:00-05:00
2025-01-06 19:00:00+00:00,108.46875,108.46875,108.46875,108.421875,108.453125,3885.0,2025-01-06 14:00:00-05:00
2025-01-06 19:15:00+00:00,108.46875,108.46875,108.484375,108.453125,108.46875,3592.0,2025-01-06 14:15:00-05:00
2025-01-06 19:30:00+00:00,108.484375,108.484375,108.484375,108.453125,108.46875,3107.0,2025-01-06 14:30:00-05:00
2025-01-06 19:45:00+00:00,108.484375,108.484375,108.5,108.46875,108.484375,2996.0,2025-01-06 14:45:00-05:00
2025-01-06 20:00:00+00:00,108.484375,108.484375,108.5,108.46875,108.5,2992.0,2025-01-06 15:00:00-05:00
2025-01-06 20:15:00+00:00,108.515625,108.515625,108.515625,108.484375,108.484375,2325.0,2025-01-06 15:15:00-05:00
2025-01-06 20:30:00+00:00,108.515625,108.515625,108.53125,108.515625,108.515625,3799.0,2025-01-06 15:30:00-05:00
2025-01-06 20:45:00+00:00,108.546875,108.546875,108.546875,108.515625,108.53125,2855.0,2025-01-06 15:45:00-05:00
2025-01-06 21:00:00+00:00,108.5625,108.5625,108.578125,108.53125,108.53125,6414.0,2025-01-06 16:00:00-05:00
2025-01-06 21:15:00+00:00,108.578125,108.578125,108.578125,108.546875,108.5625,847.0,2025-01-06 16:15:00-05:00
2025-01-06 21:30:00+00:00,108.5625,108.5625,108.578125,108.546875,108.5625,3600.0,2025-01-06 16:30:00-05:00
2025-01-06 21:45:00+00:00,108.5625,108.5625,108.5625,108.53125,108.5625,1857.0,2025-01-06 16:45:00-05:00
2025-01-06 22:00:00+00:00,108.5625,108.5625,108.5625,108.53125,108.546875,2453.0,2025-01-06 17:00:00-05:00
2025-01-06 22:15:00+00:00,108.546875,108.546875,108.5625,108.546875,108.546875,282.0,2025-01-06 17:15:00-05:00
2025-01-06 22:30:00+00:00,108.578125,108.578125,108.578125,108.53125,108.5625,4273.0,2025-01-06 17:30:00-05:00
2025-01-06 22:45:00+00:00,108.5625,108.5625,108.578125,108.546875,108.578125,2969.0,2025-01-06 17:45:00-05:00
2025-01-06 23:00:00+00:00,108.546875,108.546875,108.5625,108.546875,108.546875,1643.0,2025-01-06 18:00:00-05:00
2025-01-06 23:15:00+00:00,108.578125,108.578125,108.578125,108.546875,108.5625,4213.0,2025-01-06 18:15:00-05:00
2025-01-06 23:30:00+00:00,108.578125,108.578125,108.59375,108.5625,108.578125,2818.0,2025-01-06 18:30:00-05:00
2025-01-06 23:45:00+00:00,108.578125,108.578125,108.578125,108.5625,108.578125,369.0,2025-01-06 18:45:00-05:00
2025-01-07 00:00:00+00:00,108.578125,108.578125,108.578125,108.5625,108.578125,733.0,2025-01-06 19:00:00-05:00
2025-01-07 00:15:00+00:00,108.5625,108.5625,108.578125,108.5625,108.5625,496.0,2025-01-06 19:15:00-05:00
2025-01-07 00:30:00+00:00,108.59375,108.59375,108.59375,108.578125,108.578125,662.0,2025-01-06 19:30:00-05:00
2025-01-07 00:45:00+00:00,108.59375,108.59375,108.59375,108.578125,108.59375,595.0,2025-01-06 19:45:00-05:00
2025-01-07 01:00:00+00:00,108.609375,108.609375,108.625,108.59375,108.59375,3868.0,2025-01-06 20:00:00-05:00
2025-01-07 01:15:00+00:00,108.59375,108.59375,108.625,108.59375,108.609375,2089.0,2025-01-06 20:15:00-05:00
2025-01-07 01:30:00+00:00,108.59375,108.59375,108.609375,108.5625,108.59375,5537.0,2025-01-06 20:30:00-05:00
2025-01-07 01:45:00+00:00,108.59375,108.59375,108.59375,108.578125,108.59375,1664.0,2025-01-06 20:45:00-05:00
2025-01-07 02:00:00+00:00,108.53125,108.53125,108.578125,108.515625,108.578125,6193.0,2025-01-06 21:00:00-05:00
2025-01-07 02:15:00+00:00,108.515625,108.515625,108.53125,108.5,108.53125,7314.0,2025-01-06 21:15:00-05:00
2025-01-07 02:30:00+00:00,108.53125,108.53125,108.546875,108.515625,108.53125,8281.0,2025-01-06 21:30:00-05:00
2025-01-07 02:45:00+00:00,108.5625,108.5625,108.578125,108.53125,108.546875,11486.0,2025-01-06 21:45:00-05:00
2025-01-07 03:00:00+00:00,108.546875,108.546875,108.5625,108.515625,108.546875,11979.0,2025-01-06 22:00:00-05:00
2025-01-07 03:15:00+00:00,108.546875,108.546875,108.578125,108.546875,108.5625,7395.0,2025-01-06 22:15:00-05:00
2025-01-07 03:30:00+00:00,108.53125,108.53125,108.578125,108.5,108.5625,9172.0,2025-01-06 22:30:00-05:00
2025-01-07 03:45:00+00:00,108.5,108.5,108.546875,108.484375,108.546875,7726.0,2025-01-06 22:45:00-05:00
2025-01-07 04:00:00+00:00,108.484375,108.484375,108.515625,108.46875,108.5,11729.0,2025-01-06 23:00:00-05:00
2025-01-07 04:15:00+00:00,108.515625,108.515625,108.515625,108.46875,108.48400115966795,9537.0,2025-01-06 23:15:00-05:00
2025-01-07 04:30:00+00:00,108.5,108.5,108.53125,108.5,108.515625,4816.0,2025-01-06 23:30:00-05:00
2025-01-07 04:45:00+00:00,108.484375,108.484375,108.53125,108.484375,108.5,8889.0,2025-01-06 23:45:00-05:00
2025-01-07 05:00:00+00:00,108.484375,108.484375,108.546875,108.484375,108.5,12481.0,2025-01-07 00:00:00-05:00
2025-01-07 05:15:00+00:00,108.46875,108.46875,108.515625,108.46875,108.484375,13099.0,2025-01-07 00:15:00-05:00
2025-01-07 05:30:00+00:00,108.421875,108.421875,108.46875,108.40625,108.453125,11622.0,2025-01-07 00:30:00-05:00
2025-01-07 05:45:00+00:00,108.4375,108.4375,108.4375,108.390625,108.421875,12177.0,2025-01-07 00:45:00-05:00
2025-01-07 06:00:00+00:00,108.40625,108.40625,108.4375,108.40625,108.421875,1949.0,2025-01-07 01:00:00-05:00
2025-01-07 06:15:00+00:00,108.4375,108.4375,108.4375,108.390625,108.39099884033205,11869.0,2025-01-07 01:15:00-05:00
2025-01-07 06:30:00+00:00,108.46875,108.46875,108.46875,108.421875,108.421875,5589.0,2025-01-07 01:30:00-05:00
2025-01-07 06:45:00+00:00,108.4375,108.4375,108.484375,108.4375,108.46875,10094.0,2025-01-07 01:45:00-05:00
2025-01-07 07:00:00+00:00,108.421875,108.421875,108.453125,108.40625,108.4375,4916.0,2025-01-07 02:00:00-05:00
2025-01-07 07:15:00+00:00,108.40625,108.40625,108.4375,108.390625,108.40625,11613.0,2025-01-07 02:15:00-05:00
2025-01-07 07:30:00+00:00,108.40625,108.40625,108.421875,108.390625,108.421875,10404.0,2025-01-07 02:30:00-05:00
2025-01-07 07:45:00+00:00,108.4375,108.4375,108.46875,108.390625,108.40625,19293.0,2025-01-07 02:45:00-05:00
2025-01-07 08:00:00+00:00,108.453125,108.453125,108.484375,108.421875,108.4375,15464.0,2025-01-07 03:00:00-05:00
2025-01-07 08:15:00+00:00,108.421875,108.421875,108.46875,108.40625,108.46875,26410.0,2025-01-07 03:15:00-05:00
2025-01-07 08:30:00+00:00,108.484375,108.484375,108.484375,108.421875,108.421875,25538.0,2025-01-07 03:30:00-05:00
2025-01-07 08:45:00+00:00,108.484375,108.484375,108.515625,108.421875,108.5,28605.0,2025-01-07 03:45:00-05:00
2025-01-07 09:00:00+00:00,108.46875,108.46875,108.53125,108.453125,108.484375,38914.0,2025-01-07 04:00:00-05:00
2025-01-07 09:15:00+00:00,108.453125,108.453125,108.5,108.4375,108.484375,24209.0,2025-01-07 04:15:00-05:00
2025-01-07 09:30:00+00:00,108.484375,108.484375,108.515625,108.4375,108.453125,24464.0,2025-01-07 04:30:00-05:00
2025-01-07 09:45:00+00:00,108.453125,108.453125,108.484375,108.40625,108.46875,57486.0,2025-01-07 04:45:00-05:00
2025-01-07 10:00:00+00:00,108.15625,108.15625,108.4375,108.078125,108.4375,191772.0,2025-01-07 05:00:00-05:00
2025-01-07 10:15:00+00:00,108.21875,108.21875,108.234375,108.140625,108.15625,89669.0,2025-01-07 05:15:00-05:00
2025-01-07 10:30:00+00:00,108.140625,108.140625,108.234375,108.125,108.203125,53824.0,2025-01-07 05:30:00-05:00
2025-01-07 10:45:00+00:00,108.140625,108.140625,108.1875,108.09375,108.125,51482.0,2025-01-07 05:45:00-05:00
2025-01-07 11:00:00+00:00,108.09375,108.09375,108.15625,108.0625,108.140625,36722.0,2025-01-07 06:00:00-05:00
2025-01-07 11:15:00+00:00,108.09375,108.09375,108.125,108.046875,108.09375,42932.0,2025-01-07 06:15:00-05:00
2025-01-07 11:30:00+00:00,108.171875,108.171875,108.203125,108.078125,108.109375,66937.0,2025-01-07 06:30:00-05:00
2025-01-07 11:45:00+00:00,108.15625,108.15625,108.1875,108.125,108.171875,33650.0,2025-01-07 06:45:00-05:00
2025-01-07 12:00:00+00:00,108.15625,108.15625,108.1875,108.125,108.15625,41510.0,2025-01-07 07:00:00-05:00
2025-01-07 12:15:00+00:00,108.234375,108.234375,108.25,108.15625,108.15625,57233.0,2025-01-07 07:15:00-05:00
2025-01-07 12:30:00+00:00,108.25,108.25,108.28125,108.234375,108.234375,38510.0,2025-01-07 07:30:00-05:00
2025-01-07 12:45:00+00:00,108.21875,108.21875,108.265625,108.21875,108.25,35899.0,2025-01-07 07:45:00-05:00
2025-01-07 13:00:00+00:00,108.234375,108.234375,108.265625,108.21875,108.21875,45017.0,2025-01-07 08:00:00-05:00
2025-01-07 13:15:00+00:00,108.203125,108.203125,108.296875,108.203125,108.234375,39926.0,2025-01-07 08:15:00-05:00
2025-01-07 13:30:00+00:00,108.140625,108.140625,108.21875,108.09375,108.21875,35887.0,2025-01-07 08:30:00-05:00
2025-01-07 13:45:00+00:00,108.140625,108.140625,108.15625,108.109375,108.140625,27759.0,2025-01-07 08:45:00-05:00
2025-01-07 14:00:00+00:00,108.15625,108.15625,108.203125,108.125,108.140625,27503.0,2025-01-07 09:00:00-05:00
2025-01-07 14:15:00+00:00,108.171875,108.171875,108.171875,108.140625,108.171875,18116.0,2025-01-07 09:15:00-05:00
2025-01-07 14:30:00+00:00,108.15625,108.15625,108.171875,108.109375,108.171875,22582.0,2025-01-07 09:30:00-05:00
2025-01-07 14:45:00+00:00,108.171875,108.171875,108.1875,108.125,108.15625,100992.0,2025-01-07 09:45:00-05:00
2025-01-07 15:00:00+00:00,108.171875,108.171875,108.1875,108.140625,108.15625,42850.0,2025-01-07 10:00:00-05:00
2025-01-07 15:15:00+00:00,108.203125,108.203125,108.21875,108.15625,108.171875,20059.0,2025-01-07 10:15:00-05:00
2025-01-07 15:30:00+00:00,108.1875,108.1875,108.21875,108.171875,108.1875,24787.0,2025-01-07 10:30:00-05:00
2025-01-07 15:45:00+00:00,108.15625,108.15625,108.203125,108.140625,108.1875,31689.0,2025-01-07 10:45:00-05:00
2025-01-07 16:00:00+00:00,108.140625,108.140625,108.171875,108.109375,108.15625,16919.0,2025-01-07 11:00:00-05:00
2025-01-07 16:15:00+00:00,108.15625,108.15625,108.15625,108.125,108.125,11310.0,2025-01-07 11:15:00-05:00
2025-01-07 16:30:00+00:00,108.1875,108.1875,108.203125,108.140625,108.140625,17235.0,2025-01-07 11:30:00-05:00
2025-01-07 16:45:00+00:00,108.171875,108.171875,108.1875,108.15625,108.171875,4393.0,2025-01-07 11:45:00-05:00
2025-01-07 18:00:00+00:00,108.171875,108.171875,108.1875,108.15625,108.171875,3803.0,2025-01-07 13:00:00-05:00
2025-01-07 18:15:00+00:00,108.171875,108.171875,108.171875,108.15625,108.171875,583.0,2025-01-07 13:15:00-05:00
2025-01-07 18:30:00+00:00,108.171875,108.171875,108.171875,108.15625,108.171875,2431.0,2025-01-07 13:30:00-05:00
2025-01-07 18:45:00+00:00,108.15625,108.15625,108.1875,108.15625,108.171875,1266.0,2025-01-07 13:45:00-05:00
2025-01-07 19:00:00+00:00,108.1875,108.1875,108.203125,108.15625,108.15625,5446.0,2025-01-07 14:00:00-05:00
2025-01-07 19:15:00+00:00,108.203125,108.203125,108.21875,108.1875,108.1875,5823.0,2025-01-07 14:15:00-05:00
2025-01-07 19:30:00+00:00,108.21875,108.21875,108.25,108.203125,108.203125,9428.0,2025-01-07 14:30:00-05:00
2025-01-07 19:45:00+00:00,108.203125,108.203125,108.21875,108.203125,108.21875,2862.0,2025-01-07 14:45:00-05:00
2025-01-07 20:00:00+00:00,108.25,108.25,108.265625,108.203125,108.203125,4365.0,2025-01-07 15:00:00-05:00
2025-01-07 20:15:00+00:00,108.25,108.25,108.265625,108.21875,108.265625,2154.0,2025-01-07 15:15:00-05:00
2025-01-07 20:30:00+00:00,108.234375,108.234375,108.25,108.234375,108.234375,2210.0,2025-01-07 15:30:00-05:00
2025-01-07 20:45:00+00:00,108.234375,108.234375,108.25,108.21875,108.234375,2014.0,2025-01-07 15:45:00-05:00
2025-01-07 21:00:00+00:00,108.234375,108.234375,108.25,108.21875,108.234375,2270.0,2025-01-07 16:00:00-05:00
2025-01-07 21:15:00+00:00,108.234375,108.234375,108.25,108.21875,108.234375,3985.0,2025-01-07 16:15:00-05:00
2025-01-07 21:30:00+00:00,108.21875,108.21875,108.234375,108.21875,108.234375,2164.0,2025-01-07 16:30:00-05:00
2025-01-07 21:45:00+00:00,108.234375,108.234375,108.234375,108.203125,108.234375,991.0,2025-01-07 16:45:00-05:00
2025-01-07 22:00:00+00:00,108.203125,108.203125,108.234375,108.203125,108.234375,1113.0,2025-01-07 17:00:00-05:00
2025-01-07 22:15:00+00:00,108.171875,108.171875,108.21875,108.171875,108.21875,5162.0,2025-01-07 17:15:00-05:00
2025-01-07 22:30:00+00:00,108.171875,108.171875,108.1875,108.15625,108.171875,2703.0,2025-01-07 17:30:00-05:00
2025-01-07 22:45:00+00:00,108.15625,108.15625,108.171875,108.140625,108.15625,2757.0,2025-01-07 17:45:00-05:00
2025-01-07 23:00:00+00:00,108.171875,108.171875,108.171875,108.15625,108.15625,1757.0,2025-01-07 18:00:00-05:00
2025-01-07 23:15:00+00:00,108.171875,108.171875,108.1875,108.15625,108.171875,1094.0,2025-01-07 18:15:00-05:00
2025-01-07 23:30:00+00:00,108.15625,108.15625,108.1875,108.15625,108.1875,3491.0,2025-01-07 18:30:00-05:00
2025-01-07 23:45:00+00:00,108.15625,108.15625,108.1875,108.15625,108.15625,1796.0,2025-01-07 18:45:00-05:00
2025-01-08 00:00:00+00:00,108.1875,108.1875,108.1875,108.15625,108.171875,568.0,2025-01-07 19:00:00-05:00
2025-01-08 00:15:00+00:00,108.21875,108.21875,108.21875,108.1875,108.1875,6762.0,2025-01-07 19:15:00-05:00
2025-01-08 00:30:00+00:00,108.21875,108.21875,108.234375,108.21875,108.21875,1574.0,2025-01-07 19:30:00-05:00
2025-01-08 00:45:00+00:00,108.21875,108.21875,108.21875,108.203125,108.21875,1844.0,2025-01-07 19:45:00-05:00
2025-01-08 01:00:00+00:00,108.21875,108.21875,108.234375,108.203125,108.21875,1800.0,2025-01-07 20:00:00-05:00
2025-01-08 01:15:00+00:00,108.234375,108.234375,108.25,108.21875,108.21875,2963.0,2025-01-07 20:15:00-05:00
2025-01-08 01:30:00+00:00,108.234375,108.234375,108.25,108.234375,108.25,1453.0,2025-01-07 20:30:00-05:00
2025-01-08 01:45:00+00:00,108.25,108.25,108.265625,108.21875,108.234375,7655.0,2025-01-07 20:45:00-05:00
2025-01-08 02:00:00+00:00,108.28125,108.28125,108.296875,108.25,108.25,15060.0,2025-01-07 21:00:00-05:00
2025-01-08 02:15:00+00:00,108.28125,108.28125,108.296875,108.234375,108.28125,19120.0,2025-01-07 21:15:00-05:00
2025-01-08 02:30:00+00:00,108.25,108.25,108.28125,108.25,108.28125,8894.0,2025-01-07 21:30:00-05:00
2025-01-08 02:45:00+00:00,108.234375,108.234375,108.28125,108.234375,108.265625,8023.0,2025-01-07 21:45:00-05:00
2025-01-08 03:00:00+00:00,108.21875,108.21875,108.25,108.171875,108.234375,15952.0,2025-01-07 22:00:00-05:00
2025-01-08 03:15:00+00:00,108.1875,108.1875,108.21875,108.15625,108.21875,12490.0,2025-01-07 22:15:00-05:00
2025-01-08 03:30:00+00:00,108.203125,108.203125,108.21875,108.15625,108.1875,14991.0,2025-01-07 22:30:00-05:00
2025-01-08 03:45:00+00:00,108.203125,108.203125,108.25,108.1875,108.203125,8932.0,2025-01-07 22:45:00-05:00
2025-01-08 04:00:00+00:00,108.234375,108.234375,108.265625,108.21875,108.21875,8629.0,2025-01-07 23:00:00-05:00
2025-01-08 04:15:00+00:00,108.21875,108.21875,108.25,108.203125,108.23400115966795,11378.0,2025-01-07 23:15:00-05:00
2025-01-08 04:30:00+00:00,108.265625,108.265625,108.265625,108.21875,108.21875,7079.0,2025-01-07 23:30:00-05:00
2025-01-08 04:45:00+00:00,108.25,108.25,108.28125,108.25,108.25,18675.0,2025-01-07 23:45:00-05:00
2025-01-08 05:00:00+00:00,108.25,108.25,108.265625,108.234375,108.25,6917.0,2025-01-08 00:00:00-05:00
2025-01-08 05:15:00+00:00,108.203125,108.203125,108.25,108.203125,108.25,13662.0,2025-01-08 00:15:00-05:00
2025-01-08 05:30:00+00:00,108.203125,108.203125,108.21875,108.1875,108.21875,7745.0,2025-01-08 00:30:00-05:00
2025-01-08 05:45:00+00:00,108.1875,108.1875,108.203125,108.171875,108.1875,12070.0,2025-01-08 00:45:00-05:00
2025-01-08 06:00:00+00:00,108.140625,108.140625,108.1875,108.125,108.171875,19387.0,2025-01-08 01:00:00-05:00
2025-01-08 06:15:00+00:00,108.0625,108.0625,108.15625,108.046875,108.140625,30156.0,2025-01-08 01:15:00-05:00
2025-01-08 06:30:00+00:00,108.078125,108.078125,108.109375,108.046875,108.0625,28671.0,2025-01-08 01:30:00-05:00
2025-01-08 06:45:00+00:00,108.078125,108.078125,108.109375,108.0625,108.09375,12733.0,2025-01-08 01:45:00-05:00
2025-01-08 07:00:00+00:00,108.015625,108.015625,108.09375,108.015625,108.09375,29980.0,2025-01-08 02:00:00-05:00
2025-01-08 07:15:00+00:00,107.953125,107.953125,108.03125,107.9375,108.015625,55103.0,2025-01-08 02:15:00-05:00
2025-01-08 07:30:00+00:00,107.984375,107.984375,107.984375,107.890625,107.953125,36905.0,2025-01-08 02:30:00-05:00
2025-01-08 07:45:00+00:00,107.96875,107.96875,107.984375,107.953125,107.96875,28230.0,2025-01-08 02:45:00-05:00
2025-01-08 08:00:00+00:00,108.046875,108.046875,108.09375,107.953125,107.984375,81163.0,2025-01-08 03:00:00-05:00
2025-01-08 08:15:00+00:00,108.046875,108.046875,108.171875,108.03125,108.046875,73614.0,2025-01-08 03:15:00-05:00
2025-01-08 08:30:00+00:00,108.078125,108.078125,108.140625,108.03125,108.046875,68510.0,2025-01-08 03:30:00-05:00
2025-01-08 08:45:00+00:00,108.1875,108.1875,108.203125,108.0625,108.09375,50139.0,2025-01-08 03:45:00-05:00
2025-01-08 09:00:00+00:00,108.140625,108.140625,108.234375,108.125,108.203125,49193.0,2025-01-08 04:00:00-05:00
2025-01-08 09:15:00+00:00,108.0625,108.0625,108.15625,108.046875,108.15625,38254.0,2025-01-08 04:15:00-05:00
2025-01-08 09:30:00+00:00,108.125,108.125,108.125,108.03125,108.046875,43568.0,2025-01-08 04:30:00-05:00
2025-01-08 09:45:00+00:00,108.171875,108.171875,108.1875,108.125,108.140625,41060.0,2025-01-08 04:45:00-05:00
2025-01-08 10:00:00+00:00,108.25,108.25,108.265625,108.15625,108.15625,43040.0,2025-01-08 05:00:00-05:00
2025-01-08 10:15:00+00:00,108.234375,108.234375,108.265625,108.171875,108.265625,32650.0,2025-01-08 05:15:00-05:00
2025-01-08 10:30:00+00:00,108.234375,108.234375,108.28125,108.1875,108.21875,45125.0,2025-01-08 05:30:00-05:00
2025-01-08 10:45:00+00:00,108.234375,108.234375,108.265625,108.203125,108.25,39179.0,2025-01-08 05:45:00-05:00
2025-01-08 11:00:00+00:00,108.234375,108.234375,108.234375,108.171875,108.234375,47536.0,2025-01-08 06:00:00-05:00
2025-01-08 11:15:00+00:00,108.1875,108.1875,108.28125,108.1875,108.234375,32956.0,2025-01-08 06:15:00-05:00
2025-01-08 11:30:00+00:00,108.21875,108.21875,108.28125,108.1875,108.203125,38409.0,2025-01-08 06:30:00-05:00
2025-01-08 11:45:00+00:00,108.25,108.25,108.265625,108.171875,108.203125,33989.0,2025-01-08 06:45:00-05:00
2025-01-08 12:00:00+00:00,108.1875,108.1875,108.265625,108.171875,108.25,24924.0,2025-01-08 07:00:00-05:00
2025-01-08 12:15:00+00:00,108.171875,108.171875,108.203125,108.15625,108.1875,25608.0,2025-01-08 07:15:00-05:00
2025-01-08 12:30:00+00:00,108.15625,108.15625,108.171875,108.09375,108.171875,42111.0,2025-01-08 07:30:00-05:00
2025-01-08 12:45:00+00:00,108.203125,108.203125,108.203125,108.109375,108.140625,37430.0,2025-01-08 07:45:00-05:00
2025-01-08 13:00:00+00:00,108.1875,108.1875,108.28125,108.171875,108.1875,42834.0,2025-01-08 08:00:00-05:00
2025-01-08 13:15:00+00:00,108.21875,108.21875,108.21875,108.125,108.1875,25119.0,2025-01-08 08:15:00-05:00
2025-01-08 13:30:00+00:00,108.140625,108.140625,108.234375,108.125,108.203125,26785.0,2025-01-08 08:30:00-05:00
2025-01-08 13:45:00+00:00,108.046875,108.046875,108.15625,108.015625,108.15625,32101.0,2025-01-08 08:45:00-05:00
2025-01-08 14:00:00+00:00,108.09375,108.09375,108.15625,108.03125,108.046875,31502.0,2025-01-08 09:00:00-05:00
2025-01-08 14:15:00+00:00,108.1875,108.1875,108.203125,108.078125,108.09375,31254.0,2025-01-08 09:15:00-05:00
2025-01-08 14:30:00+00:00,108.140625,108.140625,108.203125,108.140625,108.203125,29910.0,2025-01-08 09:30:00-05:00
2025-01-08 14:45:00+00:00,108.125,108.125,108.15625,108.09375,108.140625,78350.0,2025-01-08 09:45:00-05:00
2025-01-08 15:00:00+00:00,108.203125,108.203125,108.203125,108.125,108.125,37563.0,2025-01-08 10:00:00-05:00
2025-01-08 15:15:00+00:00,108.234375,108.234375,108.25,108.1875,108.203125,20156.0,2025-01-08 10:15:00-05:00
2025-01-08 15:30:00+00:00,108.3125,108.3125,108.3125,108.21875,108.234375,20781.0,2025-01-08 10:30:00-05:00
2025-01-08 15:45:00+00:00,108.28125,108.28125,108.328125,108.265625,108.3125,37845.0,2025-01-08 10:45:00-05:00
2025-01-08 16:00:00+00:00,108.234375,108.234375,108.28125,108.234375,108.265625,30004.0,2025-01-08 11:00:00-05:00
2025-01-08 16:15:00+00:00,108.203125,108.203125,108.25,108.1875,108.25,10131.0,2025-01-08 11:15:00-05:00
2025-01-08 16:30:00+00:00,108.140625,108.140625,108.203125,108.109375,108.203125,27509.0,2025-01-08 11:30:00-05:00
2025-01-08 16:45:00+00:00,108.15625,108.15625,108.1875,108.140625,108.15625,9679.0,2025-01-08 11:45:00-05:00
2025-01-08 18:00:00+00:00,108.203125,108.203125,108.203125,108.15625,108.1875,3050.0,2025-01-08 13:00:00-05:00
2025-01-08 18:15:00+00:00,108.203125,108.203125,108.203125,108.171875,108.203125,608.0,2025-01-08 13:15:00-05:00
2025-01-08 18:30:00+00:00,108.1875,108.1875,108.203125,108.171875,108.1875,792.0,2025-01-08 13:30:00-05:00
2025-01-08 18:45:00+00:00,108.1875,108.1875,108.21875,108.1875,108.203125,1016.0,2025-01-08 13:45:00-05:00
2025-01-08 19:00:00+00:00,108.21875,108.21875,108.21875,108.15625,108.1875,4699.0,2025-01-08 14:00:00-05:00
2025-01-08 19:15:00+00:00,108.21875,108.21875,108.21875,108.203125,108.203125,3197.0,2025-01-08 14:15:00-05:00
2025-01-08 19:30:00+00:00,108.25,108.25,108.25,108.21875,108.21875,3275.0,2025-01-08 14:30:00-05:00
2025-01-08 19:45:00+00:00,108.265625,108.265625,108.265625,108.234375,108.25,2103.0,2025-01-08 14:45:00-05:00
2025-01-08 20:00:00+00:00,108.265625,108.265625,108.28125,108.25,108.25,2202.0,2025-01-08 15:00:00-05:00
2025-01-08 20:15:00+00:00,108.265625,108.265625,108.28125,108.25,108.25,1292.0,2025-01-08 15:15:00-05:00
2025-01-08 20:30:00+00:00,108.25,108.25,108.265625,108.25,108.265625,3264.0,2025-01-08 15:30:00-05:00
2025-01-08 20:45:00+00:00,108.25,108.25,108.265625,108.25,108.25,3344.0,2025-01-08 15:45:00-05:00
2025-01-08 21:00:00+00:00,108.25,108.25,108.265625,108.234375,108.25,3221.0,2025-01-08 16:00:00-05:00
2025-01-08 21:15:00+00:00,108.265625,108.265625,108.28125,108.25,108.25,2934.0,2025-01-08 16:15:00-05:00
2025-01-08 21:30:00+00:00,108.28125,108.28125,108.296875,108.25,108.25,11202.0,2025-01-08 16:30:00-05:00
2025-01-08 21:45:00+00:00,108.28125,108.28125,108.296875,108.265625,108.28125,6636.0,2025-01-08 16:45:00-05:00
2025-01-08 22:00:00+00:00,108.3125,108.3125,108.328125,108.28125,108.296875,4993.0,2025-01-08 17:00:00-05:00
2025-01-08 22:15:00+00:00,108.328125,108.328125,108.34375,108.296875,108.3125,5245.0,2025-01-08 17:15:00-05:00
2025-01-08 22:30:00+00:00,108.328125,108.328125,108.34375,108.3125,108.3125,4888.0,2025-01-08 17:30:00-05:00
2025-01-08 22:45:00+00:00,108.3125,108.3125,108.328125,108.296875,108.328125,3143.0,2025-01-08 17:45:00-05:00
2025-01-08 23:00:00+00:00,108.3125,108.3125,108.328125,108.296875,108.3125,2873.0,2025-01-08 18:00:00-05:00
2025-01-08 23:15:00+00:00,108.3125,108.3125,108.328125,108.296875,108.3125,1086.0,2025-01-08 18:15:00-05:00
2025-01-08 23:30:00+00:00,108.3125,108.3125,108.3125,108.28125,108.3125,2047.0,2025-01-08 18:30:00-05:00
2025-01-08 23:45:00+00:00,108.3125,108.3125,108.3125,108.296875,108.3125,1055.0,2025-01-08 18:45:00-05:00
2025-01-09 00:00:00+00:00,108.328125,108.328125,108.34375,108.3125,108.328125,1930.0,2025-01-08 19:00:00-05:00
2025-01-09 00:15:00+00:00,108.328125,108.328125,108.34375,108.3125,108.328125,1096.0,2025-01-08 19:15:00-05:00
2025-01-09 00:30:00+00:00,108.328125,108.328125,108.34375,108.328125,108.34375,916.0,2025-01-08 19:30:00-05:00
2025-01-09 00:45:00+00:00,108.359375,108.359375,108.359375,108.328125,108.34375,2379.0,2025-01-08 19:45:00-05:00
2025-01-09 01:00:00+00:00,108.34375,108.34375,108.359375,108.328125,108.34375,3276.0,2025-01-08 20:00:00-05:00
2025-01-09 01:15:00+00:00,108.3125,108.3125,108.34375,108.3125,108.34375,1844.0,2025-01-08 20:15:00-05:00
2025-01-09 01:30:00+00:00,108.328125,108.328125,108.328125,108.3125,108.328125,2066.0,2025-01-08 20:30:00-05:00
2025-01-09 01:45:00+00:00,108.28125,108.28125,108.328125,108.28125,108.328125,3833.0,2025-01-08 20:45:00-05:00
2025-01-09 02:00:00+00:00,108.28125,108.28125,108.296875,108.21875,108.28125,13561.0,2025-01-08 21:00:00-05:00
2025-01-09 02:15:00+00:00,108.3125,108.3125,108.328125,108.28125,108.28125,5423.0,2025-01-08 21:15:00-05:00
2025-01-09 02:30:00+00:00,108.3125,108.3125,108.34375,108.296875,108.3125,5313.0,2025-01-08 21:30:00-05:00
2025-01-09 02:45:00+00:00,108.25,108.25,108.3125,108.21875,108.3125,12073.0,2025-01-08 21:45:00-05:00
2025-01-09 03:00:00+00:00,108.265625,108.265625,108.28125,108.1875,108.234375,24650.0,2025-01-08 22:00:00-05:00
2025-01-09 03:15:00+00:00,108.25,108.25,108.296875,108.25,108.28125,12421.0,2025-01-08 22:15:00-05:00
2025-01-09 03:30:00+00:00,108.28125,108.28125,108.328125,108.265625,108.265625,17561.0,2025-01-08 22:30:00-05:00
2025-01-09 03:45:00+00:00,108.234375,108.234375,108.296875,108.21875,108.28125,11281.0,2025-01-08 22:45:00-05:00
2025-01-09 04:00:00+00:00,108.25,108.25,108.25,108.203125,108.234375,6455.0,2025-01-08 23:00:00-05:00
2025-01-09 04:15:00+00:00,108.21875,108.21875,108.25,108.203125,108.23400115966795,13360.0,2025-01-08 23:15:00-05:00
2025-01-09 04:30:00+00:00,108.21875,108.21875,108.265625,108.21875,108.234375,9228.0,2025-01-08 23:30:00-05:00
2025-01-09 04:45:00+00:00,108.21875,108.21875,108.234375,108.1875,108.234375,14208.0,2025-01-08 23:45:00-05:00
2025-01-09 05:00:00+00:00,108.25,108.25,108.265625,108.1875,108.203125,9246.0,2025-01-09 00:00:00-05:00
2025-01-09 05:15:00+00:00,108.25,108.25,108.265625,108.234375,108.25,5722.0,2025-01-09 00:15:00-05:00
2025-01-09 05:30:00+00:00,108.234375,108.234375,108.28125,108.234375,108.234375,4937.0,2025-01-09 00:30:00-05:00
2025-01-09 05:45:00+00:00,108.265625,108.265625,108.28125,108.21875,108.234375,5597.0,2025-01-09 00:45:00-05:00
2025-01-09 06:00:00+00:00,108.25,108.25,108.28125,108.21875,108.265625,8645.0,2025-01-09 01:00:00-05:00
2025-01-09 06:15:00+00:00,108.234375,108.234375,108.265625,108.21875,108.25,5297.0,2025-01-09 01:15:00-05:00
2025-01-09 06:30:00+00:00,108.3125,108.3125,108.3125,108.234375,108.234375,6257.0,2025-01-09 01:30:00-05:00
2025-01-09 06:45:00+00:00,108.28125,108.28125,108.3125,108.25,108.3125,13314.0,2025-01-09 01:45:00-05:00
2025-01-09 07:00:00+00:00,108.3125,108.3125,108.3125,108.265625,108.265625,15192.0,2025-01-09 02:00:00-05:00
2025-01-09 07:15:00+00:00,108.359375,108.359375,108.359375,108.296875,108.3125,17514.0,2025-01-09 02:15:00-05:00
2025-01-09 07:30:00+00:00,108.390625,108.390625,108.390625,108.328125,108.359375,17486.0,2025-01-09 02:30:00-05:00
2025-01-09 07:45:00+00:00,108.390625,108.390625,108.421875,108.359375,108.390625,24494.0,2025-01-09 02:45:00-05:00
2025-01-09 08:00:00+00:00,108.390625,108.390625,108.4375,108.375,108.390625,19511.0,2025-01-09 03:00:00-05:00
2025-01-09 08:15:00+00:00,108.390625,108.390625,108.40625,108.328125,108.390625,42131.0,2025-01-09 03:15:00-05:00
2025-01-09 08:30:00+00:00,108.390625,108.390625,108.421875,108.375,108.390625,19120.0,2025-01-09 03:30:00-05:00
2025-01-09 08:45:00+00:00,108.359375,108.359375,108.40625,108.328125,108.390625,30510.0,2025-01-09 03:45:00-05:00
2025-01-09 09:00:00+00:00,108.375,108.375,108.375,108.296875,108.359375,31536.0,2025-01-09 04:00:00-05:00
2025-01-09 09:15:00+00:00,108.375,108.375,108.421875,108.359375,108.375,19321.0,2025-01-09 04:15:00-05:00
2025-01-09 09:30:00+00:00,108.375,108.375,108.421875,108.34375,108.375,17152.0,2025-01-09 04:30:00-05:00
2025-01-09 09:45:00+00:00,108.34375,108.34375,108.390625,108.328125,108.390625,25530.0,2025-01-09 04:45:00-05:00
2025-01-09 10:00:00+00:00,108.34375,108.34375,108.375,108.296875,108.34375,23729.0,2025-01-09 05:00:00-05:00
2025-01-09 10:15:00+00:00,108.34375,108.34375,108.390625,108.328125,108.359375,13917.0,2025-01-09 05:15:00-05:00
2025-01-09 10:30:00+00:00,108.28125,108.28125,108.34375,108.28125,108.34375,25953.0,2025-01-09 05:30:00-05:00
2025-01-09 10:45:00+00:00,108.28125,108.28125,108.296875,108.25,108.296875,25533.0,2025-01-09 05:45:00-05:00
2025-01-09 11:00:00+00:00,108.328125,108.328125,108.328125,108.28125,108.28125,14417.0,2025-01-09 06:00:00-05:00
2025-01-09 11:15:00+00:00,108.359375,108.359375,108.375,108.3125,108.328125,15856.0,2025-01-09 06:15:00-05:00
2025-01-09 11:30:00+00:00,108.359375,108.359375,108.375,108.328125,108.359375,17538.0,2025-01-09 06:30:00-05:00
2025-01-09 11:45:00+00:00,108.28125,108.28125,108.375,108.28125,108.359375,24757.0,2025-01-09 06:45:00-05:00
2025-01-09 12:00:00+00:00,108.234375,108.234375,108.3125,108.234375,108.28125,25391.0,2025-01-09 07:00:00-05:00
2025-01-09 12:15:00+00:00,108.1875,108.1875,108.25,108.171875,108.25,31725.0,2025-01-09 07:15:00-05:00
2025-01-09 12:30:00+00:00,108.21875,108.21875,108.234375,108.171875,108.1875,18779.0,2025-01-09 07:30:00-05:00
2025-01-09 12:45:00+00:00,108.21875,108.21875,108.234375,108.203125,108.234375,22804.0,2025-01-09 07:45:00-05:00
2025-01-09 13:00:00+00:00,108.1875,108.1875,108.234375,108.15625,108.203125,21556.0,2025-01-09 08:00:00-05:00
2025-01-09 18:00:00+00:00,108.265625,108.265625,108.28125,108.171875,108.1875,2861.0,2025-01-09 13:00:00-05:00
2025-01-09 18:15:00+00:00,108.265625,108.265625,108.28125,108.25,108.265625,1582.0,2025-01-09 13:15:00-05:00
2025-01-09 18:30:00+00:00,108.25,108.25,108.265625,108.25,108.265625,2466.0,2025-01-09 13:30:00-05:00
2025-01-09 18:45:00+00:00,108.28125,108.28125,108.28125,108.25,108.265625,2527.0,2025-01-09 13:45:00-05:00
2025-01-09 19:00:00+00:00,108.234375,108.234375,108.28125,108.234375,108.28125,2967.0,2025-01-09 14:00:00-05:00
2025-01-09 19:15:00+00:00,108.234375,108.234375,108.25,108.234375,108.234375,2698.0,2025-01-09 14:15:00-05:00
2025-01-09 19:30:00+00:00,108.234375,108.234375,108.265625,108.21875,108.21875,3726.0,2025-01-09 14:30:00-05:00
2025-01-09 19:45:00+00:00,108.234375,108.234375,108.265625,108.234375,108.234375,2243.0,2025-01-09 14:45:00-05:00
2025-01-09 20:00:00+00:00,108.234375,108.234375,108.25,108.21875,108.234375,2480.0,2025-01-09 15:00:00-05:00
2025-01-09 20:15:00+00:00,108.203125,108.203125,108.234375,108.1875,108.234375,1805.0,2025-01-09 15:15:00-05:00
2025-01-09 20:30:00+00:00,108.203125,108.203125,108.21875,108.1875,108.203125,2633.0,2025-01-09 15:30:00-05:00
2025-01-09 20:45:00+00:00,108.21875,108.21875,108.21875,108.1875,108.203125,3006.0,2025-01-09 15:45:00-05:00
2025-01-09 21:00:00+00:00,108.21875,108.21875,108.234375,108.203125,108.203125,1398.0,2025-01-09 16:00:00-05:00
2025-01-09 21:15:00+00:00,108.21875,108.21875,108.234375,108.203125,108.234375,1935.0,2025-01-09 16:15:00-05:00
2025-01-09 21:30:00+00:00,108.203125,108.203125,108.234375,108.203125,108.21875,1392.0,2025-01-09 16:30:00-05:00
2025-01-09 21:45:00+00:00,108.21875,108.21875,108.234375,108.203125,108.21875,1529.0,2025-01-09 16:45:00-05:00
2025-01-09 22:00:00+00:00,108.203125,108.203125,108.234375,108.203125,108.234375,3056.0,2025-01-09 17:00:00-05:00
2025-01-09 22:15:00+00:00,108.1875,108.1875,108.203125,108.1875,108.203125,494.0,2025-01-09 17:15:00-05:00
2025-01-09 22:30:00+00:00,108.21875,108.21875,108.21875,108.1875,108.1875,1923.0,2025-01-09 17:30:00-05:00
2025-01-09 22:45:00+00:00,108.21875,108.21875,108.21875,108.203125,108.203125,81.0,2025-01-09 17:45:00-05:00
2025-01-09 23:00:00+00:00,108.1875,108.1875,108.21875,108.1875,108.21875,1382.0,2025-01-09 18:00:00-05:00
2025-01-09 23:15:00+00:00,108.203125,108.203125,108.21875,108.203125,108.203125,700.0,2025-01-09 18:15:00-05:00
2025-01-09 23:30:00+00:00,108.171875,108.171875,108.203125,108.171875,108.203125,1784.0,2025-01-09 18:30:00-05:00
2025-01-09 23:45:00+00:00,108.140625,108.140625,108.1875,108.140625,108.171875,2688.0,2025-01-09 18:45:00-05:00
2025-01-10 00:00:00+00:00,108.171875,108.171875,108.171875,108.140625,108.140625,1881.0,2025-01-09 19:00:00-05:00
2025-01-10 00:15:00+00:00,108.15625,108.15625,108.171875,108.140625,108.171875,1778.0,2025-01-09 19:15:00-05:00
2025-01-10 00:30:00+00:00,108.125,108.125,108.140625,108.109375,108.140625,3923.0,2025-01-09 19:30:00-05:00
2025-01-10 00:45:00+00:00,108.140625,108.140625,108.15625,108.125,108.125,7528.0,2025-01-09 19:45:00-05:00
2025-01-10 01:00:00+00:00,108.109375,108.109375,108.15625,108.109375,108.140625,3110.0,2025-01-09 20:00:00-05:00
2025-01-10 01:15:00+00:00,108.125,108.125,108.140625,108.109375,108.109375,3145.0,2025-01-09 20:15:00-05:00
2025-01-10 01:30:00+00:00,108.109375,108.109375,108.140625,108.109375,108.140625,5461.0,2025-01-09 20:30:00-05:00
2025-01-10 01:45:00+00:00,108.125,108.125,108.125,108.09375,108.109375,4373.0,2025-01-09 20:45:00-05:00
2025-01-10 02:00:00+00:00,108.125,108.125,108.15625,108.125,108.125,7585.0,2025-01-09 21:00:00-05:00
2025-01-10 02:15:00+00:00,108.140625,108.140625,108.15625,108.109375,108.125,4797.0,2025-01-09 21:15:00-05:00
2025-01-10 02:30:00+00:00,108.125,108.125,108.15625,108.109375,108.140625,3593.0,2025-01-09 21:30:00-05:00
2025-01-10 02:45:00+00:00,108.15625,108.15625,108.171875,108.109375,108.109375,6273.0,2025-01-09 21:45:00-05:00
2025-01-10 03:00:00+00:00,108.125,108.125,108.1875,108.125,108.171875,8043.0,2025-01-09 22:00:00-05:00
2025-01-10 03:15:00+00:00,108.140625,108.140625,108.1875,108.125,108.140625,12930.0,2025-01-09 22:15:00-05:00
2025-01-10 03:30:00+00:00,108.109375,108.109375,108.140625,108.078125,108.140625,17547.0,2025-01-09 22:30:00-05:00
2025-01-10 03:45:00+00:00,108.109375,108.109375,108.140625,108.09375,108.09375,11127.0,2025-01-09 22:45:00-05:00
2025-01-10 04:00:00+00:00,108.15625,108.15625,108.15625,108.109375,108.109375,6312.0,2025-01-09 23:00:00-05:00
2025-01-10 04:15:00+00:00,108.15625,108.15625,108.171875,108.140625,108.140625,9882.0,2025-01-09 23:15:00-05:00
2025-01-10 04:30:00+00:00,108.140625,108.140625,108.171875,108.125,108.171875,6837.0,2025-01-09 23:30:00-05:00
2025-01-10 04:45:00+00:00,108.125,108.125,108.140625,108.09375,108.140625,5786.0,2025-01-09 23:45:00-05:00
2025-01-10 05:00:00+00:00,108.125,108.125,108.125,108.09375,108.109375,6951.0,2025-01-10 00:00:00-05:00
2025-01-10 05:15:00+00:00,108.140625,108.140625,108.140625,108.09375,108.125,4997.0,2025-01-10 00:15:00-05:00
2025-01-10 05:30:00+00:00,108.09375,108.09375,108.140625,108.09375,108.125,5454.0,2025-01-10 00:30:00-05:00
2025-01-10 05:45:00+00:00,108.09375,108.09375,108.09375,108.046875,108.078125,14578.0,2025-01-10 00:45:00-05:00
2025-01-10 06:00:00+00:00,108.078125,108.078125,108.09375,108.0625,108.09375,10946.0,2025-01-10 01:00:00-05:00
2025-01-10 06:15:00+00:00,108.078125,108.078125,108.09375,108.0625,108.078125,4750.0,2025-01-10 01:15:00-05:00
2025-01-10 06:30:00+00:00,108.078125,108.078125,108.078125,108.03125,108.078125,6123.0,2025-01-10 01:30:00-05:00
2025-01-10 06:45:00+00:00,108.078125,108.078125,108.078125,108.046875,108.0625,8438.0,2025-01-10 01:45:00-05:00
2025-01-10 07:00:00+00:00,108.09375,108.09375,108.125,108.0625,108.078125,14327.0,2025-01-10 02:00:00-05:00
2025-01-10 07:15:00+00:00,108.09375,108.09375,108.109375,108.0625,108.109375,16545.0,2025-01-10 02:15:00-05:00
2025-01-10 07:30:00+00:00,108.125,108.125,108.15625,108.09375,108.109375,20468.0,2025-01-10 02:30:00-05:00
2025-01-10 07:45:00+00:00,108.09375,108.09375,108.140625,108.078125,108.125,20495.0,2025-01-10 02:45:00-05:00
2025-01-10 08:00:00+00:00,108.0625,108.0625,108.109375,108.046875,108.109375,29981.0,2025-01-10 03:00:00-05:00
2025-01-10 08:15:00+00:00,108.0625,108.0625,108.109375,108.03125,108.046875,46226.0,2025-01-10 03:15:00-05:00
2025-01-10 08:30:00+00:00,107.4375,107.4375,108.03125,107.375,108.03125,374358.0,2025-01-10 03:30:00-05:00
2025-01-10 08:45:00+00:00,107.5625,107.5625,107.609375,107.390625,107.4375,201819.0,2025-01-10 03:45:00-05:00
2025-01-10 09:00:00+00:00,107.609375,107.609375,107.625,107.515625,107.5625,94898.0,2025-01-10 04:00:00-05:00
2025-01-10 09:15:00+00:00,107.671875,107.671875,107.703125,107.578125,107.59375,115667.0,2025-01-10 04:15:00-05:00
2025-01-10 09:30:00+00:00,107.765625,107.765625,107.78125,107.609375,107.671875,93778.0,2025-01-10 04:30:00-05:00
2025-01-10 09:45:00+00:00,107.640625,107.640625,107.78125,107.640625,107.765625,85670.0,2025-01-10 04:45:00-05:00
2025-01-10 10:00:00+00:00,107.703125,107.703125,107.71875,107.53125,107.640625,131456.0,2025-01-10 05:00:00-05:00
2025-01-10 10:15:00+00:00,107.78125,107.78125,107.828125,107.6875,107.703125,93974.0,2025-01-10 05:15:00-05:00
2025-01-10 10:30:00+00:00,107.640625,107.640625,107.78125,107.625,107.78125,72508.0,2025-01-10 05:30:00-05:00
2025-01-10 10:45:00+00:00,107.640625,107.640625,107.671875,107.59375,107.640625,61481.0,2025-01-10 05:45:00-05:00
2025-01-10 11:00:00+00:00,107.609375,107.609375,107.65625,107.5625,107.625,43895.0,2025-01-10 06:00:00-05:00
2025-01-10 11:15:00+00:00,107.59375,107.59375,107.640625,107.578125,107.609375,41226.0,2025-01-10 06:15:00-05:00
2025-01-10 11:30:00+00:00,107.625,107.625,107.65625,107.5625,107.59375,39078.0,2025-01-10 06:30:00-05:00
2025-01-10 11:45:00+00:00,107.59375,107.59375,107.65625,107.59375,107.640625,22656.0,2025-01-10 06:45:00-05:00
2025-01-10 12:00:00+00:00,107.5625,107.5625,107.609375,107.515625,107.609375,34613.0,2025-01-10 07:00:00-05:00
2025-01-10 12:15:00+00:00,107.5625,107.5625,107.578125,107.515625,107.5625,30421.0,2025-01-10 07:15:00-05:00
2025-01-10 12:30:00+00:00,107.625,107.625,107.65625,107.578125,107.578125,29975.0,2025-01-10 07:30:00-05:00
2025-01-10 12:45:00+00:00,107.5625,107.5625,107.625,107.546875,107.625,32201.0,2025-01-10 07:45:00-05:00
2025-01-10 13:00:00+00:00,107.484375,107.484375,107.59375,107.484375,107.578125,36711.0,2025-01-10 08:00:00-05:00
2025-01-10 13:15:00+00:00,107.484375,107.484375,107.53125,107.46875,107.484375,37032.0,2025-01-10 08:15:00-05:00
2025-01-10 13:30:00+00:00,107.484375,107.484375,107.5,107.453125,107.484375,29536.0,2025-01-10 08:30:00-05:00
2025-01-10 13:45:00+00:00,107.484375,107.484375,107.515625,107.453125,107.5,31958.0,2025-01-10 08:45:00-05:00
2025-01-10 14:00:00+00:00,107.46875,107.46875,107.5,107.4375,107.484375,23712.0,2025-01-10 09:00:00-05:00
2025-01-10 14:15:00+00:00,107.4375,107.4375,107.46875,107.421875,107.46875,30875.0,2025-01-10 09:15:00-05:00
2025-01-10 14:30:00+00:00,107.453125,107.453125,107.46875,107.4375,107.453125,19254.0,2025-01-10 09:30:00-05:00
2025-01-10 14:45:00+00:00,107.390625,107.390625,107.46875,107.375,107.4375,123256.0,2025-01-10 09:45:00-05:00
2025-01-10 15:00:00+00:00,107.390625,107.390625,107.421875,107.390625,107.40625,39143.0,2025-01-10 10:00:00-05:00
2025-01-10 15:15:00+00:00,107.375,107.375,107.40625,107.359375,107.390625,17394.0,2025-01-10 10:15:00-05:00
2025-01-10 15:30:00+00:00,107.40625,107.40625,107.421875,107.359375,107.375,24092.0,2025-01-10 10:30:00-05:00
2025-01-10 15:45:00+00:00,107.453125,107.453125,107.46875,107.40625,107.40625,45631.0,2025-01-10 10:45:00-05:00
2025-01-10 16:00:00+00:00,107.484375,107.484375,107.5,107.4375,107.453125,24155.0,2025-01-10 11:00:00-05:00
2025-01-10 16:15:00+00:00,107.453125,107.453125,107.5,107.453125,107.484375,21054.0,2025-01-10 11:15:00-05:00
2025-01-10 16:30:00+00:00,107.484375,107.484375,107.484375,107.4375,107.453125,10122.0,2025-01-10 11:30:00-05:00
2025-01-10 16:45:00+00:00,107.5,107.5,107.5,107.46875,107.484375,6529.0,2025-01-10 11:45:00-05:00
2025-01-12 18:00:00+00:00,107.40625,107.40625,107.484375,107.359375,107.484375,10181.0,2025-01-12 13:00:00-05:00
2025-01-12 18:15:00+00:00,107.390625,107.390625,107.421875,107.375,107.421875,2508.0,2025-01-12 13:15:00-05:00
2025-01-12 18:30:00+00:00,107.375,107.375,107.390625,107.359375,107.390625,3236.0,2025-01-12 13:30:00-05:00
2025-01-12 18:45:00+00:00,107.328125,107.328125,107.390625,107.3125,107.375,6406.0,2025-01-12 13:45:00-05:00
2025-01-12 19:00:00+00:00,107.359375,107.359375,107.390625,107.328125,107.34375,5761.0,2025-01-12 14:00:00-05:00
2025-01-12 19:15:00+00:00,107.375,107.375,107.390625,107.359375,107.375,1788.0,2025-01-12 14:15:00-05:00
2025-01-12 19:30:00+00:00,107.359375,107.359375,107.375,107.359375,107.375,1300.0,2025-01-12 14:30:00-05:00
2025-01-12 19:45:00+00:00,107.375,107.375,107.375,107.359375,107.359375,465.0,2025-01-12 14:45:00-05:00
2025-01-12 20:00:00+00:00,107.328125,107.328125,107.375,107.328125,107.359375,4583.0,2025-01-12 15:00:00-05:00
2025-01-12 20:15:00+00:00,107.3125,107.3125,107.34375,107.3125,107.328125,3949.0,2025-01-12 15:15:00-05:00
2025-01-12 20:30:00+00:00,107.3125,107.3125,107.328125,107.296875,107.3125,6184.0,2025-01-12 15:30:00-05:00
2025-01-12 20:45:00+00:00,107.3125,107.3125,107.34375,107.296875,107.3125,2643.0,2025-01-12 15:45:00-05:00
2025-01-12 21:00:00+00:00,107.296875,107.296875,107.328125,107.265625,107.3125,6994.0,2025-01-12 16:00:00-05:00
2025-01-12 21:15:00+00:00,107.265625,107.265625,107.3125,107.234375,107.296875,9553.0,2025-01-12 16:15:00-05:00
2025-01-12 21:30:00+00:00,107.265625,107.265625,107.265625,107.21875,107.265625,7303.0,2025-01-12 16:30:00-05:00
2025-01-12 21:45:00+00:00,107.234375,107.234375,107.265625,107.234375,107.265625,5954.0,2025-01-12 16:45:00-05:00
2025-01-12 22:00:00+00:00,107.25,107.25,107.25,107.21875,107.25,5560.0,2025-01-12 17:00:00-05:00
2025-01-12 22:15:00+00:00,107.21875,107.21875,107.25,107.21875,107.25,2955.0,2025-01-12 17:15:00-05:00
2025-01-12 22:30:00+00:00,107.25,107.25,107.25,107.21875,107.21875,2522.0,2025-01-12 17:30:00-05:00
2025-01-12 22:45:00+00:00,107.25,107.25,107.265625,107.234375,107.234375,1414.0,2025-01-12 17:45:00-05:00
2025-01-12 23:00:00+00:00,107.25,107.25,107.265625,107.234375,107.25,3562.0,2025-01-12 18:00:00-05:00
2025-01-12 23:15:00+00:00,107.234375,107.234375,107.265625,107.234375,107.25,1832.0,2025-01-12 18:15:00-05:00
2025-01-12 23:30:00+00:00,107.234375,107.234375,107.25,107.21875,107.234375,2114.0,2025-01-12 18:30:00-05:00
2025-01-12 23:45:00+00:00,107.265625,107.265625,107.265625,107.234375,107.234375,1635.0,2025-01-12 18:45:00-05:00
2025-01-13 00:00:00+00:00,107.25,107.25,107.265625,107.25,107.25,63.0,2025-01-12 19:00:00-05:00
2025-01-13 00:15:00+00:00,107.265625,107.265625,107.265625,107.25,107.25,397.0,2025-01-12 19:15:00-05:00
2025-01-13 00:30:00+00:00,107.28125,107.28125,107.28125,107.25,107.265625,2036.0,2025-01-12 19:30:00-05:00
2025-01-13 00:45:00+00:00,107.25,107.25,107.28125,107.25,107.28125,2609.0,2025-01-12 19:45:00-05:00
2025-01-13 01:00:00+00:00,107.25,107.25,107.28125,107.25,107.265625,3138.0,2025-01-12 20:00:00-05:00
2025-01-13 01:15:00+00:00,107.25,107.25,107.265625,107.25,107.265625,1237.0,2025-01-12 20:15:00-05:00
2025-01-13 01:30:00+00:00,107.234375,107.234375,107.25,107.234375,107.25,1016.0,2025-01-12 20:30:00-05:00
2025-01-13 01:45:00+00:00,107.25,107.25,107.265625,107.234375,107.234375,2043.0,2025-01-12 20:45:00-05:00
2025-01-13 02:00:00+00:00,107.28125,107.28125,107.28125,107.234375,107.25,10423.0,2025-01-12 21:00:00-05:00
2025-01-13 02:15:00+00:00,107.25,107.25,107.328125,107.25,107.28125,13965.0,2025-01-12 21:15:00-05:00
2025-01-13 02:30:00+00:00,107.234375,107.234375,107.28125,107.21875,107.265625,12115.0,2025-01-12 21:30:00-05:00
2025-01-13 02:45:00+00:00,107.296875,107.296875,107.3125,107.234375,107.234375,10564.0,2025-01-12 21:45:00-05:00
2025-01-13 03:00:00+00:00,107.296875,107.296875,107.328125,107.28125,107.28125,19647.0,2025-01-12 22:00:00-05:00
2025-01-13 03:15:00+00:00,107.28125,107.28125,107.328125,107.265625,107.28125,11828.0,2025-01-12 22:15:00-05:00
2025-01-13 03:30:00+00:00,107.234375,107.234375,107.28125,107.203125,107.28125,21351.0,2025-01-12 22:30:00-05:00
2025-01-13 03:45:00+00:00,107.234375,107.234375,107.265625,107.21875,107.234375,10633.0,2025-01-12 22:45:00-05:00
2025-01-13 04:00:00+00:00,107.25,107.25,107.265625,107.21875,107.21875,11119.0,2025-01-12 23:00:00-05:00
2025-01-13 04:15:00+00:00,107.25,107.25,107.25,107.21875,107.21900177001952,14395.0,2025-01-12 23:15:00-05:00
2025-01-13 04:30:00+00:00,107.234375,107.234375,107.265625,107.21875,107.25,14335.0,2025-01-12 23:30:00-05:00
2025-01-13 04:45:00+00:00,107.265625,107.265625,107.296875,107.21875,107.21875,10021.0,2025-01-12 23:45:00-05:00
2025-01-13 05:00:00+00:00,107.21875,107.21875,107.28125,107.21875,107.28125,9383.0,2025-01-13 00:00:00-05:00
2025-01-13 05:15:00+00:00,107.234375,107.234375,107.25,107.1875,107.234375,13666.0,2025-01-13 00:15:00-05:00
2025-01-13 05:30:00+00:00,107.25,107.25,107.28125,107.234375,107.234375,15841.0,2025-01-13 00:30:00-05:00
2025-01-13 05:45:00+00:00,107.265625,107.265625,107.296875,107.234375,107.25,6833.0,2025-01-13 00:45:00-05:00
2025-01-13 06:00:00+00:00,107.296875,107.296875,107.3125,107.25,107.265625,18826.0,2025-01-13 01:00:00-05:00
2025-01-13 06:15:00+00:00,107.3125,107.3125,107.328125,107.28125,107.296875,9531.0,2025-01-13 01:15:00-05:00
2025-01-13 06:30:00+00:00,107.265625,107.265625,107.3125,107.265625,107.3125,14472.0,2025-01-13 01:30:00-05:00
2025-01-13 06:45:00+00:00,107.28125,107.28125,107.3125,107.265625,107.28125,9521.0,2025-01-13 01:45:00-05:00
2025-01-13 07:00:00+00:00,107.3125,107.3125,107.3125,107.234375,107.28125,22400.0,2025-01-13 02:00:00-05:00
2025-01-13 07:15:00+00:00,107.328125,107.328125,107.34375,107.296875,107.296875,18903.0,2025-01-13 02:15:00-05:00
2025-01-13 07:30:00+00:00,107.421875,107.421875,107.421875,107.3125,107.34375,31809.0,2025-01-13 02:30:00-05:00
2025-01-13 07:45:00+00:00,107.4375,107.4375,107.46875,107.390625,107.40625,23335.0,2025-01-13 02:45:00-05:00
2025-01-13 08:00:00+00:00,107.421875,107.421875,107.46875,107.375,107.4375,29166.0,2025-01-13 03:00:00-05:00
2025-01-13 08:15:00+00:00,107.46875,107.46875,107.46875,107.390625,107.40625,34773.0,2025-01-13 03:15:00-05:00
2025-01-13 08:30:00+00:00,107.421875,107.421875,107.484375,107.421875,107.46875,30584.0,2025-01-13 03:30:00-05:00
2025-01-13 08:45:00+00:00,107.390625,107.390625,107.4375,107.375,107.4375,28211.0,2025-01-13 03:45:00-05:00
2025-01-13 09:00:00+00:00,107.453125,107.453125,107.46875,107.34375,107.390625,44968.0,2025-01-13 04:00:00-05:00
2025-01-13 09:15:00+00:00,107.40625,107.40625,107.46875,107.390625,107.453125,36356.0,2025-01-13 04:15:00-05:00
2025-01-13 09:30:00+00:00,107.390625,107.390625,107.421875,107.34375,107.421875,30616.0,2025-01-13 04:30:00-05:00
2025-01-13 09:45:00+00:00,107.375,107.375,107.4375,107.34375,107.390625,26375.0,2025-01-13 04:45:00-05:00
2025-01-13 10:00:00+00:00,107.390625,107.390625,107.421875,107.359375,107.359375,31579.0,2025-01-13 05:00:00-05:00
2025-01-13 10:15:00+00:00,107.296875,107.296875,107.390625,107.296875,107.390625,42096.0,2025-01-13 05:15:00-05:00
2025-01-13 10:30:00+00:00,107.359375,107.359375,107.375,107.28125,107.3125,36800.0,2025-01-13 05:30:00-05:00
2025-01-13 10:45:00+00:00,107.34375,107.34375,107.390625,107.3125,107.375,27082.0,2025-01-13 05:45:00-05:00
2025-01-13 11:00:00+00:00,107.296875,107.296875,107.359375,107.265625,107.34375,25703.0,2025-01-13 06:00:00-05:00
2025-01-13 11:15:00+00:00,107.234375,107.234375,107.296875,107.203125,107.28125,50657.0,2025-01-13 06:15:00-05:00
2025-01-13 11:30:00+00:00,107.296875,107.296875,107.3125,107.234375,107.234375,24502.0,2025-01-13 06:30:00-05:00
2025-01-13 11:45:00+00:00,107.21875,107.21875,107.296875,107.21875,107.296875,20687.0,2025-01-13 06:45:00-05:00
2025-01-13 12:00:00+00:00,107.359375,107.359375,107.390625,107.21875,107.234375,63726.0,2025-01-13 07:00:00-05:00
2025-01-13 12:15:00+00:00,107.34375,107.34375,107.390625,107.328125,107.34375,25598.0,2025-01-13 07:15:00-05:00
2025-01-13 12:30:00+00:00,107.3125,107.3125,107.390625,107.3125,107.34375,18870.0,2025-01-13 07:30:00-05:00
2025-01-13 12:45:00+00:00,107.375,107.375,107.390625,107.3125,107.328125,18864.0,2025-01-13 07:45:00-05:00
2025-01-13 13:00:00+00:00,107.359375,107.359375,107.40625,107.359375,107.375,16091.0,2025-01-13 08:00:00-05:00
2025-01-13 13:15:00+00:00,107.359375,107.359375,107.375,107.3125,107.359375,27406.0,2025-01-13 08:15:00-05:00
2025-01-13 13:30:00+00:00,107.359375,107.359375,107.390625,107.34375,107.359375,14434.0,2025-01-13 08:30:00-05:00
2025-01-13 13:45:00+00:00,107.375,107.375,107.390625,107.34375,107.375,11869.0,2025-01-13 08:45:00-05:00
2025-01-13 14:00:00+00:00,107.34375,107.34375,107.390625,107.328125,107.375,21441.0,2025-01-13 09:00:00-05:00
2025-01-13 14:15:00+00:00,107.34375,107.34375,107.359375,107.328125,107.359375,19596.0,2025-01-13 09:15:00-05:00
2025-01-13 14:30:00+00:00,107.265625,107.265625,107.34375,107.265625,107.34375,24828.0,2025-01-13 09:30:00-05:00
2025-01-13 14:45:00+00:00,107.21875,107.21875,107.28125,107.21875,107.265625,120442.0,2025-01-13 09:45:00-05:00
2025-01-13 15:00:00+00:00,107.265625,107.265625,107.3125,107.21875,107.21875,112130.0,2025-01-13 10:00:00-05:00
2025-01-13 15:15:00+00:00,107.28125,107.28125,107.28125,107.25,107.28125,22177.0,2025-01-13 10:15:00-05:00
2025-01-13 15:30:00+00:00,107.296875,107.296875,107.296875,107.265625,107.28125,20921.0,2025-01-13 10:30:00-05:00
2025-01-13 15:45:00+00:00,107.296875,107.296875,107.328125,107.28125,107.296875,30400.0,2025-01-13 10:45:00-05:00
2025-01-13 16:00:00+00:00,107.296875,107.296875,107.296875,107.265625,107.28125,17548.0,2025-01-13 11:00:00-05:00
2025-01-13 16:15:00+00:00,107.28125,107.28125,107.296875,107.25,107.296875,14639.0,2025-01-13 11:15:00-05:00
2025-01-13 16:30:00+00:00,107.296875,107.296875,107.296875,107.265625,107.28125,17707.0,2025-01-13 11:30:00-05:00
2025-01-13 16:45:00+00:00,107.34375,107.34375,107.359375,107.28125,107.28125,18220.0,2025-01-13 11:45:00-05:00
2025-01-13 18:00:00+00:00,107.421875,107.421875,107.4375,107.34375,107.359375,9368.0,2025-01-13 13:00:00-05:00
2025-01-13 18:15:00+00:00,107.421875,107.421875,107.4375,107.40625,107.4375,2922.0,2025-01-13 13:15:00-05:00
2025-01-13 18:30:00+00:00,107.46875,107.46875,107.484375,107.4375,107.4375,8346.0,2025-01-13 13:30:00-05:00
2025-01-13 18:45:00+00:00,107.453125,107.453125,107.46875,107.4375,107.453125,6589.0,2025-01-13 13:45:00-05:00
2025-01-13 19:00:00+00:00,107.453125,107.453125,107.5,107.4375,107.453125,14377.0,2025-01-13 14:00:00-05:00
2025-01-13 19:15:00+00:00,107.453125,107.453125,107.46875,107.4375,107.453125,7035.0,2025-01-13 14:15:00-05:00
2025-01-13 19:30:00+00:00,107.421875,107.421875,107.453125,107.421875,107.453125,2321.0,2025-01-13 14:30:00-05:00
2025-01-13 19:45:00+00:00,107.40625,107.40625,107.4375,107.390625,107.4375,5075.0,2025-01-13 14:45:00-05:00
2025-01-13 20:00:00+00:00,107.4375,107.4375,107.4375,107.40625,107.40625,1530.0,2025-01-13 15:00:00-05:00
2025-01-13 20:15:00+00:00,107.4375,107.4375,107.453125,107.40625,107.4375,3126.0,2025-01-13 15:15:00-05:00
2025-01-13 20:30:00+00:00,107.40625,107.40625,107.4375,107.40625,107.4375,1964.0,2025-01-13 15:30:00-05:00
2025-01-13 20:45:00+00:00,107.421875,107.421875,107.4375,107.390625,107.421875,3063.0,2025-01-13 15:45:00-05:00
2025-01-13 21:00:00+00:00,107.40625,107.40625,107.4375,107.40625,107.421875,1834.0,2025-01-13 16:00:00-05:00
2025-01-13 21:15:00+00:00,107.40625,107.40625,107.421875,107.40625,107.421875,1190.0,2025-01-13 16:15:00-05:00
2025-01-13 21:30:00+00:00,107.421875,107.421875,107.421875,107.40625,107.421875,99.0,2025-01-13 16:30:00-05:00
2025-01-13 21:45:00+00:00,107.40625,107.40625,107.4375,107.40625,107.421875,4122.0,2025-01-13 16:45:00-05:00
2025-01-13 22:00:00+00:00,107.390625,107.390625,107.40625,107.390625,107.40625,1866.0,2025-01-13 17:00:00-05:00
2025-01-13 22:15:00+00:00,107.421875,107.421875,107.421875,107.390625,107.390625,4287.0,2025-01-13 17:15:00-05:00
2025-01-13 22:30:00+00:00,107.421875,107.421875,107.4375,107.40625,107.421875,3155.0,2025-01-13 17:30:00-05:00
2025-01-13 22:45:00+00:00,107.421875,107.421875,107.4375,107.40625,107.421875,2798.0,2025-01-13 17:45:00-05:00
2025-01-13 23:00:00+00:00,107.4375,107.4375,107.453125,107.40625,107.421875,3782.0,2025-01-13 18:00:00-05:00
2025-01-13 23:15:00+00:00,107.421875,107.421875,107.4375,107.421875,107.4375,474.0,2025-01-13 18:15:00-05:00
2025-01-13 23:30:00+00:00,107.453125,107.453125,107.453125,107.421875,107.421875,3945.0,2025-01-13 18:30:00-05:00
2025-01-13 23:45:00+00:00,107.453125,107.453125,107.46875,107.4375,107.453125,3141.0,2025-01-13 18:45:00-05:00
2025-01-14 00:00:00+00:00,107.46875,107.46875,107.46875,107.4375,107.46875,4938.0,2025-01-13 19:00:00-05:00
2025-01-14 00:15:00+00:00,107.4375,107.4375,107.46875,107.421875,107.46875,2553.0,2025-01-13 19:15:00-05:00
2025-01-14 00:30:00+00:00,107.484375,107.484375,107.484375,107.421875,107.4375,6850.0,2025-01-13 19:30:00-05:00
2025-01-14 00:45:00+00:00,107.5,107.5,107.515625,107.46875,107.484375,5648.0,2025-01-13 19:45:00-05:00
2025-01-14 01:00:00+00:00,107.484375,107.484375,107.5,107.46875,107.5,3045.0,2025-01-13 20:00:00-05:00
2025-01-14 01:15:00+00:00,107.484375,107.484375,107.515625,107.484375,107.484375,3061.0,2025-01-13 20:15:00-05:00
2025-01-14 01:30:00+00:00,107.484375,107.484375,107.5,107.46875,107.484375,2824.0,2025-01-13 20:30:00-05:00
2025-01-14 01:45:00+00:00,107.46875,107.46875,107.484375,107.453125,107.46875,1127.0,2025-01-13 20:45:00-05:00
2025-01-14 02:00:00+00:00,107.453125,107.453125,107.46875,107.421875,107.453125,7281.0,2025-01-13 21:00:00-05:00
2025-01-14 02:15:00+00:00,107.484375,107.484375,107.515625,107.453125,107.453125,10029.0,2025-01-13 21:15:00-05:00
2025-01-14 02:30:00+00:00,107.484375,107.484375,107.5,107.46875,107.5,6126.0,2025-01-13 21:30:00-05:00
2025-01-14 02:45:00+00:00,107.53125,107.53125,107.546875,107.484375,107.484375,11703.0,2025-01-13 21:45:00-05:00
2025-01-14 03:00:00+00:00,107.515625,107.515625,107.578125,107.515625,107.546875,19103.0,2025-01-13 22:00:00-05:00
2025-01-14 03:15:00+00:00,107.5,107.5,107.546875,107.5,107.515625,8516.0,2025-01-13 22:15:00-05:00
2025-01-14 03:30:00+00:00,107.484375,107.484375,107.5,107.453125,107.484375,11387.0,2025-01-13 22:30:00-05:00
2025-01-14 03:45:00+00:00,107.4375,107.4375,107.5,107.421875,107.484375,9365.0,2025-01-13 22:45:00-05:00
2025-01-14 04:00:00+00:00,107.40625,107.40625,107.4375,107.390625,107.421875,7068.0,2025-01-13 23:00:00-05:00
2025-01-14 04:15:00+00:00,107.421875,107.421875,107.421875,107.390625,107.390625,9415.0,2025-01-13 23:15:00-05:00
2025-01-14 04:30:00+00:00,107.40625,107.40625,107.421875,107.375,107.40625,4809.0,2025-01-13 23:30:00-05:00
2025-01-14 04:45:00+00:00,107.40625,107.40625,107.421875,107.375,107.40625,5442.0,2025-01-13 23:45:00-05:00
2025-01-14 05:00:00+00:00,107.375,107.375,107.40625,107.359375,107.390625,7912.0,2025-01-14 00:00:00-05:00
2025-01-14 05:15:00+00:00,107.34375,107.34375,107.375,107.328125,107.375,13634.0,2025-01-14 00:15:00-05:00
2025-01-14 05:30:00+00:00,107.390625,107.390625,107.390625,107.34375,107.359375,9587.0,2025-01-14 00:30:00-05:00
2025-01-14 05:45:00+00:00,107.40625,107.40625,107.421875,107.375,107.375,12505.0,2025-01-14 00:45:00-05:00
2025-01-14 06:00:00+00:00,107.34375,107.34375,107.40625,107.34375,107.390625,7905.0,2025-01-14 01:00:00-05:00
2025-01-14 06:15:00+00:00,107.34375,107.34375,107.34375,107.3125,107.3280029296875,17232.0,2025-01-14 01:15:00-05:00
2025-01-14 06:30:00+00:00,107.328125,107.328125,107.375,107.328125,107.359375,6258.0,2025-01-14 01:30:00-05:00
2025-01-14 06:45:00+00:00,107.296875,107.296875,107.34375,107.296875,107.328125,9414.0,2025-01-14 01:45:00-05:00
2025-01-14 07:00:00+00:00,107.28125,107.28125,107.3125,107.265625,107.296875,15044.0,2025-01-14 02:00:00-05:00
2025-01-14 07:15:00+00:00,107.328125,107.328125,107.328125,107.265625,107.296875,15005.0,2025-01-14 02:15:00-05:00
2025-01-14 07:30:00+00:00,107.34375,107.34375,107.359375,107.3125,107.3125,15202.0,2025-01-14 02:30:00-05:00
2025-01-14 07:45:00+00:00,107.3125,107.3125,107.34375,107.296875,107.328125,8629.0,2025-01-14 02:45:00-05:00
2025-01-14 08:00:00+00:00,107.3125,107.3125,107.390625,107.3125,107.3125,45573.0,2025-01-14 03:00:00-05:00
2025-01-14 08:15:00+00:00,107.265625,107.265625,107.34375,107.25,107.3125,35011.0,2025-01-14 03:15:00-05:00
2025-01-14 08:30:00+00:00,107.375,107.375,107.578125,107.265625,107.265625,184485.0,2025-01-14 03:30:00-05:00
2025-01-14 08:45:00+00:00,107.375,107.375,107.40625,107.3125,107.359375,75379.0,2025-01-14 03:45:00-05:00
2025-01-14 09:00:00+00:00,107.3125,107.3125,107.390625,107.265625,107.359375,76163.0,2025-01-14 04:00:00-05:00
2025-01-14 09:15:00+00:00,107.34375,107.34375,107.40625,107.3125,107.3125,51392.0,2025-01-14 04:15:00-05:00
2025-01-14 09:30:00+00:00,107.359375,107.359375,107.4375,107.328125,107.328125,40747.0,2025-01-14 04:30:00-05:00
2025-01-14 09:45:00+00:00,107.28125,107.28125,107.359375,107.265625,107.359375,75946.0,2025-01-14 04:45:00-05:00
2025-01-14 10:00:00+00:00,107.328125,107.328125,107.359375,107.28125,107.296875,25840.0,2025-01-14 05:00:00-05:00
2025-01-14 10:15:00+00:00,107.28125,107.28125,107.359375,107.28125,107.34375,27781.0,2025-01-14 05:15:00-05:00
2025-01-14 10:30:00+00:00,107.28125,107.28125,107.34375,107.28125,107.28125,25930.0,2025-01-14 05:30:00-05:00
2025-01-14 10:45:00+00:00,107.296875,107.296875,107.328125,107.25,107.28125,37482.0,2025-01-14 05:45:00-05:00
2025-01-14 11:00:00+00:00,107.375,107.375,107.375,107.296875,107.296875,36531.0,2025-01-14 06:00:00-05:00
2025-01-14 11:15:00+00:00,107.359375,107.359375,107.40625,107.328125,107.359375,24208.0,2025-01-14 06:15:00-05:00
2025-01-14 11:30:00+00:00,107.34375,107.34375,107.390625,107.3125,107.359375,17710.0,2025-01-14 06:30:00-05:00
2025-01-14 11:45:00+00:00,107.34375,107.34375,107.359375,107.3125,107.34375,23041.0,2025-01-14 06:45:00-05:00
2025-01-14 12:00:00+00:00,107.296875,107.296875,107.375,107.296875,107.34375,18784.0,2025-01-14 07:00:00-05:00
2025-01-14 12:15:00+00:00,107.296875,107.296875,107.34375,107.265625,107.3125,18959.0,2025-01-14 07:15:00-05:00
2025-01-14 12:30:00+00:00,107.28125,107.28125,107.3125,107.265625,107.296875,20503.0,2025-01-14 07:30:00-05:00
2025-01-14 12:45:00+00:00,107.25,107.25,107.296875,107.234375,107.28125,24036.0,2025-01-14 07:45:00-05:00
2025-01-14 13:00:00+00:00,107.25,107.25,107.265625,107.21875,107.234375,24393.0,2025-01-14 08:00:00-05:00
2025-01-14 13:15:00+00:00,107.296875,107.296875,107.3125,107.25,107.25,25507.0,2025-01-14 08:15:00-05:00
2025-01-14 13:30:00+00:00,107.296875,107.296875,107.328125,107.28125,107.3125,21370.0,2025-01-14 08:30:00-05:00
2025-01-14 13:45:00+00:00,107.34375,107.34375,107.34375,107.296875,107.3125,20703.0,2025-01-14 08:45:00-05:00
2025-01-14 14:00:00+00:00,107.328125,107.328125,107.34375,107.296875,107.328125,18975.0,2025-01-14 09:00:00-05:00
2025-01-14 14:15:00+00:00,107.34375,107.34375,107.34375,107.3125,107.328125,8453.0,2025-01-14 09:15:00-05:00
2025-01-14 14:30:00+00:00,107.34375,107.34375,107.390625,107.328125,107.328125,20845.0,2025-01-14 09:30:00-05:00
2025-01-14 14:45:00+00:00,107.359375,107.359375,107.359375,107.3125,107.34375,39149.0,2025-01-14 09:45:00-05:00
2025-01-14 15:00:00+00:00,107.34375,107.34375,107.390625,107.34375,107.34375,27002.0,2025-01-14 10:00:00-05:00
2025-01-14 15:15:00+00:00,107.359375,107.359375,107.375,107.34375,107.359375,17910.0,2025-01-14 10:15:00-05:00
2025-01-14 15:30:00+00:00,107.328125,107.328125,107.359375,107.328125,107.359375,12910.0,2025-01-14 10:30:00-05:00
2025-01-14 15:45:00+00:00,107.359375,107.359375,107.375,107.3125,107.328125,32894.0,2025-01-14 10:45:00-05:00
2025-01-14 16:00:00+00:00,107.359375,107.359375,107.390625,107.34375,107.34375,24570.0,2025-01-14 11:00:00-05:00
2025-01-14 16:15:00+00:00,107.359375,107.359375,107.390625,107.34375,107.375,9177.0,2025-01-14 11:15:00-05:00
2025-01-14 16:30:00+00:00,107.3125,107.3125,107.359375,107.3125,107.359375,14439.0,2025-01-14 11:30:00-05:00
2025-01-14 16:45:00+00:00,107.3125,107.3125,107.34375,107.3125,107.3125,14182.0,2025-01-14 11:45:00-05:00
2025-01-14 18:00:00+00:00,107.328125,107.328125,107.359375,107.3125,107.328125,3581.0,2025-01-14 13:00:00-05:00
2025-01-14 18:15:00+00:00,107.34375,107.34375,107.34375,107.328125,107.328125,1533.0,2025-01-14 13:15:00-05:00
2025-01-14 18:30:00+00:00,107.34375,107.34375,107.34375,107.328125,107.328125,152.0,2025-01-14 13:30:00-05:00
2025-01-14 18:45:00+00:00,107.34375,107.34375,107.34375,107.34375,107.34375,2246.0,2025-01-14 13:45:00-05:00
2025-01-14 19:00:00+00:00,107.34375,107.34375,107.359375,107.328125,107.34375,4563.0,2025-01-14 14:00:00-05:00
2025-01-14 19:15:00+00:00,107.375,107.375,107.390625,107.34375,107.34375,3308.0,2025-01-14 14:15:00-05:00
2025-01-14 19:30:00+00:00,107.375,107.375,107.390625,107.359375,107.375,4448.0,2025-01-14 14:30:00-05:00
2025-01-14 19:45:00+00:00,107.375,107.375,107.375,107.359375,107.375,727.0,2025-01-14 14:45:00-05:00
2025-01-14 20:00:00+00:00,107.375,107.375,107.390625,107.359375,107.375,3679.0,2025-01-14 15:00:00-05:00
2025-01-14 20:15:00+00:00,107.359375,107.359375,107.375,107.359375,107.359375,2982.0,2025-01-14 15:15:00-05:00
2025-01-14 20:30:00+00:00,107.359375,107.359375,107.375,107.359375,107.359375,728.0,2025-01-14 15:30:00-05:00
2025-01-14 20:45:00+00:00,107.359375,107.359375,107.375,107.34375,107.359375,3139.0,2025-01-14 15:45:00-05:00
2025-01-14 21:00:00+00:00,107.390625,107.390625,107.390625,107.359375,107.375,2972.0,2025-01-14 16:00:00-05:00
2025-01-14 21:15:00+00:00,107.359375,107.359375,107.390625,107.359375,107.375,2320.0,2025-01-14 16:15:00-05:00
2025-01-14 21:30:00+00:00,107.359375,107.359375,107.375,107.359375,107.375,236.0,2025-01-14 16:30:00-05:00
2025-01-14 21:45:00+00:00,107.390625,107.390625,107.390625,107.359375,107.375,1921.0,2025-01-14 16:45:00-05:00
2025-01-14 22:00:00+00:00,107.375,107.375,107.390625,107.375,107.390625,196.0,2025-01-14 17:00:00-05:00
2025-01-14 22:15:00+00:00,107.375,107.375,107.390625,107.375,107.390625,2371.0,2025-01-14 17:15:00-05:00
2025-01-14 22:30:00+00:00,107.390625,107.390625,107.40625,107.375,107.390625,3023.0,2025-01-14 17:30:00-05:00
2025-01-14 22:45:00+00:00,107.40625,107.40625,107.40625,107.390625,107.390625,2423.0,2025-01-14 17:45:00-05:00
2025-01-14 23:00:00+00:00,107.40625,107.40625,107.40625,107.390625,107.390625,486.0,2025-01-14 18:00:00-05:00
2025-01-14 23:15:00+00:00,107.40625,107.40625,107.40625,107.390625,107.40625,5767.0,2025-01-14 18:15:00-05:00
2025-01-14 23:30:00+00:00,107.40625,107.40625,107.40625,107.390625,107.40625,2438.0,2025-01-14 18:30:00-05:00
2025-01-14 23:45:00+00:00,107.390625,107.390625,107.40625,107.390625,107.390625,3100.0,2025-01-14 18:45:00-05:00
2025-01-15 00:00:00+00:00,107.40625,107.40625,107.421875,107.40625,107.40625,2678.0,2025-01-14 19:00:00-05:00
2025-01-15 00:15:00+00:00,107.421875,107.421875,107.421875,107.40625,107.40625,375.0,2025-01-14 19:15:00-05:00
2025-01-15 00:30:00+00:00,107.4375,107.4375,107.4375,107.40625,107.40625,1283.0,2025-01-14 19:30:00-05:00
2025-01-15 00:45:00+00:00,107.40625,107.40625,107.4375,107.40625,107.4375,1270.0,2025-01-14 19:45:00-05:00
2025-01-15 01:00:00+00:00,107.40625,107.40625,107.421875,107.390625,107.40625,3680.0,2025-01-14 20:00:00-05:00
2025-01-15 01:15:00+00:00,107.40625,107.40625,107.40625,107.390625,107.40625,3036.0,2025-01-14 20:15:00-05:00
2025-01-15 01:30:00+00:00,107.390625,107.390625,107.421875,107.375,107.40625,3670.0,2025-01-14 20:30:00-05:00
2025-01-15 01:45:00+00:00,107.390625,107.390625,107.40625,107.375,107.390625,4474.0,2025-01-14 20:45:00-05:00
2025-01-15 02:00:00+00:00,107.453125,107.453125,107.46875,107.390625,107.390625,16287.0,2025-01-14 21:00:00-05:00
2025-01-15 02:15:00+00:00,107.484375,107.484375,107.5,107.421875,107.4375,9334.0,2025-01-14 21:15:00-05:00
2025-01-15 02:30:00+00:00,107.484375,107.484375,107.5,107.453125,107.484375,13980.0,2025-01-14 21:30:00-05:00
2025-01-15 02:45:00+00:00,107.515625,107.515625,107.515625,107.484375,107.484375,12264.0,2025-01-14 21:45:00-05:00
2025-01-15 03:00:00+00:00,107.46875,107.46875,107.515625,107.4375,107.5,22045.0,2025-01-14 22:00:00-05:00
2025-01-15 03:15:00+00:00,107.4375,107.4375,107.46875,107.421875,107.46875,6616.0,2025-01-14 22:15:00-05:00
2025-01-15 03:30:00+00:00,107.40625,107.40625,107.4375,107.390625,107.4375,15971.0,2025-01-14 22:30:00-05:00
2025-01-15 03:45:00+00:00,107.421875,107.421875,107.421875,107.375,107.40625,5966.0,2025-01-14 22:45:00-05:00
2025-01-15 04:00:00+00:00,107.4375,107.4375,107.46875,107.390625,107.40625,16288.0,2025-01-14 23:00:00-05:00
2025-01-15 04:15:00+00:00,107.484375,107.484375,107.5,107.4375,107.453125,10858.0,2025-01-14 23:15:00-05:00
2025-01-15 04:30:00+00:00,107.46875,107.46875,107.5,107.4375,107.484375,13340.0,2025-01-14 23:30:00-05:00
2025-01-15 04:45:00+00:00,107.453125,107.453125,107.5,107.4375,107.46875,7843.0,2025-01-14 23:45:00-05:00
2025-01-15 05:00:00+00:00,107.453125,107.453125,107.46875,107.4375,107.453125,4669.0,2025-01-15 00:00:00-05:00
2025-01-15 05:15:00+00:00,107.453125,107.453125,107.46875,107.4375,107.453125,5481.0,2025-01-15 00:15:00-05:00
2025-01-15 05:30:00+00:00,107.46875,107.46875,107.484375,107.4375,107.453125,6454.0,2025-01-15 00:30:00-05:00
2025-01-15 05:45:00+00:00,107.4375,107.4375,107.453125,107.421875,107.453125,5639.0,2025-01-15 00:45:00-05:00
2025-01-15 06:00:00+00:00,107.46875,107.46875,107.484375,107.453125,107.453125,4135.0,2025-01-15 01:00:00-05:00
2025-01-15 06:15:00+00:00,107.4375,107.4375,107.484375,107.4375,107.46900177001952,27418.0,2025-01-15 01:15:00-05:00
2025-01-15 06:30:00+00:00,107.484375,107.484375,107.484375,107.4375,107.453125,8112.0,2025-01-15 01:30:00-05:00
2025-01-15 06:45:00+00:00,107.515625,107.515625,107.515625,107.453125,107.46875,17171.0,2025-01-15 01:45:00-05:00
2025-01-15 07:00:00+00:00,107.53125,107.53125,107.546875,107.5,107.5,16998.0,2025-01-15 02:00:00-05:00
2025-01-15 07:15:00+00:00,107.5625,107.5625,107.5625,107.5,107.53125,16376.0,2025-01-15 02:15:00-05:00
2025-01-15 07:30:00+00:00,107.53125,107.53125,107.546875,107.515625,107.546875,17077.0,2025-01-15 02:30:00-05:00
2025-01-15 07:45:00+00:00,107.53125,107.53125,107.546875,107.5,107.53125,20892.0,2025-01-15 02:45:00-05:00
2025-01-15 08:00:00+00:00,107.53125,107.53125,107.5625,107.5,107.53125,26773.0,2025-01-15 03:00:00-05:00
2025-01-15 08:15:00+00:00,107.59375,107.59375,107.609375,107.5,107.53125,44060.0,2025-01-15 03:15:00-05:00
2025-01-15 08:30:00+00:00,107.96875,107.96875,108.0625,107.59375,107.609375,267530.0,2025-01-15 03:30:00-05:00
2025-01-15 08:45:00+00:00,108.140625,108.140625,108.203125,107.9375,107.96875,202185.0,2025-01-15 03:45:00-05:00
2025-01-15 09:00:00+00:00,108.140625,108.140625,108.203125,108.09375,108.140625,114978.0,2025-01-15 04:00:00-05:00
2025-01-15 09:15:00+00:00,108.296875,108.296875,108.34375,108.140625,108.15625,152771.0,2025-01-15 04:15:00-05:00
2025-01-15 09:30:00+00:00,108.296875,108.296875,108.328125,108.21875,108.296875,95243.0,2025-01-15 04:30:00-05:00
2025-01-15 09:45:00+00:00,108.3125,108.3125,108.328125,108.25,108.296875,89371.0,2025-01-15 04:45:00-05:00
2025-01-15 10:00:00+00:00,108.328125,108.328125,108.34375,108.234375,108.3125,93939.0,2025-01-15 05:00:00-05:00
2025-01-15 10:15:00+00:00,108.375,108.375,108.40625,108.328125,108.328125,55532.0,2025-01-15 05:15:00-05:00
2025-01-15 10:30:00+00:00,108.328125,108.328125,108.40625,108.3125,108.375,46585.0,2025-01-15 05:30:00-05:00
2025-01-15 10:45:00+00:00,108.265625,108.265625,108.34375,108.234375,108.328125,66073.0,2025-01-15 05:45:00-05:00
2025-01-15 11:00:00+00:00,108.21875,108.21875,108.296875,108.171875,108.265625,58694.0,2025-01-15 06:00:00-05:00
2025-01-15 11:15:00+00:00,108.203125,108.203125,108.265625,108.171875,108.21875,48458.0,2025-01-15 06:15:00-05:00
2025-01-15 11:30:00+00:00,108.203125,108.203125,108.234375,108.15625,108.1875,53355.0,2025-01-15 06:30:00-05:00
2025-01-15 11:45:00+00:00,108.1875,108.1875,108.21875,108.140625,108.1875,43634.0,2025-01-15 06:45:00-05:00
2025-01-15 12:00:00+00:00,108.21875,108.21875,108.25,108.171875,108.1875,19269.0,2025-01-15 07:00:00-05:00
2025-01-15 12:15:00+00:00,108.265625,108.265625,108.296875,108.21875,108.234375,30012.0,2025-01-15 07:15:00-05:00
2025-01-15 12:30:00+00:00,108.265625,108.265625,108.296875,108.25,108.28125,20211.0,2025-01-15 07:30:00-05:00
2025-01-15 12:45:00+00:00,108.25,108.25,108.28125,108.21875,108.28125,18121.0,2025-01-15 07:45:00-05:00
2025-01-15 13:00:00+00:00,108.21875,108.21875,108.25,108.203125,108.25,17814.0,2025-01-15 08:00:00-05:00
2025-01-15 13:15:00+00:00,108.28125,108.28125,108.34375,108.21875,108.21875,39800.0,2025-01-15 08:15:00-05:00
2025-01-15 13:30:00+00:00,108.28125,108.28125,108.296875,108.265625,108.28125,21724.0,2025-01-15 08:30:00-05:00
2025-01-15 13:45:00+00:00,108.3125,108.3125,108.328125,108.28125,108.296875,16670.0,2025-01-15 08:45:00-05:00
2025-01-15 14:00:00+00:00,108.28125,108.28125,108.328125,108.265625,108.296875,26137.0,2025-01-15 09:00:00-05:00
2025-01-15 14:15:00+00:00,108.328125,108.328125,108.34375,108.265625,108.28125,17523.0,2025-01-15 09:15:00-05:00
2025-01-15 14:30:00+00:00,108.296875,108.296875,108.328125,108.28125,108.328125,25079.0,2025-01-15 09:30:00-05:00
2025-01-15 14:45:00+00:00,108.328125,108.328125,108.34375,108.296875,108.296875,93903.0,2025-01-15 09:45:00-05:00
2025-01-15 15:00:00+00:00,108.28125,108.28125,108.328125,108.265625,108.3125,41670.0,2025-01-15 10:00:00-05:00
2025-01-15 15:15:00+00:00,108.296875,108.296875,108.3125,108.265625,108.28125,25582.0,2025-01-15 10:15:00-05:00
2025-01-15 15:30:00+00:00,108.3125,108.3125,108.34375,108.28125,108.28125,46785.0,2025-01-15 10:30:00-05:00
2025-01-15 15:45:00+00:00,108.34375,108.34375,108.34375,108.296875,108.3125,55328.0,2025-01-15 10:45:00-05:00
2025-01-15 16:00:00+00:00,108.328125,108.328125,108.359375,108.296875,108.34375,31824.0,2025-01-15 11:00:00-05:00
2025-01-15 16:15:00+00:00,108.296875,108.296875,108.34375,108.296875,108.328125,23867.0,2025-01-15 11:15:00-05:00
2025-01-15 16:30:00+00:00,108.28125,108.28125,108.3125,108.28125,108.3125,24203.0,2025-01-15 11:30:00-05:00
2025-01-15 16:45:00+00:00,108.296875,108.296875,108.3125,108.28125,108.296875,11564.0,2025-01-15 11:45:00-05:00
2025-01-15 18:00:00+00:00,108.28125,108.28125,108.3125,108.265625,108.296875,3422.0,2025-01-15 13:00:00-05:00
2025-01-15 18:15:00+00:00,108.296875,108.296875,108.3125,108.265625,108.265625,2241.0,2025-01-15 13:15:00-05:00
2025-01-15 18:30:00+00:00,108.28125,108.28125,108.296875,108.265625,108.296875,3564.0,2025-01-15 13:30:00-05:00
2025-01-15 18:45:00+00:00,108.296875,108.296875,108.296875,108.265625,108.28125,2087.0,2025-01-15 13:45:00-05:00
2025-01-15 19:00:00+00:00,108.265625,108.265625,108.296875,108.25,108.296875,4791.0,2025-01-15 14:00:00-05:00
2025-01-15 19:15:00+00:00,108.265625,108.265625,108.28125,108.25,108.265625,6031.0,2025-01-15 14:15:00-05:00
2025-01-15 19:30:00+00:00,108.265625,108.265625,108.3125,108.234375,108.265625,9953.0,2025-01-15 14:30:00-05:00
2025-01-15 19:45:00+00:00,108.25,108.25,108.265625,108.234375,108.265625,6113.0,2025-01-15 14:45:00-05:00
2025-01-15 20:00:00+00:00,108.234375,108.234375,108.265625,108.21875,108.25,4645.0,2025-01-15 15:00:00-05:00
2025-01-15 20:15:00+00:00,108.234375,108.234375,108.25,108.21875,108.234375,9316.0,2025-01-15 15:15:00-05:00
2025-01-15 20:30:00+00:00,108.234375,108.234375,108.25,108.21875,108.234375,4466.0,2025-01-15 15:30:00-05:00
2025-01-15 20:45:00+00:00,108.25,108.25,108.265625,108.234375,108.234375,4972.0,2025-01-15 15:45:00-05:00
2025-01-15 21:00:00+00:00,108.25,108.25,108.28125,108.21875,108.25,7831.0,2025-01-15 16:00:00-05:00
2025-01-15 21:15:00+00:00,108.25,108.25,108.25,108.234375,108.25,2480.0,2025-01-15 16:15:00-05:00
2025-01-15 21:30:00+00:00,108.25,108.25,108.25,108.21875,108.25,3905.0,2025-01-15 16:30:00-05:00
2025-01-15 21:45:00+00:00,108.25,108.25,108.265625,108.234375,108.265625,1540.0,2025-01-15 16:45:00-05:00
2025-01-15 22:00:00+00:00,108.265625,108.265625,108.28125,108.234375,108.25,4588.0,2025-01-15 17:00:00-05:00
2025-01-15 22:15:00+00:00,108.234375,108.234375,108.265625,108.234375,108.265625,2224.0,2025-01-15 17:15:00-05:00
2025-01-15 22:30:00+00:00,108.265625,108.265625,108.265625,108.234375,108.234375,2807.0,2025-01-15 17:30:00-05:00
2025-01-15 22:45:00+00:00,108.28125,108.28125,108.296875,108.265625,108.265625,3616.0,2025-01-15 17:45:00-05:00
2025-01-15 23:00:00+00:00,108.28125,108.28125,108.296875,108.28125,108.296875,2402.0,2025-01-15 18:00:00-05:00
2025-01-15 23:15:00+00:00,108.28125,108.28125,108.28125,108.265625,108.28125,1894.0,2025-01-15 18:15:00-05:00
2025-01-15 23:30:00+00:00,108.25,108.25,108.28125,108.234375,108.28125,7884.0,2025-01-15 18:30:00-05:00
2025-01-15 23:45:00+00:00,108.25,108.25,108.25,108.21875,108.234375,2488.0,2025-01-15 18:45:00-05:00
2025-01-16 00:00:00+00:00,108.28125,108.28125,108.28125,108.25,108.25,2457.0,2025-01-15 19:00:00-05:00
2025-01-16 00:15:00+00:00,108.28125,108.28125,108.28125,108.265625,108.28125,3867.0,2025-01-15 19:15:00-05:00
2025-01-16 00:30:00+00:00,108.265625,108.265625,108.265625,108.234375,108.265625,2724.0,2025-01-15 19:30:00-05:00
2025-01-16 00:45:00+00:00,108.265625,108.265625,108.265625,108.25,108.265625,495.0,2025-01-15 19:45:00-05:00
2025-01-16 01:00:00+00:00,108.25,108.25,108.265625,108.234375,108.25,4084.0,2025-01-15 20:00:00-05:00
2025-01-16 01:15:00+00:00,108.25,108.25,108.25,108.234375,108.25,1354.0,2025-01-15 20:15:00-05:00
2025-01-16 01:30:00+00:00,108.28125,108.28125,108.28125,108.234375,108.25,7008.0,2025-01-15 20:30:00-05:00
2025-01-16 01:45:00+00:00,108.3125,108.3125,108.328125,108.265625,108.265625,8873.0,2025-01-15 20:45:00-05:00
2025-01-16 02:00:00+00:00,108.28125,108.28125,108.296875,108.25,108.296875,8315.0,2025-01-15 21:00:00-05:00
2025-01-16 02:15:00+00:00,108.25,108.25,108.28125,108.234375,108.28125,6722.0,2025-01-15 21:15:00-05:00
2025-01-16 02:30:00+00:00,108.234375,108.234375,108.265625,108.21875,108.25,4784.0,2025-01-15 21:30:00-05:00
2025-01-16 02:45:00+00:00,108.203125,108.203125,108.265625,108.1875,108.234375,17278.0,2025-01-15 21:45:00-05:00
2025-01-16 03:00:00+00:00,108.234375,108.234375,108.265625,108.1875,108.203125,16656.0,2025-01-15 22:00:00-05:00
2025-01-16 03:15:00+00:00,108.203125,108.203125,108.25,108.171875,108.234375,17621.0,2025-01-15 22:15:00-05:00
2025-01-16 03:30:00+00:00,108.1875,108.1875,108.203125,108.171875,108.203125,15840.0,2025-01-15 22:30:00-05:00
2025-01-16 03:45:00+00:00,108.203125,108.203125,108.21875,108.171875,108.1875,12018.0,2025-01-15 22:45:00-05:00
2025-01-16 04:00:00+00:00,108.1875,108.1875,108.203125,108.171875,108.203125,9496.0,2025-01-15 23:00:00-05:00
2025-01-16 04:15:00+00:00,108.171875,108.171875,108.203125,108.15625,108.171875,11559.0,2025-01-15 23:15:00-05:00
2025-01-16 04:30:00+00:00,108.171875,108.171875,108.1875,108.15625,108.15625,8719.0,2025-01-15 23:30:00-05:00
2025-01-16 04:45:00+00:00,108.21875,108.21875,108.25,108.171875,108.1875,13074.0,2025-01-15 23:45:00-05:00
2025-01-16 05:00:00+00:00,108.21875,108.21875,108.234375,108.203125,108.21875,10157.0,2025-01-16 00:00:00-05:00
2025-01-16 05:15:00+00:00,108.234375,108.234375,108.234375,108.203125,108.21875,3748.0,2025-01-16 00:15:00-05:00
2025-01-16 05:30:00+00:00,108.25,108.25,108.265625,108.234375,108.25,5398.0,2025-01-16 00:30:00-05:00
2025-01-16 05:45:00+00:00,108.265625,108.265625,108.265625,108.234375,108.25,5425.0,2025-01-16 00:45:00-05:00
2025-01-16 06:00:00+00:00,108.203125,108.203125,108.265625,108.203125,108.265625,7524.0,2025-01-16 01:00:00-05:00
2025-01-16 06:15:00+00:00,108.21875,108.21875,108.25,108.203125,108.203125,5970.0,2025-01-16 01:15:00-05:00
2025-01-16 06:30:00+00:00,108.1875,108.1875,108.234375,108.1875,108.21875,11805.0,2025-01-16 01:30:00-05:00
2025-01-16 06:45:00+00:00,108.203125,108.203125,108.21875,108.171875,108.1875,12522.0,2025-01-16 01:45:00-05:00
2025-01-16 07:00:00+00:00,108.140625,108.140625,108.21875,108.140625,108.203125,16108.0,2025-01-16 02:00:00-05:00
2025-01-16 07:15:00+00:00,108.109375,108.109375,108.171875,108.09375,108.140625,27174.0,2025-01-16 02:15:00-05:00
2025-01-16 07:30:00+00:00,108.09375,108.09375,108.125,108.09375,108.125,13604.0,2025-01-16 02:30:00-05:00
2025-01-16 07:45:00+00:00,108.09375,108.09375,108.109375,108.0625,108.09375,24304.0,2025-01-16 02:45:00-05:00
2025-01-16 08:00:00+00:00,108.078125,108.078125,108.09375,108.03125,108.078125,35660.0,2025-01-16 03:00:00-05:00
2025-01-16 08:15:00+00:00,108.0,108.0,108.09375,108.0,108.078125,55935.0,2025-01-16 03:15:00-05:00
2025-01-16 08:30:00+00:00,108.203125,108.203125,108.234375,108.03125,108.03125,160472.0,2025-01-16 03:30:00-05:00
2025-01-16 08:45:00+00:00,108.21875,108.21875,108.28125,108.171875,108.203125,49878.0,2025-01-16 03:45:00-05:00
2025-01-16 09:00:00+00:00,108.203125,108.203125,108.234375,108.15625,108.203125,42362.0,2025-01-16 04:00:00-05:00
2025-01-16 09:15:00+00:00,108.21875,108.21875,108.3125,108.1875,108.203125,68409.0,2025-01-16 04:15:00-05:00
2025-01-16 09:30:00+00:00,108.203125,108.203125,108.234375,108.171875,108.234375,40093.0,2025-01-16 04:30:00-05:00
2025-01-16 09:45:00+00:00,108.15625,108.15625,108.21875,108.109375,108.21875,43668.0,2025-01-16 04:45:00-05:00
2025-01-16 10:00:00+00:00,108.296875,108.296875,108.34375,108.125,108.171875,144553.0,2025-01-16 05:00:00-05:00
2025-01-16 10:15:00+00:00,108.390625,108.390625,108.453125,108.265625,108.296875,86174.0,2025-01-16 05:15:00-05:00
2025-01-16 10:30:00+00:00,108.453125,108.453125,108.46875,108.375,108.390625,57807.0,2025-01-16 05:30:00-05:00
2025-01-16 10:45:00+00:00,108.46875,108.46875,108.46875,108.390625,108.453125,48332.0,2025-01-16 05:45:00-05:00
2025-01-16 11:00:00+00:00,108.59375,108.59375,108.625,108.453125,108.46875,118309.0,2025-01-16 06:00:00-05:00
2025-01-16 11:15:00+00:00,108.59375,108.59375,108.625,108.53125,108.578125,83972.0,2025-01-16 06:15:00-05:00
2025-01-16 11:30:00+00:00,108.625,108.625,108.65625,108.5625,108.59375,38899.0,2025-01-16 06:30:00-05:00
2025-01-16 11:45:00+00:00,108.578125,108.578125,108.671875,108.5625,108.640625,49930.0,2025-01-16 06:45:00-05:00
2025-01-16 12:00:00+00:00,108.609375,108.609375,108.609375,108.53125,108.578125,42184.0,2025-01-16 07:00:00-05:00
2025-01-16 12:15:00+00:00,108.65625,108.65625,108.65625,108.578125,108.609375,38126.0,2025-01-16 07:15:00-05:00
2025-01-16 12:30:00+00:00,108.609375,108.609375,108.6875,108.609375,108.65625,44378.0,2025-01-16 07:30:00-05:00
2025-01-16 12:45:00+00:00,108.609375,108.609375,108.65625,108.59375,108.609375,31974.0,2025-01-16 07:45:00-05:00
2025-01-16 13:00:00+00:00,108.65625,108.65625,108.65625,108.59375,108.609375,17813.0,2025-01-16 08:00:00-05:00
2025-01-16 13:15:00+00:00,108.609375,108.609375,108.65625,108.59375,108.65625,12278.0,2025-01-16 08:15:00-05:00
2025-01-16 13:30:00+00:00,108.625,108.625,108.640625,108.59375,108.59375,28336.0,2025-01-16 08:30:00-05:00
2025-01-16 13:45:00+00:00,108.640625,108.640625,108.671875,108.609375,108.640625,33888.0,2025-01-16 08:45:00-05:00
2025-01-16 14:00:00+00:00,108.671875,108.671875,108.71875,108.640625,108.640625,37615.0,2025-01-16 09:00:00-05:00
2025-01-16 14:15:00+00:00,108.71875,108.71875,108.75,108.671875,108.671875,58062.0,2025-01-16 09:15:00-05:00
2025-01-16 14:30:00+00:00,108.703125,108.703125,108.734375,108.6875,108.71875,28340.0,2025-01-16 09:30:00-05:00
2025-01-16 14:45:00+00:00,108.609375,108.609375,108.703125,108.59375,108.6875,119679.0,2025-01-16 09:45:00-05:00
2025-01-16 15:00:00+00:00,108.59375,108.59375,108.640625,108.59375,108.609375,50128.0,2025-01-16 10:00:00-05:00
2025-01-16 15:15:00+00:00,108.640625,108.640625,108.65625,108.59375,108.609375,21284.0,2025-01-16 10:15:00-05:00
2025-01-16 15:30:00+00:00,108.609375,108.609375,108.640625,108.59375,108.640625,17808.0,2025-01-16 10:30:00-05:00
2025-01-16 15:45:00+00:00,108.59375,108.59375,108.625,108.578125,108.609375,39995.0,2025-01-16 10:45:00-05:00
2025-01-16 16:00:00+00:00,108.578125,108.578125,108.59375,108.546875,108.59375,30107.0,2025-01-16 11:00:00-05:00
2025-01-16 16:15:00+00:00,108.59375,108.59375,108.59375,108.5625,108.578125,9523.0,2025-01-16 11:15:00-05:00
2025-01-16 16:30:00+00:00,108.609375,108.609375,108.609375,108.5625,108.578125,22065.0,2025-01-16 11:30:00-05:00
2025-01-16 16:45:00+00:00,108.59375,108.59375,108.59375,108.5625,108.59375,5315.0,2025-01-16 11:45:00-05:00
2025-01-16 18:00:00+00:00,108.546875,108.546875,108.59375,108.53125,108.5625,1801.0,2025-01-16 13:00:00-05:00
2025-01-16 18:15:00+00:00,108.53125,108.53125,108.5625,108.53125,108.546875,2493.0,2025-01-16 13:15:00-05:00
2025-01-16 18:30:00+00:00,108.546875,108.546875,108.546875,108.515625,108.546875,3459.0,2025-01-16 13:30:00-05:00
2025-01-16 18:45:00+00:00,108.53125,108.53125,108.546875,108.515625,108.53125,2255.0,2025-01-16 13:45:00-05:00
2025-01-16 19:00:00+00:00,108.546875,108.546875,108.5625,108.53125,108.53125,6511.0,2025-01-16 14:00:00-05:00
2025-01-16 19:15:00+00:00,108.5625,108.5625,108.59375,108.546875,108.5625,10972.0,2025-01-16 14:15:00-05:00
2025-01-16 19:30:00+00:00,108.5625,108.5625,108.59375,108.5625,108.578125,1900.0,2025-01-16 14:30:00-05:00
2025-01-16 19:45:00+00:00,108.578125,108.578125,108.59375,108.5625,108.5625,4623.0,2025-01-16 14:45:00-05:00
2025-01-16 20:00:00+00:00,108.59375,108.59375,108.609375,108.546875,108.578125,11706.0,2025-01-16 15:00:00-05:00
2025-01-16 20:15:00+00:00,108.59375,108.59375,108.609375,108.578125,108.609375,2572.0,2025-01-16 15:15:00-05:00
2025-01-16 20:30:00+00:00,108.59375,108.59375,108.609375,108.578125,108.59375,2163.0,2025-01-16 15:30:00-05:00
2025-01-16 20:45:00+00:00,108.609375,108.609375,108.609375,108.59375,108.59375,3766.0,2025-01-16 15:45:00-05:00
2025-01-16 21:00:00+00:00,108.5625,108.5625,108.609375,108.5625,108.59375,3168.0,2025-01-16 16:00:00-05:00
2025-01-16 21:15:00+00:00,108.609375,108.609375,108.609375,108.578125,108.578125,1441.0,2025-01-16 16:15:00-05:00
2025-01-16 21:30:00+00:00,108.609375,108.609375,108.609375,108.59375,108.59375,2209.0,2025-01-16 16:30:00-05:00
2025-01-16 21:45:00+00:00,108.59375,108.59375,108.609375,108.578125,108.609375,2042.0,2025-01-16 16:45:00-05:00
2025-01-16 22:00:00+00:00,108.609375,108.609375,108.609375,108.59375,108.59375,867.0,2025-01-16 17:00:00-05:00
2025-01-16 22:15:00+00:00,108.59375,108.59375,108.59375,108.578125,108.59375,3407.0,2025-01-16 17:15:00-05:00
2025-01-16 22:30:00+00:00,108.578125,108.578125,108.59375,108.578125,108.578125,3438.0,2025-01-16 17:30:00-05:00
2025-01-16 22:45:00+00:00,108.578125,108.578125,108.59375,108.5625,108.578125,2148.0,2025-01-16 17:45:00-05:00
2025-01-16 23:00:00+00:00,108.578125,108.578125,108.578125,108.546875,108.5625,5996.0,2025-01-16 18:00:00-05:00
2025-01-16 23:15:00+00:00,108.59375,108.59375,108.59375,108.5625,108.578125,4711.0,2025-01-16 18:15:00-05:00
2025-01-16 23:30:00+00:00,108.59375,108.59375,108.609375,108.578125,108.578125,2076.0,2025-01-16 18:30:00-05:00
2025-01-16 23:45:00+00:00,108.59375,108.59375,108.59375,108.578125,108.59375,1431.0,2025-01-16 18:45:00-05:00
2025-01-17 00:00:00+00:00,108.59375,108.59375,108.59375,108.578125,108.59375,607.0,2025-01-16 19:00:00-05:00
2025-01-17 00:15:00+00:00,108.5625,108.5625,108.59375,108.5625,108.578125,1219.0,2025-01-16 19:15:00-05:00
2025-01-17 00:30:00+00:00,108.5625,108.5625,108.5625,108.546875,108.5625,2319.0,2025-01-16 19:30:00-05:00
2025-01-17 00:45:00+00:00,108.578125,108.578125,108.578125,108.5625,108.5625,1595.0,2025-01-16 19:45:00-05:00
2025-01-17 01:00:00+00:00,108.578125,108.578125,108.59375,108.5625,108.578125,6189.0,2025-01-16 20:00:00-05:00
2025-01-17 01:15:00+00:00,108.5625,108.5625,108.578125,108.546875,108.578125,2889.0,2025-01-16 20:15:00-05:00
2025-01-17 01:30:00+00:00,108.5625,108.5625,108.578125,108.546875,108.5625,1934.0,2025-01-16 20:30:00-05:00
2025-01-17 01:45:00+00:00,108.5625,108.5625,108.578125,108.546875,108.5625,2584.0,2025-01-16 20:45:00-05:00
2025-01-17 02:00:00+00:00,108.609375,108.609375,108.625,108.5625,108.5625,9082.0,2025-01-16 21:00:00-05:00
2025-01-17 02:15:00+00:00,108.546875,108.546875,108.640625,108.546875,108.609375,9122.0,2025-01-16 21:15:00-05:00
2025-01-17 02:30:00+00:00,108.625,108.625,108.625,108.546875,108.546875,5282.0,2025-01-16 21:30:00-05:00
2025-01-17 02:45:00+00:00,108.640625,108.640625,108.65625,108.59375,108.609375,8872.0,2025-01-16 21:45:00-05:00
2025-01-17 03:00:00+00:00,108.671875,108.671875,108.703125,108.640625,108.640625,23723.0,2025-01-16 22:00:00-05:00
2025-01-17 03:15:00+00:00,108.640625,108.640625,108.703125,108.640625,108.671875,12375.0,2025-01-16 22:15:00-05:00
2025-01-17 03:30:00+00:00,108.671875,108.671875,108.6875,108.640625,108.65625,8270.0,2025-01-16 22:30:00-05:00
2025-01-17 03:45:00+00:00,108.65625,108.65625,108.671875,108.640625,108.671875,7271.0,2025-01-16 22:45:00-05:00
2025-01-17 04:00:00+00:00,108.6875,108.6875,108.703125,108.640625,108.640625,9787.0,2025-01-16 23:00:00-05:00
2025-01-17 04:15:00+00:00,108.65625,108.65625,108.6875,108.640625,108.6875,11114.0,2025-01-16 23:15:00-05:00
2025-01-17 04:30:00+00:00,108.609375,108.609375,108.65625,108.609375,108.65625,4818.0,2025-01-16 23:30:00-05:00
2025-01-17 04:45:00+00:00,108.625,108.625,108.640625,108.59375,108.609375,15240.0,2025-01-16 23:45:00-05:00
2025-01-17 05:00:00+00:00,108.640625,108.640625,108.640625,108.609375,108.625,4107.0,2025-01-17 00:00:00-05:00
2025-01-17 05:15:00+00:00,108.65625,108.65625,108.6875,108.640625,108.640625,12208.0,2025-01-17 00:15:00-05:00
2025-01-17 05:30:00+00:00,108.640625,108.640625,108.671875,108.625,108.65625,5683.0,2025-01-17 00:30:00-05:00
2025-01-17 05:45:00+00:00,108.640625,108.640625,108.65625,108.625,108.640625,7077.0,2025-01-17 00:45:00-05:00
2025-01-17 06:00:00+00:00,108.65625,108.65625,108.6875,108.65625,108.65625,9324.0,2025-01-17 01:00:00-05:00
2025-01-17 06:15:00+00:00,108.703125,108.703125,108.71875,108.671875,108.671875,11946.0,2025-01-17 01:15:00-05:00
2025-01-17 06:30:00+00:00,108.6875,108.6875,108.734375,108.671875,108.703125,10884.0,2025-01-17 01:30:00-05:00
2025-01-17 06:45:00+00:00,108.734375,108.734375,108.734375,108.671875,108.6875,6866.0,2025-01-17 01:45:00-05:00
2025-01-17 07:00:00+00:00,108.734375,108.734375,108.75,108.71875,108.734375,13498.0,2025-01-17 02:00:00-05:00
2025-01-17 07:15:00+00:00,108.78125,108.78125,108.796875,108.71875,108.75,26692.0,2025-01-17 02:15:00-05:00
2025-01-17 07:30:00+00:00,108.734375,108.734375,108.796875,108.71875,108.765625,20539.0,2025-01-17 02:30:00-05:00
2025-01-17 07:45:00+00:00,108.765625,108.765625,108.765625,108.71875,108.75,12696.0,2025-01-17 02:45:00-05:00
2025-01-17 08:00:00+00:00,108.84375,108.84375,108.84375,108.75,108.765625,71986.0,2025-01-17 03:00:00-05:00
2025-01-17 08:15:00+00:00,108.84375,108.84375,108.859375,108.796875,108.828125,52029.0,2025-01-17 03:15:00-05:00
2025-01-17 08:30:00+00:00,108.8125,108.8125,108.828125,108.75,108.828125,43587.0,2025-01-17 03:30:00-05:00
2025-01-17 08:45:00+00:00,108.734375,108.734375,108.8125,108.71875,108.796875,57294.0,2025-01-17 03:45:00-05:00
2025-01-17 09:00:00+00:00,108.703125,108.703125,108.765625,108.703125,108.734375,33738.0,2025-01-17 04:00:00-05:00
2025-01-17 09:15:00+00:00,108.625,108.625,108.71875,108.5625,108.703125,85085.0,2025-01-17 04:15:00-05:00
2025-01-17 09:30:00+00:00,108.5625,108.5625,108.65625,108.53125,108.609375,60308.0,2025-01-17 04:30:00-05:00
2025-01-17 09:45:00+00:00,108.5625,108.5625,108.609375,108.53125,108.5625,34161.0,2025-01-17 04:45:00-05:00
2025-01-17 10:00:00+00:00,108.640625,108.640625,108.640625,108.5625,108.5625,31846.0,2025-01-17 05:00:00-05:00
2025-01-17 10:15:00+00:00,108.6875,108.6875,108.6875,108.609375,108.640625,37343.0,2025-01-17 05:15:00-05:00
2025-01-17 10:30:00+00:00,108.609375,108.609375,108.671875,108.59375,108.671875,33183.0,2025-01-17 05:30:00-05:00
2025-01-17 10:45:00+00:00,108.59375,108.59375,108.625,108.578125,108.609375,21588.0,2025-01-17 05:45:00-05:00
2025-01-17 11:00:00+00:00,108.546875,108.546875,108.609375,108.546875,108.609375,30169.0,2025-01-17 06:00:00-05:00
2025-01-17 11:15:00+00:00,108.515625,108.515625,108.5625,108.5,108.5625,31375.0,2025-01-17 06:15:00-05:00
2025-01-17 11:30:00+00:00,108.5,108.5,108.546875,108.484375,108.53125,25523.0,2025-01-17 06:30:00-05:00
2025-01-17 11:45:00+00:00,108.46875,108.46875,108.53125,108.453125,108.5,38576.0,2025-01-17 06:45:00-05:00
2025-01-17 12:00:00+00:00,108.53125,108.53125,108.53125,108.46875,108.46875,18696.0,2025-01-17 07:00:00-05:00
2025-01-17 12:15:00+00:00,108.53125,108.53125,108.53125,108.484375,108.515625,13638.0,2025-01-17 07:15:00-05:00
2025-01-17 12:30:00+00:00,108.5625,108.5625,108.5625,108.53125,108.53125,19544.0,2025-01-17 07:30:00-05:00
2025-01-17 12:45:00+00:00,108.5625,108.5625,108.59375,108.53125,108.5625,25584.0,2025-01-17 07:45:00-05:00
2025-01-17 13:00:00+00:00,108.609375,108.609375,108.609375,108.5625,108.578125,18603.0,2025-01-17 08:00:00-05:00
2025-01-17 13:15:00+00:00,108.609375,108.609375,108.640625,108.59375,108.609375,17252.0,2025-01-17 08:15:00-05:00
2025-01-17 13:30:00+00:00,108.578125,108.578125,108.625,108.5625,108.625,15071.0,2025-01-17 08:30:00-05:00
2025-01-17 13:45:00+00:00,108.5625,108.5625,108.59375,108.5625,108.578125,8904.0,2025-01-17 08:45:00-05:00
2025-01-17 14:00:00+00:00,108.546875,108.546875,108.59375,108.546875,108.5625,16623.0,2025-01-17 09:00:00-05:00
2025-01-17 14:15:00+00:00,108.53125,108.53125,108.5625,108.5,108.546875,28604.0,2025-01-17 09:15:00-05:00
2025-01-17 14:30:00+00:00,108.546875,108.546875,108.5625,108.515625,108.53125,16378.0,2025-01-17 09:30:00-05:00
2025-01-17 14:45:00+00:00,108.5625,108.5625,108.5625,108.515625,108.546875,50319.0,2025-01-17 09:45:00-05:00
2025-01-17 15:00:00+00:00,108.53125,108.53125,108.59375,108.53125,108.546875,41371.0,2025-01-17 10:00:00-05:00
2025-01-17 15:15:00+00:00,108.546875,108.546875,108.578125,108.53125,108.53125,15918.0,2025-01-17 10:15:00-05:00
2025-01-17 15:30:00+00:00,108.546875,108.546875,108.5625,108.53125,108.546875,13828.0,2025-01-17 10:30:00-05:00
2025-01-17 15:45:00+00:00,108.53125,108.53125,108.546875,108.515625,108.53125,25552.0,2025-01-17 10:45:00-05:00
2025-01-17 16:00:00+00:00,108.484375,108.484375,108.546875,108.46875,108.546875,26036.0,2025-01-17 11:00:00-05:00
2025-01-17 16:15:00+00:00,108.46875,108.46875,108.5,108.453125,108.5,12931.0,2025-01-17 11:15:00-05:00
2025-01-17 16:30:00+00:00,108.46875,108.46875,108.484375,108.453125,108.46875,12041.0,2025-01-17 11:30:00-05:00
2025-01-17 16:45:00+00:00,108.40625,108.40625,108.46875,108.40599822998048,108.46875,33214.0,2025-01-17 11:45:00-05:00
2025-01-19 18:00:00+00:00,108.390625,108.390625,108.4375,108.375,108.4375,6220.0,2025-01-19 13:00:00-05:00
2025-01-19 18:15:00+00:00,108.40625,108.40625,108.40625,108.359375,108.390625,5207.0,2025-01-19 13:15:00-05:00
2025-01-19 18:30:00+00:00,108.40625,108.40625,108.421875,108.390625,108.40625,737.0,2025-01-19 13:30:00-05:00
2025-01-19 18:45:00+00:00,108.421875,108.421875,108.421875,108.40625,108.40625,966.0,2025-01-19 13:45:00-05:00
2025-01-19 19:00:00+00:00,108.4375,108.4375,108.4375,108.40625,108.421875,1623.0,2025-01-19 14:00:00-05:00
2025-01-19 19:15:00+00:00,108.421875,108.421875,108.4375,108.40625,108.4375,899.0,2025-01-19 14:15:00-05:00
2025-01-19 19:30:00+00:00,108.40625,108.40625,108.421875,108.375,108.40625,3107.0,2025-01-19 14:30:00-05:00
2025-01-19 19:45:00+00:00,108.421875,108.421875,108.421875,108.40625,108.40625,1797.0,2025-01-19 14:45:00-05:00
2025-01-19 20:00:00+00:00,108.4375,108.4375,108.46875,108.421875,108.421875,3928.0,2025-01-19 15:00:00-05:00
2025-01-19 20:15:00+00:00,108.4375,108.4375,108.453125,108.40625,108.4375,2845.0,2025-01-19 15:15:00-05:00
2025-01-19 20:30:00+00:00,108.40625,108.40625,108.4375,108.390625,108.4375,1432.0,2025-01-19 15:30:00-05:00
2025-01-19 20:45:00+00:00,108.4375,108.4375,108.4375,108.390625,108.40625,4231.0,2025-01-19 15:45:00-05:00
2025-01-19 21:00:00+00:00,108.4375,108.4375,108.453125,108.421875,108.4375,1960.0,2025-01-19 16:00:00-05:00
2025-01-19 21:15:00+00:00,108.421875,108.421875,108.4375,108.421875,108.4375,174.0,2025-01-19 16:15:00-05:00
2025-01-19 21:30:00+00:00,108.4375,108.4375,108.453125,108.421875,108.4375,1104.0,2025-01-19 16:30:00-05:00
2025-01-19 21:45:00+00:00,108.46875,108.46875,108.46875,108.4375,108.4375,2568.0,2025-01-19 16:45:00-05:00
2025-01-19 22:00:00+00:00,108.46875,108.46875,108.484375,108.453125,108.453125,754.0,2025-01-19 17:00:00-05:00
2025-01-19 22:15:00+00:00,108.46875,108.46875,108.484375,108.46875,108.46875,642.0,2025-01-19 17:15:00-05:00
2025-01-19 22:30:00+00:00,108.484375,108.484375,108.5,108.484375,108.484375,1980.0,2025-01-19 17:30:00-05:00
2025-01-19 22:45:00+00:00,108.484375,108.484375,108.484375,108.46875,108.46875,74.0,2025-01-19 17:45:00-05:00
2025-01-19 23:00:00+00:00,108.484375,108.484375,108.5,108.484375,108.484375,885.0,2025-01-19 18:00:00-05:00
2025-01-19 23:15:00+00:00,108.453125,108.453125,108.484375,108.453125,108.484375,1776.0,2025-01-19 18:15:00-05:00
2025-01-19 23:30:00+00:00,108.453125,108.453125,108.453125,108.4375,108.453125,294.0,2025-01-19 18:30:00-05:00
2025-01-19 23:45:00+00:00,108.46875,108.46875,108.46875,108.453125,108.453125,947.0,2025-01-19 18:45:00-05:00
2025-01-20 00:00:00+00:00,108.484375,108.484375,108.5,108.46875,108.46875,2648.0,2025-01-19 19:00:00-05:00
2025-01-20 00:15:00+00:00,108.484375,108.484375,108.484375,108.484375,108.484375,726.0,2025-01-19 19:15:00-05:00
2025-01-20 00:45:00+00:00,108.46875,108.46875,108.484375,108.453125,108.484375,948.0,2025-01-19 19:45:00-05:00
2025-01-20 01:00:00+00:00,108.4375,108.4375,108.46875,108.421875,108.46875,5573.0,2025-01-19 20:00:00-05:00
2025-01-20 01:15:00+00:00,108.4375,108.4375,108.453125,108.4375,108.4375,3486.0,2025-01-19 20:15:00-05:00
2025-01-20 01:30:00+00:00,108.4375,108.4375,108.453125,108.4375,108.453125,848.0,2025-01-19 20:30:00-05:00
2025-01-20 01:45:00+00:00,108.421875,108.421875,108.453125,108.421875,108.4375,4457.0,2025-01-19 20:45:00-05:00
2025-01-20 02:00:00+00:00,108.421875,108.421875,108.453125,108.40625,108.421875,5672.0,2025-01-19 21:00:00-05:00
2025-01-20 02:15:00+00:00,108.4375,108.4375,108.453125,108.40625,108.421875,4408.0,2025-01-19 21:15:00-05:00
2025-01-20 02:30:00+00:00,108.484375,108.484375,108.484375,108.4375,108.4375,4662.0,2025-01-19 21:30:00-05:00
2025-01-20 02:45:00+00:00,108.46875,108.46875,108.5,108.46875,108.484375,6399.0,2025-01-19 21:45:00-05:00
2025-01-20 03:00:00+00:00,108.40625,108.40625,108.484375,108.40625,108.46875,13471.0,2025-01-19 22:00:00-05:00
2025-01-20 03:15:00+00:00,108.375,108.375,108.421875,108.375,108.40625,5154.0,2025-01-19 22:15:00-05:00
2025-01-20 03:30:00+00:00,108.421875,108.421875,108.453125,108.359375,108.375,9541.0,2025-01-19 22:30:00-05:00
2025-01-20 03:45:00+00:00,108.40625,108.40625,108.421875,108.390625,108.421875,4927.0,2025-01-19 22:45:00-05:00
2025-01-20 04:00:00+00:00,108.34375,108.34375,108.40625,108.34375,108.40625,4741.0,2025-01-19 23:00:00-05:00
2025-01-20 04:15:00+00:00,108.359375,108.359375,108.375,108.34375,108.359375,2944.0,2025-01-19 23:15:00-05:00
2025-01-20 04:30:00+00:00,108.359375,108.359375,108.375,108.34375,108.359375,1807.0,2025-01-19 23:30:00-05:00
2025-01-20 04:45:00+00:00,108.359375,108.359375,108.375,108.34375,108.359375,2984.0,2025-01-19 23:45:00-05:00
2025-01-20 05:00:00+00:00,108.359375,108.359375,108.359375,108.3125,108.359375,8528.0,2025-01-20 00:00:00-05:00
2025-01-20 05:15:00+00:00,108.359375,108.359375,108.390625,108.34375,108.359375,9080.0,2025-01-20 00:15:00-05:00
2025-01-20 05:30:00+00:00,108.34375,108.34375,108.390625,108.34375,108.359375,5673.0,2025-01-20 00:30:00-05:00
2025-01-20 05:45:00+00:00,108.359375,108.359375,108.375,108.34375,108.34375,4479.0,2025-01-20 00:45:00-05:00
2025-01-20 06:00:00+00:00,108.34375,108.34375,108.375,108.34375,108.375,786.0,2025-01-20 01:00:00-05:00
2025-01-20 06:15:00+00:00,108.390625,108.390625,108.390625,108.359375,108.375,2620.0,2025-01-20 01:15:00-05:00
2025-01-20 06:30:00+00:00,108.359375,108.359375,108.390625,108.34375,108.390625,3174.0,2025-01-20 01:30:00-05:00
2025-01-20 06:45:00+00:00,108.34375,108.34375,108.359375,108.34375,108.359375,6329.0,2025-01-20 01:45:00-05:00
2025-01-20 07:00:00+00:00,108.328125,108.328125,108.359375,108.3125,108.34375,6652.0,2025-01-20 02:00:00-05:00
2025-01-20 07:15:00+00:00,108.28125,108.28125,108.3125,108.265625,108.3125,11693.0,2025-01-20 02:15:00-05:00
2025-01-20 07:30:00+00:00,108.28125,108.28125,108.296875,108.265625,108.28125,4889.0,2025-01-20 02:30:00-05:00
2025-01-20 07:45:00+00:00,108.296875,108.296875,108.3125,108.28125,108.296875,3918.0,2025-01-20 02:45:00-05:00
2025-01-20 08:00:00+00:00,108.3125,108.3125,108.328125,108.28125,108.296875,6313.0,2025-01-20 03:00:00-05:00
2025-01-20 08:15:00+00:00,108.28125,108.28125,108.328125,108.28125,108.3125,3893.0,2025-01-20 03:15:00-05:00
2025-01-20 08:30:00+00:00,108.484375,108.484375,108.5,108.296875,108.296875,54356.0,2025-01-20 03:30:00-05:00
2025-01-20 08:45:00+00:00,108.609375,108.609375,108.609375,108.46875,108.484375,33100.0,2025-01-20 03:45:00-05:00
2025-01-20 09:00:00+00:00,108.5625,108.5625,108.609375,108.546875,108.59375,19210.0,2025-01-20 04:00:00-05:00
2025-01-20 09:15:00+00:00,108.625,108.625,108.625,108.546875,108.5625,13086.0,2025-01-20 04:15:00-05:00
2025-01-20 09:30:00+00:00,108.75,108.75,108.75,108.59375,108.625,26126.0,2025-01-20 04:30:00-05:00
2025-01-20 09:45:00+00:00,108.6875,108.6875,108.765625,108.671875,108.75,21545.0,2025-01-20 04:45:00-05:00
2025-01-20 10:00:00+00:00,108.65625,108.65625,108.71875,108.640625,108.6875,13530.0,2025-01-20 05:00:00-05:00
2025-01-20 10:15:00+00:00,108.640625,108.640625,108.671875,108.640625,108.65625,13413.0,2025-01-20 05:15:00-05:00
2025-01-20 10:30:00+00:00,108.6875,108.6875,108.6875,108.640625,108.65625,4408.0,2025-01-20 05:30:00-05:00
2025-01-20 10:45:00+00:00,108.71875,108.71875,108.734375,108.640625,108.6875,13709.0,2025-01-20 05:45:00-05:00
2025-01-20 11:00:00+00:00,108.734375,108.734375,108.734375,108.6875,108.71875,6581.0,2025-01-20 06:00:00-05:00
2025-01-20 11:15:00+00:00,108.71875,108.71875,108.734375,108.71875,108.734375,2750.0,2025-01-20 06:15:00-05:00
2025-01-20 11:30:00+00:00,108.71875,108.71875,108.734375,108.6875,108.734375,5395.0,2025-01-20 06:30:00-05:00
2025-01-20 11:45:00+00:00,108.65625,108.65625,108.71875,108.65625,108.71875,3914.0,2025-01-20 06:45:00-05:00
2025-01-20 12:00:00+00:00,108.65625,108.65625,108.671875,108.640625,108.65625,2622.0,2025-01-20 07:00:00-05:00
2025-01-20 12:15:00+00:00,108.65625,108.65625,108.6875,108.5625,108.640625,28134.0,2025-01-20 07:15:00-05:00
2025-01-20 12:30:00+00:00,108.703125,108.703125,108.71875,108.65625,108.65625,4027.0,2025-01-20 07:30:00-05:00
2025-01-20 12:45:00+00:00,108.71875,108.71875,108.734375,108.703125,108.703125,4157.0,2025-01-20 07:45:00-05:00
2025-01-20 18:00:00+00:00,108.78125,108.78125,108.828125,108.75,108.78125,13607.0,2025-01-20 13:00:00-05:00
2025-01-20 18:15:00+00:00,108.90625,108.90625,108.96875,108.765625,108.765625,30576.0,2025-01-20 13:15:00-05:00
2025-01-20 18:30:00+00:00,108.90625,108.90625,108.9375,108.875,108.90625,16701.0,2025-01-20 13:30:00-05:00
2025-01-20 18:45:00+00:00,108.9375,108.9375,108.984375,108.890625,108.90625,10496.0,2025-01-20 13:45:00-05:00
2025-01-20 19:00:00+00:00,108.984375,108.984375,109.0,108.9375,108.9375,13107.0,2025-01-20 14:00:00-05:00
2025-01-20 19:15:00+00:00,108.96875,108.96875,109.0625,108.96875,109.0,19063.0,2025-01-20 14:15:00-05:00
2025-01-20 19:30:00+00:00,109.015625,109.015625,109.03125,108.953125,108.96875,14664.0,2025-01-20 14:30:00-05:00
2025-01-20 19:45:00+00:00,108.8125,108.8125,109.046875,108.765625,109.015625,56145.0,2025-01-20 14:45:00-05:00
2025-01-20 20:00:00+00:00,108.90625,108.90625,108.90625,108.765625,108.828125,31514.0,2025-01-20 15:00:00-05:00
2025-01-20 20:15:00+00:00,109.03125,109.03125,109.046875,108.890625,108.890625,30136.0,2025-01-20 15:15:00-05:00
2025-01-20 20:30:00+00:00,108.953125,108.953125,109.03125,108.9375,109.015625,10824.0,2025-01-20 15:30:00-05:00
2025-01-20 20:45:00+00:00,108.953125,108.953125,108.984375,108.921875,108.96875,6378.0,2025-01-20 15:45:00-05:00
2025-01-20 21:00:00+00:00,109.0,109.0,109.03125,108.953125,108.953125,7275.0,2025-01-20 16:00:00-05:00
2025-01-20 21:15:00+00:00,109.0,109.0,109.03125,108.984375,108.984375,3445.0,2025-01-20 16:15:00-05:00
2025-01-20 21:30:00+00:00,109.015625,109.015625,109.03125,108.984375,109.015625,5082.0,2025-01-20 16:30:00-05:00
2025-01-20 21:45:00+00:00,109.03125,109.03125,109.046875,109.0,109.015625,6927.0,2025-01-20 16:45:00-05:00
2025-01-20 22:00:00+00:00,109.078125,109.078125,109.078125,109.015625,109.03125,6578.0,2025-01-20 17:00:00-05:00
2025-01-20 22:15:00+00:00,109.078125,109.078125,109.125,109.0625,109.078125,19145.0,2025-01-20 17:15:00-05:00
2025-01-20 22:30:00+00:00,109.0625,109.0625,109.078125,109.03125,109.078125,3192.0,2025-01-20 17:30:00-05:00
2025-01-20 22:45:00+00:00,109.03125,109.03125,109.0625,109.03125,109.0625,5928.0,2025-01-20 17:45:00-05:00
2025-01-20 23:00:00+00:00,109.03125,109.03125,109.046875,109.015625,109.03125,3705.0,2025-01-20 18:00:00-05:00
2025-01-20 23:15:00+00:00,109.0625,109.0625,109.0625,109.015625,109.03125,3676.0,2025-01-20 18:15:00-05:00
2025-01-20 23:30:00+00:00,109.046875,109.046875,109.0625,109.03125,109.0625,1736.0,2025-01-20 18:30:00-05:00
2025-01-20 23:45:00+00:00,109.0625,109.0625,109.0625,109.03125,109.046875,1217.0,2025-01-20 18:45:00-05:00
2025-01-21 00:00:00+00:00,109.0625,109.0625,109.0625,109.046875,109.046875,2606.0,2025-01-20 19:00:00-05:00
2025-01-21 00:15:00+00:00,109.03125,109.03125,109.046875,109.015625,109.046875,4983.0,2025-01-20 19:15:00-05:00
2025-01-21 00:30:00+00:00,109.015625,109.015625,109.03125,109.0,109.015625,1841.0,2025-01-20 19:30:00-05:00
2025-01-21 00:45:00+00:00,108.96875,108.96875,109.015625,108.953125,109.015625,10360.0,2025-01-20 19:45:00-05:00
2025-01-21 01:00:00+00:00,108.9375,108.9375,108.96875,108.9375,108.96875,4403.0,2025-01-20 20:00:00-05:00
2025-01-21 01:15:00+00:00,108.9375,108.9375,108.9375,108.90625,108.9375,7124.0,2025-01-20 20:15:00-05:00
2025-01-21 01:30:00+00:00,108.921875,108.921875,108.9375,108.921875,108.9375,3527.0,2025-01-20 20:30:00-05:00
2025-01-21 01:45:00+00:00,108.859375,108.859375,108.953125,108.859375,108.921875,14298.0,2025-01-20 20:45:00-05:00
2025-01-21 02:00:00+00:00,108.921875,108.921875,108.921875,108.859375,108.859375,10082.0,2025-01-20 21:00:00-05:00
2025-01-21 02:15:00+00:00,108.890625,108.890625,108.9375,108.859375,108.921875,15866.0,2025-01-20 21:15:00-05:00
2025-01-21 02:30:00+00:00,108.84375,108.84375,108.953125,108.828125,108.890625,13738.0,2025-01-20 21:30:00-05:00
2025-01-21 02:45:00+00:00,108.8125,108.8125,108.84375,108.796875,108.84375,13793.0,2025-01-20 21:45:00-05:00
2025-01-21 03:00:00+00:00,108.765625,108.765625,108.828125,108.75,108.8125,23777.0,2025-01-20 22:00:00-05:00
2025-01-21 03:15:00+00:00,108.796875,108.796875,108.8125,108.75,108.78125,17226.0,2025-01-20 22:15:00-05:00
2025-01-21 03:30:00+00:00,108.796875,108.796875,108.828125,108.78125,108.796875,8724.0,2025-01-20 22:30:00-05:00
2025-01-21 03:45:00+00:00,108.75,108.75,108.796875,108.75,108.796875,5709.0,2025-01-20 22:45:00-05:00
2025-01-21 04:00:00+00:00,108.78125,108.78125,108.78125,108.703125,108.765625,15370.0,2025-01-20 23:00:00-05:00
2025-01-21 04:15:00+00:00,108.78125,108.78125,108.8125,108.765625,108.765625,5117.0,2025-01-20 23:15:00-05:00
2025-01-21 04:30:00+00:00,108.75,108.75,108.796875,108.734375,108.765625,13843.0,2025-01-20 23:30:00-05:00
2025-01-21 04:45:00+00:00,108.765625,108.765625,108.78125,108.734375,108.734375,14675.0,2025-01-20 23:45:00-05:00
2025-01-21 05:00:00+00:00,108.796875,108.796875,108.8125,108.765625,108.78125,5127.0,2025-01-21 00:00:00-05:00
2025-01-21 05:15:00+00:00,108.78125,108.78125,108.8125,108.765625,108.796875,7174.0,2025-01-21 00:15:00-05:00
2025-01-21 05:30:00+00:00,108.765625,108.765625,108.78125,108.75,108.78125,6580.0,2025-01-21 00:30:00-05:00
2025-01-21 05:45:00+00:00,108.703125,108.703125,108.78125,108.6875,108.75,9898.0,2025-01-21 00:45:00-05:00
2025-01-21 06:00:00+00:00,108.6875,108.6875,108.71875,108.671875,108.703125,13383.0,2025-01-21 01:00:00-05:00
2025-01-21 06:15:00+00:00,108.6875,108.6875,108.6875,108.640625,108.6875,8395.0,2025-01-21 01:15:00-05:00
2025-01-21 06:30:00+00:00,108.6875,108.6875,108.703125,108.671875,108.671875,8712.0,2025-01-21 01:30:00-05:00
2025-01-21 06:45:00+00:00,108.65625,108.65625,108.6875,108.65625,108.671875,7212.0,2025-01-21 01:45:00-05:00
2025-01-21 07:00:00+00:00,108.71875,108.71875,108.734375,108.65625,108.671875,15247.0,2025-01-21 02:00:00-05:00
2025-01-21 07:15:00+00:00,108.78125,108.78125,108.796875,108.703125,108.71875,17538.0,2025-01-21 02:15:00-05:00
2025-01-21 07:30:00+00:00,108.75,108.75,108.796875,108.734375,108.765625,10664.0,2025-01-21 02:30:00-05:00
2025-01-21 07:45:00+00:00,108.734375,108.734375,108.765625,108.6875,108.765625,18751.0,2025-01-21 02:45:00-05:00
2025-01-21 08:00:00+00:00,108.78125,108.78125,108.796875,108.71875,108.734375,25563.0,2025-01-21 03:00:00-05:00
2025-01-21 08:15:00+00:00,108.75,108.75,108.796875,108.71875,108.765625,35055.0,2025-01-21 03:15:00-05:00
2025-01-21 08:30:00+00:00,108.828125,108.828125,108.875,108.765625,108.765625,34933.0,2025-01-21 03:30:00-05:00
2025-01-21 08:45:00+00:00,108.859375,108.859375,108.875,108.78125,108.84375,41540.0,2025-01-21 03:45:00-05:00
2025-01-21 09:00:00+00:00,108.84375,108.84375,108.875,108.8125,108.859375,29860.0,2025-01-21 04:00:00-05:00
2025-01-21 09:15:00+00:00,108.8125,108.8125,108.875,108.8125,108.84375,24220.0,2025-01-21 04:15:00-05:00
2025-01-21 09:30:00+00:00,108.78125,108.78125,108.828125,108.703125,108.8125,45460.0,2025-01-21 04:30:00-05:00
2025-01-21 09:45:00+00:00,108.71875,108.71875,108.78125,108.6875,108.78125,36637.0,2025-01-21 04:45:00-05:00
2025-01-21 10:00:00+00:00,108.71875,108.71875,108.78125,108.6875,108.71875,55571.0,2025-01-21 05:00:00-05:00
2025-01-21 10:15:00+00:00,108.765625,108.765625,108.796875,108.703125,108.71875,27891.0,2025-01-21 05:15:00-05:00
2025-01-21 10:30:00+00:00,108.859375,108.859375,108.875,108.765625,108.765625,46567.0,2025-01-21 05:30:00-05:00
2025-01-21 10:45:00+00:00,108.8125,108.8125,108.890625,108.8125,108.875,35942.0,2025-01-21 05:45:00-05:00
2025-01-21 11:00:00+00:00,108.78125,108.78125,108.828125,108.75,108.828125,28160.0,2025-01-21 06:00:00-05:00
2025-01-21 11:15:00+00:00,108.796875,108.796875,108.796875,108.734375,108.78125,19684.0,2025-01-21 06:15:00-05:00
2025-01-21 11:30:00+00:00,108.78125,108.78125,108.828125,108.734375,108.796875,24695.0,2025-01-21 06:30:00-05:00
2025-01-21 11:45:00+00:00,108.765625,108.765625,108.796875,108.734375,108.78125,18828.0,2025-01-21 06:45:00-05:00
2025-01-21 12:00:00+00:00,108.71875,108.71875,108.78125,108.703125,108.75,22671.0,2025-01-21 07:00:00-05:00
2025-01-21 12:15:00+00:00,108.734375,108.734375,108.75,108.703125,108.71875,14743.0,2025-01-21 07:15:00-05:00
2025-01-21 12:30:00+00:00,108.6875,108.6875,108.75,108.6875,108.734375,23886.0,2025-01-21 07:30:00-05:00
2025-01-21 12:45:00+00:00,108.65625,108.65625,108.734375,108.640625,108.703125,28329.0,2025-01-21 07:45:00-05:00
2025-01-21 13:00:00+00:00,108.6875,108.6875,108.703125,108.640625,108.65625,19475.0,2025-01-21 08:00:00-05:00
2025-01-21 13:15:00+00:00,108.703125,108.703125,108.71875,108.6875,108.6875,9708.0,2025-01-21 08:15:00-05:00
2025-01-21 13:30:00+00:00,108.75,108.75,108.765625,108.6875,108.703125,20211.0,2025-01-21 08:30:00-05:00
2025-01-21 13:45:00+00:00,108.765625,108.765625,108.765625,108.71875,108.75,14953.0,2025-01-21 08:45:00-05:00
2025-01-21 14:00:00+00:00,108.765625,108.765625,108.765625,108.71875,108.75,13110.0,2025-01-21 09:00:00-05:00
2025-01-21 14:15:00+00:00,108.75,108.75,108.78125,108.734375,108.75,17076.0,2025-01-21 09:15:00-05:00
2025-01-21 14:30:00+00:00,108.71875,108.71875,108.765625,108.71875,108.734375,19685.0,2025-01-21 09:30:00-05:00
2025-01-21 14:45:00+00:00,108.75,108.75,108.765625,108.71875,108.71875,64998.0,2025-01-21 09:45:00-05:00
2025-01-21 15:00:00+00:00,108.75,108.75,108.765625,108.703125,108.734375,32694.0,2025-01-21 10:00:00-05:00
2025-01-21 15:15:00+00:00,108.78125,108.78125,108.78125,108.734375,108.75,12131.0,2025-01-21 10:15:00-05:00
2025-01-21 15:30:00+00:00,108.78125,108.78125,108.796875,108.765625,108.765625,7630.0,2025-01-21 10:30:00-05:00
2025-01-21 15:45:00+00:00,108.828125,108.828125,108.828125,108.78125,108.796875,23011.0,2025-01-21 10:45:00-05:00
2025-01-21 16:00:00+00:00,108.796875,108.796875,108.828125,108.78125,108.828125,13099.0,2025-01-21 11:00:00-05:00
2025-01-21 16:15:00+00:00,108.765625,108.765625,108.796875,108.75,108.796875,24619.0,2025-01-21 11:15:00-05:00
2025-01-21 16:30:00+00:00,108.765625,108.765625,108.765625,108.734375,108.75,8809.0,2025-01-21 11:30:00-05:00
2025-01-21 16:45:00+00:00,108.71875,108.71875,108.765625,108.703125,108.765625,3766.0,2025-01-21 11:45:00-05:00
2025-01-21 18:00:00+00:00,108.671875,108.671875,108.734375,108.671875,108.71875,2635.0,2025-01-21 13:00:00-05:00
2025-01-21 18:15:00+00:00,108.671875,108.671875,108.6875,108.65625,108.671875,3113.0,2025-01-21 13:15:00-05:00
2025-01-21 18:30:00+00:00,108.6875,108.6875,108.6875,108.65625,108.671875,2053.0,2025-01-21 13:30:00-05:00
2025-01-21 18:45:00+00:00,108.6875,108.6875,108.703125,108.671875,108.6875,1237.0,2025-01-21 13:45:00-05:00
2025-01-21 19:00:00+00:00,108.6875,108.6875,108.71875,108.65625,108.6875,4145.0,2025-01-21 14:00:00-05:00
2025-01-21 19:15:00+00:00,108.625,108.625,108.671875,108.609375,108.671875,8084.0,2025-01-21 14:15:00-05:00
2025-01-21 19:30:00+00:00,108.625,108.625,108.65625,108.609375,108.609375,5090.0,2025-01-21 14:30:00-05:00
2025-01-21 19:45:00+00:00,108.59375,108.59375,108.640625,108.59375,108.625,8845.0,2025-01-21 14:45:00-05:00
2025-01-21 20:00:00+00:00,108.609375,108.609375,108.625,108.59375,108.609375,3215.0,2025-01-21 15:00:00-05:00
2025-01-21 20:15:00+00:00,108.640625,108.640625,108.640625,108.609375,108.625,3136.0,2025-01-21 15:15:00-05:00
2025-01-21 20:30:00+00:00,108.625,108.625,108.65625,108.609375,108.625,3036.0,2025-01-21 15:30:00-05:00
2025-01-21 20:45:00+00:00,108.625,108.625,108.640625,108.609375,108.625,5019.0,2025-01-21 15:45:00-05:00
2025-01-21 21:00:00+00:00,108.65625,108.65625,108.65625,108.640625,108.640625,2995.0,2025-01-21 16:00:00-05:00
2025-01-21 21:15:00+00:00,108.65625,108.65625,108.671875,108.640625,108.65625,4268.0,2025-01-21 16:15:00-05:00
2025-01-21 21:30:00+00:00,108.65625,108.65625,108.65625,108.640625,108.65625,1330.0,2025-01-21 16:30:00-05:00
2025-01-21 21:45:00+00:00,108.625,108.625,108.65625,108.625,108.640625,1338.0,2025-01-21 16:45:00-05:00
2025-01-21 22:00:00+00:00,108.625,108.625,108.65625,108.625,108.640625,1667.0,2025-01-21 17:00:00-05:00
2025-01-21 22:15:00+00:00,108.625,108.625,108.640625,108.609375,108.609375,1898.0,2025-01-21 17:15:00-05:00
2025-01-21 22:30:00+00:00,108.59375,108.59375,108.625,108.59375,108.625,1335.0,2025-01-21 17:30:00-05:00
2025-01-21 22:45:00+00:00,108.609375,108.609375,108.625,108.59375,108.609375,5904.0,2025-01-21 17:45:00-05:00
2025-01-21 23:00:00+00:00,108.625,108.625,108.640625,108.59375,108.609375,3113.0,2025-01-21 18:00:00-05:00
2025-01-21 23:15:00+00:00,108.640625,108.640625,108.65625,108.625,108.640625,1651.0,2025-01-21 18:15:00-05:00
2025-01-21 23:30:00+00:00,108.640625,108.640625,108.640625,108.625,108.640625,499.0,2025-01-21 18:30:00-05:00
2025-01-21 23:45:00+00:00,108.65625,108.65625,108.65625,108.640625,108.640625,1754.0,2025-01-21 18:45:00-05:00
2025-01-22 00:00:00+00:00,108.65625,108.65625,108.671875,108.640625,108.65625,2285.0,2025-01-21 19:00:00-05:00
2025-01-22 00:15:00+00:00,108.640625,108.640625,108.671875,108.640625,108.671875,2676.0,2025-01-21 19:15:00-05:00
2025-01-22 00:30:00+00:00,108.671875,108.671875,108.671875,108.65625,108.65625,883.0,2025-01-21 19:30:00-05:00
2025-01-22 00:45:00+00:00,108.65625,108.65625,108.671875,108.65625,108.65625,4118.0,2025-01-21 19:45:00-05:00
2025-01-22 01:00:00+00:00,108.6875,108.6875,108.6875,108.671875,108.671875,1386.0,2025-01-21 20:00:00-05:00
2025-01-22 01:15:00+00:00,108.703125,108.703125,108.703125,108.6875,108.6875,3282.0,2025-01-21 20:15:00-05:00
2025-01-22 01:30:00+00:00,108.703125,108.703125,108.71875,108.6875,108.703125,4304.0,2025-01-21 20:30:00-05:00
2025-01-22 01:45:00+00:00,108.703125,108.703125,108.71875,108.6875,108.703125,4961.0,2025-01-21 20:45:00-05:00
2025-01-22 02:00:00+00:00,108.6875,108.6875,108.71875,108.6875,108.71875,4579.0,2025-01-21 21:00:00-05:00
2025-01-22 02:15:00+00:00,108.65625,108.65625,108.6875,108.640625,108.6875,4832.0,2025-01-21 21:15:00-05:00
2025-01-22 02:30:00+00:00,108.703125,108.703125,108.71875,108.640625,108.65625,7664.0,2025-01-21 21:30:00-05:00
2025-01-22 02:45:00+00:00,108.65625,108.65625,108.6875,108.640625,108.6875,10086.0,2025-01-21 21:45:00-05:00
2025-01-22 03:00:00+00:00,108.6875,108.6875,108.703125,108.640625,108.65625,16195.0,2025-01-21 22:00:00-05:00
2025-01-22 03:15:00+00:00,108.734375,108.734375,108.734375,108.65625,108.6875,9762.0,2025-01-21 22:15:00-05:00
2025-01-22 03:30:00+00:00,108.828125,108.828125,108.875,108.703125,108.734375,33423.0,2025-01-21 22:30:00-05:00
2025-01-22 03:45:00+00:00,108.8125,108.8125,108.84375,108.796875,108.84375,12389.0,2025-01-21 22:45:00-05:00
2025-01-22 04:00:00+00:00,108.796875,108.796875,108.8125,108.765625,108.8125,14302.0,2025-01-21 23:00:00-05:00
2025-01-22 04:15:00+00:00,108.828125,108.828125,108.828125,108.765625,108.78125,11368.0,2025-01-21 23:15:00-05:00
2025-01-22 04:30:00+00:00,108.828125,108.828125,108.84375,108.8125,108.828125,12271.0,2025-01-21 23:30:00-05:00
2025-01-22 04:45:00+00:00,108.8125,108.8125,108.828125,108.796875,108.828125,5555.0,2025-01-21 23:45:00-05:00
2025-01-22 05:00:00+00:00,108.78125,108.78125,108.8125,108.765625,108.796875,11015.0,2025-01-22 00:00:00-05:00
2025-01-22 05:15:00+00:00,108.78125,108.78125,108.796875,108.765625,108.78125,5310.0,2025-01-22 00:15:00-05:00
2025-01-22 05:30:00+00:00,108.78125,108.78125,108.796875,108.765625,108.78125,5223.0,2025-01-22 00:30:00-05:00
2025-01-22 05:45:00+00:00,108.765625,108.765625,108.78125,108.75,108.765625,5964.0,2025-01-22 00:45:00-05:00
2025-01-22 06:00:00+00:00,108.765625,108.765625,108.796875,108.765625,108.78125,5002.0,2025-01-22 01:00:00-05:00
2025-01-22 06:15:00+00:00,108.765625,108.765625,108.78125,108.734375,108.765625,8165.0,2025-01-22 01:15:00-05:00
2025-01-22 06:30:00+00:00,108.75,108.75,108.765625,108.734375,108.765625,6514.0,2025-01-22 01:30:00-05:00
2025-01-22 06:45:00+00:00,108.71875,108.71875,108.765625,108.71875,108.734375,6205.0,2025-01-22 01:45:00-05:00
2025-01-22 07:00:00+00:00,108.703125,108.703125,108.734375,108.6875,108.71875,8138.0,2025-01-22 02:00:00-05:00
2025-01-22 07:15:00+00:00,108.671875,108.671875,108.71875,108.671875,108.703125,10312.0,2025-01-22 02:15:00-05:00
2025-01-22 07:30:00+00:00,108.75,108.75,108.765625,108.671875,108.671875,16352.0,2025-01-22 02:30:00-05:00
2025-01-22 07:45:00+00:00,108.796875,108.796875,108.796875,108.734375,108.75,19285.0,2025-01-22 02:45:00-05:00
2025-01-22 08:00:00+00:00,108.78125,108.78125,108.8125,108.75,108.796875,15081.0,2025-01-22 03:00:00-05:00
2025-01-22 08:15:00+00:00,108.75,108.75,108.84375,108.75,108.765625,25892.0,2025-01-22 03:15:00-05:00
2025-01-22 08:30:00+00:00,108.78125,108.78125,108.8125,108.734375,108.734375,18092.0,2025-01-22 03:30:00-05:00
2025-01-22 08:45:00+00:00,108.796875,108.796875,108.828125,108.765625,108.78125,16512.0,2025-01-22 03:45:00-05:00
2025-01-22 09:00:00+00:00,108.734375,108.734375,108.84375,108.734375,108.8125,31958.0,2025-01-22 04:00:00-05:00
2025-01-22 09:15:00+00:00,108.765625,108.765625,108.796875,108.71875,108.75,21477.0,2025-01-22 04:15:00-05:00
2025-01-22 09:30:00+00:00,108.6875,108.6875,108.765625,108.671875,108.765625,30703.0,2025-01-22 04:30:00-05:00
2025-01-22 09:45:00+00:00,108.6875,108.6875,108.734375,108.65625,108.671875,34182.0,2025-01-22 04:45:00-05:00
2025-01-22 10:00:00+00:00,108.71875,108.71875,108.78125,108.671875,108.671875,26487.0,2025-01-22 05:00:00-05:00
2025-01-22 10:15:00+00:00,108.65625,108.65625,108.734375,108.625,108.71875,38485.0,2025-01-22 05:15:00-05:00
2025-01-22 10:30:00+00:00,108.625,108.625,108.671875,108.625,108.65625,22138.0,2025-01-22 05:30:00-05:00
2025-01-22 10:45:00+00:00,108.578125,108.578125,108.65625,108.5625,108.625,47679.0,2025-01-22 05:45:00-05:00
2025-01-22 11:00:00+00:00,108.59375,108.59375,108.640625,108.546875,108.5625,59045.0,2025-01-22 06:00:00-05:00
2025-01-22 11:15:00+00:00,108.546875,108.546875,108.609375,108.53125,108.59375,24107.0,2025-01-22 06:15:00-05:00
2025-01-22 11:30:00+00:00,108.5625,108.5625,108.59375,108.53125,108.546875,25743.0,2025-01-22 06:30:00-05:00
2025-01-22 11:45:00+00:00,108.515625,108.515625,108.5625,108.5,108.5625,30032.0,2025-01-22 06:45:00-05:00
2025-01-22 12:00:00+00:00,108.515625,108.515625,108.5625,108.5,108.515625,44107.0,2025-01-22 07:00:00-05:00
2025-01-22 12:15:00+00:00,108.46875,108.46875,108.53125,108.453125,108.515625,38643.0,2025-01-22 07:15:00-05:00
2025-01-22 12:30:00+00:00,108.46875,108.46875,108.484375,108.4375,108.46875,27065.0,2025-01-22 07:30:00-05:00
2025-01-22 12:45:00+00:00,108.46875,108.46875,108.5,108.453125,108.46875,29238.0,2025-01-22 07:45:00-05:00
2025-01-22 13:00:00+00:00,108.484375,108.484375,108.53125,108.46875,108.46875,38114.0,2025-01-22 08:00:00-05:00
2025-01-22 13:15:00+00:00,108.5,108.5,108.53125,108.484375,108.5,25613.0,2025-01-22 08:15:00-05:00
2025-01-22 13:30:00+00:00,108.515625,108.515625,108.53125,108.484375,108.5,11374.0,2025-01-22 08:30:00-05:00
2025-01-22 13:45:00+00:00,108.53125,108.53125,108.53125,108.484375,108.515625,12585.0,2025-01-22 08:45:00-05:00
2025-01-22 14:00:00+00:00,108.53125,108.53125,108.5625,108.515625,108.515625,19158.0,2025-01-22 09:00:00-05:00
2025-01-22 14:15:00+00:00,108.546875,108.546875,108.546875,108.515625,108.546875,10638.0,2025-01-22 09:15:00-05:00
2025-01-22 14:30:00+00:00,108.53125,108.53125,108.5625,108.515625,108.546875,19403.0,2025-01-22 09:30:00-05:00
2025-01-22 14:45:00+00:00,108.546875,108.546875,108.578125,108.515625,108.53125,88484.0,2025-01-22 09:45:00-05:00
2025-01-22 15:00:00+00:00,108.625,108.625,108.640625,108.546875,108.5625,50088.0,2025-01-22 10:00:00-05:00
2025-01-22 15:15:00+00:00,108.5625,108.5625,108.640625,108.5625,108.625,18623.0,2025-01-22 10:15:00-05:00
2025-01-22 15:30:00+00:00,108.546875,108.546875,108.59375,108.546875,108.5625,21248.0,2025-01-22 10:30:00-05:00
2025-01-22 15:45:00+00:00,108.546875,108.546875,108.578125,108.53125,108.5625,27690.0,2025-01-22 10:45:00-05:00
2025-01-22 16:00:00+00:00,108.515625,108.515625,108.5625,108.5,108.546875,22365.0,2025-01-22 11:00:00-05:00
2025-01-22 16:15:00+00:00,108.5,108.5,108.515625,108.484375,108.5,14862.0,2025-01-22 11:15:00-05:00
2025-01-22 16:30:00+00:00,108.484375,108.484375,108.5,108.46875,108.5,14956.0,2025-01-22 11:30:00-05:00
2025-01-22 16:45:00+00:00,108.484375,108.484375,108.5,108.46875,108.46875,15391.0,2025-01-22 11:45:00-05:00
2025-01-22 18:00:00+00:00,108.53125,108.53125,108.53125,108.46875,108.484375,720.0,2025-01-22 13:00:00-05:00
2025-01-22 18:15:00+00:00,108.5,108.5,108.515625,108.5,108.515625,2263.0,2025-01-22 13:15:00-05:00
2025-01-22 18:30:00+00:00,108.5,108.5,108.515625,108.484375,108.5,1326.0,2025-01-22 13:30:00-05:00
2025-01-22 18:45:00+00:00,108.53125,108.53125,108.53125,108.484375,108.5,1876.0,2025-01-22 13:45:00-05:00
2025-01-22 19:00:00+00:00,108.515625,108.515625,108.53125,108.5,108.53125,1490.0,2025-01-22 14:00:00-05:00
2025-01-22 19:15:00+00:00,108.5,108.5,108.53125,108.5,108.53125,1967.0,2025-01-22 14:15:00-05:00
2025-01-22 19:30:00+00:00,108.546875,108.546875,108.546875,108.5,108.5,2618.0,2025-01-22 14:30:00-05:00
2025-01-22 19:45:00+00:00,108.546875,108.546875,108.546875,108.53125,108.546875,928.0,2025-01-22 14:45:00-05:00
2025-01-22 20:00:00+00:00,108.515625,108.515625,108.546875,108.515625,108.546875,7771.0,2025-01-22 15:00:00-05:00
2025-01-22 20:15:00+00:00,108.53125,108.53125,108.546875,108.515625,108.53125,1870.0,2025-01-22 15:15:00-05:00
2025-01-22 20:30:00+00:00,108.53125,108.53125,108.53125,108.515625,108.53125,509.0,2025-01-22 15:30:00-05:00
2025-01-22 20:45:00+00:00,108.515625,108.515625,108.53125,108.5,108.515625,3584.0,2025-01-22 15:45:00-05:00
2025-01-22 21:00:00+00:00,108.515625,108.515625,108.53125,108.5,108.5,1678.0,2025-01-22 16:00:00-05:00
2025-01-22 21:15:00+00:00,108.53125,108.53125,108.53125,108.5,108.515625,916.0,2025-01-22 16:15:00-05:00
2025-01-22 21:30:00+00:00,108.546875,108.546875,108.546875,108.515625,108.53125,627.0,2025-01-22 16:30:00-05:00
2025-01-22 21:45:00+00:00,108.546875,108.546875,108.546875,108.53125,108.53125,1423.0,2025-01-22 16:45:00-05:00
2025-01-22 22:00:00+00:00,108.515625,108.515625,108.546875,108.515625,108.546875,2055.0,2025-01-22 17:00:00-05:00
2025-01-22 22:15:00+00:00,108.546875,108.546875,108.546875,108.515625,108.515625,2227.0,2025-01-22 17:15:00-05:00
2025-01-22 22:30:00+00:00,108.546875,108.546875,108.546875,108.515625,108.53125,1026.0,2025-01-22 17:30:00-05:00
2025-01-22 22:45:00+00:00,108.546875,108.546875,108.546875,108.53125,108.546875,651.0,2025-01-22 17:45:00-05:00
2025-01-22 23:00:00+00:00,108.5625,108.5625,108.5625,108.546875,108.546875,1669.0,2025-01-22 18:00:00-05:00
2025-01-22 23:15:00+00:00,108.546875,108.546875,108.5625,108.546875,108.546875,361.0,2025-01-22 18:15:00-05:00
2025-01-22 23:30:00+00:00,108.546875,108.546875,108.5625,108.53125,108.546875,3097.0,2025-01-22 18:30:00-05:00
2025-01-22 23:45:00+00:00,108.546875,108.546875,108.5625,108.53125,108.546875,840.0,2025-01-22 18:45:00-05:00
2025-01-23 00:00:00+00:00,108.53125,108.53125,108.546875,108.53125,108.546875,1294.0,2025-01-22 19:00:00-05:00
2025-01-23 00:15:00+00:00,108.53125,108.53125,108.53125,108.515625,108.53125,1779.0,2025-01-22 19:15:00-05:00
2025-01-23 00:30:00+00:00,108.515625,108.515625,108.53125,108.515625,108.53125,516.0,2025-01-22 19:30:00-05:00
2025-01-23 00:45:00+00:00,108.53125,108.53125,108.53125,108.515625,108.53125,2351.0,2025-01-22 19:45:00-05:00
2025-01-23 01:00:00+00:00,108.546875,108.546875,108.5625,108.515625,108.515625,2050.0,2025-01-22 20:00:00-05:00
2025-01-23 01:15:00+00:00,108.53125,108.53125,108.5625,108.53125,108.546875,513.0,2025-01-22 20:15:00-05:00
2025-01-23 01:30:00+00:00,108.546875,108.546875,108.546875,108.53125,108.53125,197.0,2025-01-22 20:30:00-05:00
2025-01-23 01:45:00+00:00,108.5625,108.5625,108.5625,108.546875,108.546875,3673.0,2025-01-22 20:45:00-05:00
2025-01-23 02:00:00+00:00,108.59375,108.59375,108.59375,108.53125,108.5625,5483.0,2025-01-22 21:00:00-05:00
2025-01-23 02:15:00+00:00,108.59375,108.59375,108.609375,108.578125,108.59375,5210.0,2025-01-22 21:15:00-05:00
2025-01-23 02:30:00+00:00,108.59375,108.59375,108.609375,108.578125,108.59375,4940.0,2025-01-22 21:30:00-05:00
2025-01-23 02:45:00+00:00,108.578125,108.578125,108.609375,108.578125,108.59375,5939.0,2025-01-22 21:45:00-05:00
2025-01-23 03:00:00+00:00,108.546875,108.546875,108.578125,108.546875,108.578125,8194.0,2025-01-22 22:00:00-05:00
2025-01-23 03:15:00+00:00,108.546875,108.546875,108.578125,108.53125,108.5625,8196.0,2025-01-22 22:15:00-05:00
2025-01-23 03:30:00+00:00,108.53125,108.53125,108.546875,108.5,108.53125,13907.0,2025-01-22 22:30:00-05:00
2025-01-23 03:45:00+00:00,108.515625,108.515625,108.546875,108.5,108.53125,5205.0,2025-01-22 22:45:00-05:00
2025-01-23 04:00:00+00:00,108.5,108.5,108.53125,108.484375,108.515625,5124.0,2025-01-22 23:00:00-05:00
2025-01-23 04:15:00+00:00,108.4375,108.4375,108.46875,108.421875,108.4530029296875,19907.0,2025-01-22 23:15:00-05:00
2025-01-23 04:30:00+00:00,108.4375,108.4375,108.453125,108.40625,108.4375,12655.0,2025-01-22 23:30:00-05:00
2025-01-23 04:45:00+00:00,108.4375,108.4375,108.453125,108.40625,108.4375,16603.0,2025-01-22 23:45:00-05:00
2025-01-23 05:00:00+00:00,108.453125,108.453125,108.46875,108.4375,108.4375,10143.0,2025-01-23 00:00:00-05:00
2025-01-23 05:15:00+00:00,108.390625,108.390625,108.46875,108.375,108.4375,18077.0,2025-01-23 00:15:00-05:00
2025-01-23 05:30:00+00:00,108.375,108.375,108.40625,108.359375,108.390625,15170.0,2025-01-23 00:30:00-05:00
2025-01-23 05:45:00+00:00,108.375,108.375,108.390625,108.359375,108.375,8481.0,2025-01-23 00:45:00-05:00
2025-01-23 06:00:00+00:00,108.359375,108.359375,108.390625,108.359375,108.375,4136.0,2025-01-23 01:00:00-05:00
2025-01-23 06:15:00+00:00,108.34375,108.34375,108.390625,108.328125,108.359375,21370.0,2025-01-23 01:15:00-05:00
2025-01-23 06:30:00+00:00,108.390625,108.390625,108.40625,108.328125,108.34375,12585.0,2025-01-23 01:30:00-05:00
2025-01-23 06:45:00+00:00,108.359375,108.359375,108.40625,108.359375,108.390625,5890.0,2025-01-23 01:45:00-05:00
2025-01-23 07:00:00+00:00,108.296875,108.296875,108.390625,108.296875,108.359375,22113.0,2025-01-23 02:00:00-05:00
2025-01-23 07:15:00+00:00,108.296875,108.296875,108.3125,108.296875,108.296875,14562.0,2025-01-23 02:15:00-05:00
2025-01-23 07:30:00+00:00,108.328125,108.328125,108.34375,108.296875,108.296875,22464.0,2025-01-23 02:30:00-05:00
2025-01-23 07:45:00+00:00,108.28125,108.28125,108.328125,108.28125,108.328125,14350.0,2025-01-23 02:45:00-05:00
2025-01-23 08:00:00+00:00,108.3125,108.3125,108.328125,108.265625,108.296875,45375.0,2025-01-23 03:00:00-05:00
2025-01-23 08:15:00+00:00,108.359375,108.359375,108.375,108.296875,108.3125,36237.0,2025-01-23 03:15:00-05:00
2025-01-23 08:30:00+00:00,108.40625,108.40625,108.484375,108.328125,108.359375,89391.0,2025-01-23 03:30:00-05:00
2025-01-23 08:45:00+00:00,108.390625,108.390625,108.4375,108.375,108.421875,35695.0,2025-01-23 03:45:00-05:00
2025-01-23 09:00:00+00:00,108.296875,108.296875,108.421875,108.296875,108.40625,39438.0,2025-01-23 04:00:00-05:00
2025-01-23 09:15:00+00:00,108.1875,108.1875,108.34375,108.1875,108.3125,61115.0,2025-01-23 04:15:00-05:00
2025-01-23 09:30:00+00:00,108.328125,108.328125,108.328125,108.1875,108.203125,41127.0,2025-01-23 04:30:00-05:00
2025-01-23 09:45:00+00:00,108.265625,108.265625,108.34375,108.25,108.3125,38766.0,2025-01-23 04:45:00-05:00
2025-01-23 10:00:00+00:00,108.328125,108.328125,108.34375,108.265625,108.265625,27976.0,2025-01-23 05:00:00-05:00
2025-01-23 10:15:00+00:00,108.25,108.25,108.34375,108.25,108.328125,33099.0,2025-01-23 05:15:00-05:00
2025-01-23 10:30:00+00:00,108.296875,108.296875,108.328125,108.25,108.25,34710.0,2025-01-23 05:30:00-05:00
2025-01-23 10:45:00+00:00,108.28125,108.28125,108.3125,108.25,108.296875,31167.0,2025-01-23 05:45:00-05:00
2025-01-23 11:00:00+00:00,108.34375,108.34375,108.34375,108.203125,108.28125,74223.0,2025-01-23 06:00:00-05:00
2025-01-23 11:15:00+00:00,108.40625,108.40625,108.40625,108.28125,108.328125,58142.0,2025-01-23 06:15:00-05:00
2025-01-23 11:30:00+00:00,108.390625,108.390625,108.421875,108.34375,108.390625,36271.0,2025-01-23 06:30:00-05:00
2025-01-23 11:45:00+00:00,108.3125,108.3125,108.40625,108.3125,108.390625,40840.0,2025-01-23 06:45:00-05:00
2025-01-23 12:00:00+00:00,108.296875,108.296875,108.328125,108.25,108.328125,36858.0,2025-01-23 07:00:00-05:00
2025-01-23 12:15:00+00:00,108.3125,108.3125,108.328125,108.28125,108.296875,20826.0,2025-01-23 07:15:00-05:00
2025-01-23 12:30:00+00:00,108.34375,108.34375,108.359375,108.3125,108.3125,24656.0,2025-01-23 07:30:00-05:00
2025-01-23 12:45:00+00:00,108.359375,108.359375,108.390625,108.34375,108.359375,20441.0,2025-01-23 07:45:00-05:00
2025-01-23 13:00:00+00:00,108.359375,108.359375,108.390625,108.3125,108.359375,26522.0,2025-01-23 08:00:00-05:00
2025-01-23 13:15:00+00:00,108.34375,108.34375,108.390625,108.328125,108.375,19132.0,2025-01-23 08:15:00-05:00
2025-01-23 13:30:00+00:00,108.328125,108.328125,108.359375,108.3125,108.34375,12380.0,2025-01-23 08:30:00-05:00
2025-01-23 13:45:00+00:00,108.3125,108.3125,108.359375,108.296875,108.328125,16790.0,2025-01-23 08:45:00-05:00
2025-01-23 14:00:00+00:00,108.328125,108.328125,108.328125,108.296875,108.3125,12368.0,2025-01-23 09:00:00-05:00
2025-01-23 14:15:00+00:00,108.375,108.375,108.390625,108.3125,108.328125,15910.0,2025-01-23 09:15:00-05:00
2025-01-23 14:30:00+00:00,108.34375,108.34375,108.390625,108.34375,108.390625,17570.0,2025-01-23 09:30:00-05:00
2025-01-23 14:45:00+00:00,108.359375,108.359375,108.40625,108.34375,108.34375,57191.0,2025-01-23 09:45:00-05:00
2025-01-23 15:00:00+00:00,108.34375,108.34375,108.390625,108.328125,108.359375,55805.0,2025-01-23 10:00:00-05:00
2025-01-23 15:15:00+00:00,108.34375,108.34375,108.375,108.34375,108.359375,19134.0,2025-01-23 10:15:00-05:00
2025-01-23 15:30:00+00:00,108.359375,108.359375,108.390625,108.34375,108.359375,32669.0,2025-01-23 10:30:00-05:00
2025-01-23 15:45:00+00:00,108.34375,108.34375,108.359375,108.3125,108.359375,15947.0,2025-01-23 10:45:00-05:00
2025-01-23 16:00:00+00:00,108.34375,108.34375,108.359375,108.3125,108.328125,14201.0,2025-01-23 11:00:00-05:00
2025-01-23 16:15:00+00:00,108.3125,108.3125,108.34375,108.296875,108.34375,10611.0,2025-01-23 11:15:00-05:00
2025-01-23 16:30:00+00:00,108.3125,108.3125,108.34375,108.3125,108.3125,8072.0,2025-01-23 11:30:00-05:00
2025-01-23 16:45:00+00:00,108.3125,108.3125,108.328125,108.3125,108.3125,5946.0,2025-01-23 11:45:00-05:00
2025-01-23 18:00:00+00:00,108.34375,108.34375,108.359375,108.296875,108.3125,772.0,2025-01-23 13:00:00-05:00
2025-01-23 18:15:00+00:00,108.359375,108.359375,108.375,108.34375,108.34375,3274.0,2025-01-23 13:15:00-05:00
2025-01-23 18:30:00+00:00,108.359375,108.359375,108.359375,108.359375,108.359375,259.0,2025-01-23 13:30:00-05:00
2025-01-23 18:45:00+00:00,108.359375,108.359375,108.375,108.34375,108.359375,1558.0,2025-01-23 13:45:00-05:00
2025-01-23 19:00:00+00:00,108.375,108.375,108.390625,108.359375,108.375,2205.0,2025-01-23 14:00:00-05:00
2025-01-23 19:15:00+00:00,108.375,108.375,108.390625,108.359375,108.359375,5949.0,2025-01-23 14:15:00-05:00
2025-01-23 19:30:00+00:00,108.375,108.375,108.390625,108.359375,108.375,3736.0,2025-01-23 14:30:00-05:00
2025-01-23 19:45:00+00:00,108.359375,108.359375,108.390625,108.359375,108.375,1151.0,2025-01-23 14:45:00-05:00
2025-01-23 20:00:00+00:00,108.390625,108.390625,108.390625,108.359375,108.375,4342.0,2025-01-23 15:00:00-05:00
2025-01-23 20:15:00+00:00,108.40625,108.40625,108.421875,108.390625,108.390625,3765.0,2025-01-23 15:15:00-05:00
2025-01-23 20:30:00+00:00,108.40625,108.40625,108.40625,108.390625,108.40625,1949.0,2025-01-23 15:30:00-05:00
2025-01-23 20:45:00+00:00,108.40625,108.40625,108.421875,108.390625,108.421875,3975.0,2025-01-23 15:45:00-05:00
2025-01-23 21:00:00+00:00,108.4375,108.4375,108.4375,108.390625,108.40625,6851.0,2025-01-23 16:00:00-05:00
2025-01-23 21:15:00+00:00,108.484375,108.484375,108.53125,108.4375,108.4375,22302.0,2025-01-23 16:15:00-05:00
2025-01-23 21:30:00+00:00,108.515625,108.515625,108.515625,108.46875,108.5,9273.0,2025-01-23 16:30:00-05:00
2025-01-23 21:45:00+00:00,108.5,108.5,108.515625,108.484375,108.5,910.0,2025-01-23 16:45:00-05:00
2025-01-23 22:00:00+00:00,108.5,108.5,108.515625,108.46875,108.5,13285.0,2025-01-23 17:00:00-05:00
2025-01-23 22:15:00+00:00,108.5,108.5,108.5,108.484375,108.484375,3769.0,2025-01-23 17:15:00-05:00
2025-01-23 22:30:00+00:00,108.5,108.5,108.5,108.46875,108.5,6222.0,2025-01-23 17:30:00-05:00
2025-01-23 22:45:00+00:00,108.5,108.5,108.515625,108.484375,108.5,1846.0,2025-01-23 17:45:00-05:00
2025-01-23 23:00:00+00:00,108.484375,108.484375,108.5,108.484375,108.5,3846.0,2025-01-23 18:00:00-05:00
2025-01-23 23:15:00+00:00,108.453125,108.453125,108.484375,108.453125,108.484375,4178.0,2025-01-23 18:15:00-05:00
2025-01-23 23:30:00+00:00,108.46875,108.46875,108.46875,108.453125,108.453125,1387.0,2025-01-23 18:30:00-05:00
2025-01-23 23:45:00+00:00,108.46875,108.46875,108.46875,108.453125,108.46875,66.0,2025-01-23 18:45:00-05:00
2025-01-24 00:00:00+00:00,108.453125,108.453125,108.46875,108.453125,108.453125,5115.0,2025-01-23 19:00:00-05:00
2025-01-24 00:15:00+00:00,108.4375,108.4375,108.453125,108.421875,108.453125,3125.0,2025-01-23 19:15:00-05:00
2025-01-24 00:30:00+00:00,108.453125,108.453125,108.453125,108.421875,108.4375,3624.0,2025-01-23 19:30:00-05:00
2025-01-24 00:45:00+00:00,108.453125,108.453125,108.453125,108.421875,108.4375,3451.0,2025-01-23 19:45:00-05:00
2025-01-24 01:00:00+00:00,108.484375,108.484375,108.5,108.453125,108.453125,2157.0,2025-01-23 20:00:00-05:00
2025-01-24 01:15:00+00:00,108.5,108.5,108.53125,108.484375,108.484375,5271.0,2025-01-23 20:15:00-05:00
2025-01-24 01:30:00+00:00,108.5,108.5,108.515625,108.484375,108.515625,5632.0,2025-01-23 20:30:00-05:00
2025-01-24 01:45:00+00:00,108.515625,108.515625,108.515625,108.5,108.5,4299.0,2025-01-23 20:45:00-05:00
2025-01-24 02:00:00+00:00,108.53125,108.53125,108.53125,108.484375,108.515625,7716.0,2025-01-23 21:00:00-05:00
2025-01-24 02:15:00+00:00,108.5,108.5,108.53125,108.5,108.53125,5773.0,2025-01-23 21:15:00-05:00
2025-01-24 02:30:00+00:00,108.484375,108.484375,108.53125,108.46875,108.5,5483.0,2025-01-23 21:30:00-05:00
2025-01-24 02:45:00+00:00,108.484375,108.484375,108.5,108.453125,108.484375,4567.0,2025-01-23 21:45:00-05:00
2025-01-24 03:00:00+00:00,108.546875,108.546875,108.5625,108.46875,108.484375,12466.0,2025-01-23 22:00:00-05:00
2025-01-24 03:15:00+00:00,108.5625,108.5625,108.59375,108.53125,108.546875,22431.0,2025-01-23 22:15:00-05:00
2025-01-24 03:30:00+00:00,108.484375,108.484375,108.546875,108.46875,108.546875,38634.0,2025-01-23 22:30:00-05:00
2025-01-24 03:45:00+00:00,108.46875,108.46875,108.5,108.4375,108.484375,17555.0,2025-01-23 22:45:00-05:00
2025-01-24 04:00:00+00:00,108.5,108.5,108.515625,108.453125,108.46875,14808.0,2025-01-23 23:00:00-05:00
2025-01-24 04:15:00+00:00,108.5,108.5,108.53125,108.5,108.53099822998048,9468.0,2025-01-23 23:15:00-05:00
2025-01-24 04:30:00+00:00,108.390625,108.390625,108.515625,108.375,108.5,22549.0,2025-01-23 23:30:00-05:00
2025-01-24 04:45:00+00:00,108.4375,108.4375,108.4375,108.375,108.390625,12128.0,2025-01-23 23:45:00-05:00
2025-01-24 05:00:00+00:00,108.40625,108.40625,108.4375,108.40625,108.421875,4728.0,2025-01-24 00:00:00-05:00
2025-01-24 05:15:00+00:00,108.4375,108.4375,108.4375,108.390625,108.421875,6213.0,2025-01-24 00:15:00-05:00
2025-01-24 05:30:00+00:00,108.4375,108.4375,108.453125,108.40625,108.421875,9556.0,2025-01-24 00:30:00-05:00
2025-01-24 05:45:00+00:00,108.421875,108.421875,108.4375,108.421875,108.4375,3508.0,2025-01-24 00:45:00-05:00
2025-01-24 06:00:00+00:00,108.421875,108.421875,108.453125,108.40625,108.421875,6309.0,2025-01-24 01:00:00-05:00
2025-01-24 06:15:00+00:00,108.40625,108.40625,108.4219970703125,108.390625,108.4219970703125,15961.0,2025-01-24 01:15:00-05:00
2025-01-24 06:30:00+00:00,108.34375,108.34375,108.40625,108.34375,108.40625,13671.0,2025-01-24 01:30:00-05:00
2025-01-24 06:45:00+00:00,108.34375,108.34375,108.375,108.34375,108.34375,5736.0,2025-01-24 01:45:00-05:00
2025-01-24 07:00:00+00:00,108.390625,108.390625,108.390625,108.34375,108.34375,9462.0,2025-01-24 02:00:00-05:00
2025-01-24 07:15:00+00:00,108.40625,108.40625,108.421875,108.375,108.390625,7966.0,2025-01-24 02:15:00-05:00
2025-01-24 07:30:00+00:00,108.359375,108.359375,108.40625,108.34375,108.390625,5485.0,2025-01-24 02:30:00-05:00
2025-01-24 07:45:00+00:00,108.34375,108.34375,108.375,108.328125,108.34375,14018.0,2025-01-24 02:45:00-05:00
2025-01-24 08:00:00+00:00,108.359375,108.359375,108.359375,108.328125,108.34375,14241.0,2025-01-24 03:00:00-05:00
2025-01-24 08:15:00+00:00,108.40625,108.40625,108.40625,108.34375,108.34375,15962.0,2025-01-24 03:15:00-05:00
2025-01-24 08:30:00+00:00,108.375,108.375,108.40625,108.359375,108.390625,23328.0,2025-01-24 03:30:00-05:00
2025-01-24 08:45:00+00:00,108.390625,108.390625,108.390625,108.34375,108.375,19713.0,2025-01-24 03:45:00-05:00
2025-01-24 09:00:00+00:00,108.328125,108.328125,108.390625,108.3125,108.390625,33757.0,2025-01-24 04:00:00-05:00
2025-01-24 09:15:00+00:00,108.3125,108.3125,108.375,108.28125,108.328125,44138.0,2025-01-24 04:15:00-05:00
2025-01-24 09:30:00+00:00,108.265625,108.265625,108.3125,108.234375,108.3125,34536.0,2025-01-24 04:30:00-05:00
2025-01-24 09:45:00+00:00,108.34375,108.34375,108.453125,108.265625,108.296875,96911.0,2025-01-24 04:45:00-05:00
2025-01-24 10:00:00+00:00,108.46875,108.46875,108.484375,108.328125,108.359375,60528.0,2025-01-24 05:00:00-05:00
2025-01-24 10:15:00+00:00,108.46875,108.46875,108.5,108.421875,108.484375,46023.0,2025-01-24 05:15:00-05:00
2025-01-24 10:30:00+00:00,108.46875,108.46875,108.515625,108.453125,108.46875,50694.0,2025-01-24 05:30:00-05:00
2025-01-24 10:45:00+00:00,108.609375,108.609375,108.65625,108.484375,108.484375,99991.0,2025-01-24 05:45:00-05:00
2025-01-24 11:00:00+00:00,108.578125,108.578125,108.625,108.546875,108.609375,70420.0,2025-01-24 06:00:00-05:00
2025-01-24 11:15:00+00:00,108.578125,108.578125,108.578125,108.546875,108.578125,22297.0,2025-01-24 06:15:00-05:00
2025-01-24 11:30:00+00:00,108.546875,108.546875,108.578125,108.546875,108.578125,27532.0,2025-01-24 06:30:00-05:00
2025-01-24 11:45:00+00:00,108.5625,108.5625,108.578125,108.515625,108.5625,24224.0,2025-01-24 06:45:00-05:00
2025-01-24 12:00:00+00:00,108.578125,108.578125,108.609375,108.546875,108.5625,24936.0,2025-01-24 07:00:00-05:00
2025-01-24 12:15:00+00:00,108.546875,108.546875,108.59375,108.53125,108.578125,17077.0,2025-01-24 07:15:00-05:00
2025-01-24 12:30:00+00:00,108.53125,108.53125,108.5625,108.515625,108.546875,16714.0,2025-01-24 07:30:00-05:00
2025-01-24 12:45:00+00:00,108.5,108.5,108.546875,108.484375,108.53125,18345.0,2025-01-24 07:45:00-05:00
2025-01-24 13:00:00+00:00,108.515625,108.515625,108.515625,108.46875,108.5,19089.0,2025-01-24 08:00:00-05:00
2025-01-24 13:15:00+00:00,108.46875,108.46875,108.515625,108.453125,108.515625,37349.0,2025-01-24 08:15:00-05:00
2025-01-24 13:30:00+00:00,108.453125,108.453125,108.484375,108.453125,108.484375,22943.0,2025-01-24 08:30:00-05:00
2025-01-24 13:45:00+00:00,108.4375,108.4375,108.46875,108.421875,108.453125,24324.0,2025-01-24 08:45:00-05:00
2025-01-24 14:00:00+00:00,108.453125,108.453125,108.46875,108.4375,108.453125,17668.0,2025-01-24 09:00:00-05:00
2025-01-24 14:15:00+00:00,108.46875,108.46875,108.484375,108.453125,108.453125,10541.0,2025-01-24 09:15:00-05:00
2025-01-24 14:30:00+00:00,108.484375,108.484375,108.5,108.453125,108.484375,13981.0,2025-01-24 09:30:00-05:00
2025-01-24 14:45:00+00:00,108.484375,108.484375,108.515625,108.453125,108.484375,74235.0,2025-01-24 09:45:00-05:00
2025-01-24 15:00:00+00:00,108.46875,108.46875,108.484375,108.4375,108.484375,26182.0,2025-01-24 10:00:00-05:00
2025-01-24 15:15:00+00:00,108.46875,108.46875,108.484375,108.4375,108.453125,11179.0,2025-01-24 10:15:00-05:00
2025-01-24 15:30:00+00:00,108.453125,108.453125,108.46875,108.4375,108.46875,16133.0,2025-01-24 10:30:00-05:00
2025-01-24 15:45:00+00:00,108.515625,108.515625,108.515625,108.4375,108.453125,35433.0,2025-01-24 10:45:00-05:00
2025-01-24 16:00:00+00:00,108.515625,108.515625,108.515625,108.484375,108.515625,28123.0,2025-01-24 11:00:00-05:00
2025-01-24 16:15:00+00:00,108.515625,108.515625,108.515625,108.5,108.515625,7513.0,2025-01-24 11:15:00-05:00
2025-01-24 16:30:00+00:00,108.515625,108.515625,108.515625,108.5,108.515625,11326.0,2025-01-24 11:30:00-05:00
2025-01-24 16:45:00+00:00,108.5,108.5,108.515625,108.484375,108.515625,20435.0,2025-01-24 11:45:00-05:00
2025-01-26 18:00:00+00:00,108.625,108.625,108.625,108.5,108.515625,17209.0,2025-01-26 13:00:00-05:00
2025-01-26 18:15:00+00:00,108.625,108.625,108.640625,108.609375,108.609375,5563.0,2025-01-26 13:15:00-05:00
2025-01-26 18:30:00+00:00,108.609375,108.609375,108.640625,108.609375,108.625,5118.0,2025-01-26 13:30:00-05:00
2025-01-26 18:45:00+00:00,108.609375,108.609375,108.625,108.609375,108.609375,3395.0,2025-01-26 13:45:00-05:00
2025-01-26 19:00:00+00:00,108.59375,108.59375,108.625,108.59375,108.609375,5005.0,2025-01-26 14:00:00-05:00
2025-01-26 19:15:00+00:00,108.609375,108.609375,108.640625,108.59375,108.609375,8872.0,2025-01-26 14:15:00-05:00
2025-01-26 19:30:00+00:00,108.640625,108.640625,108.65625,108.59375,108.625,7062.0,2025-01-26 14:30:00-05:00
2025-01-26 19:45:00+00:00,108.671875,108.671875,108.671875,108.640625,108.65625,6004.0,2025-01-26 14:45:00-05:00
2025-01-26 20:00:00+00:00,108.71875,108.71875,108.71875,108.671875,108.671875,10480.0,2025-01-26 15:00:00-05:00
2025-01-26 20:15:00+00:00,108.6875,108.6875,108.75,108.6875,108.703125,11840.0,2025-01-26 15:15:00-05:00
2025-01-26 20:30:00+00:00,108.71875,108.71875,108.71875,108.671875,108.6875,4202.0,2025-01-26 15:30:00-05:00
2025-01-26 20:45:00+00:00,108.75,108.75,108.75,108.703125,108.71875,6727.0,2025-01-26 15:45:00-05:00
2025-01-26 21:00:00+00:00,108.71875,108.71875,108.75,108.703125,108.75,5643.0,2025-01-26 16:00:00-05:00
2025-01-26 21:15:00+00:00,108.6875,108.6875,108.734375,108.6875,108.71875,2358.0,2025-01-26 16:15:00-05:00
2025-01-26 21:30:00+00:00,108.703125,108.703125,108.71875,108.6875,108.6875,2583.0,2025-01-26 16:30:00-05:00
2025-01-26 21:45:00+00:00,108.71875,108.71875,108.734375,108.703125,108.703125,2898.0,2025-01-26 16:45:00-05:00
2025-01-26 22:00:00+00:00,108.703125,108.703125,108.734375,108.703125,108.734375,2406.0,2025-01-26 17:00:00-05:00
2025-01-26 22:15:00+00:00,108.671875,108.671875,108.703125,108.65625,108.703125,4932.0,2025-01-26 17:15:00-05:00
2025-01-26 22:30:00+00:00,108.65625,108.65625,108.703125,108.65625,108.671875,2093.0,2025-01-26 17:30:00-05:00
2025-01-26 22:45:00+00:00,108.65625,108.65625,108.671875,108.65625,108.65625,1904.0,2025-01-26 17:45:00-05:00
2025-01-26 23:00:00+00:00,108.671875,108.671875,108.6875,108.65625,108.65625,2592.0,2025-01-26 18:00:00-05:00
2025-01-26 23:15:00+00:00,108.671875,108.671875,108.671875,108.65625,108.65625,56.0,2025-01-26 18:15:00-05:00
2025-01-26 23:30:00+00:00,108.6875,108.6875,108.6875,108.65625,108.65625,1824.0,2025-01-26 18:30:00-05:00
2025-01-26 23:45:00+00:00,108.6875,108.6875,108.6875,108.671875,108.6875,503.0,2025-01-26 18:45:00-05:00
2025-01-27 00:00:00+00:00,108.671875,108.671875,108.703125,108.671875,108.6875,2756.0,2025-01-26 19:00:00-05:00
2025-01-27 00:15:00+00:00,108.6875,108.6875,108.703125,108.671875,108.6875,1878.0,2025-01-26 19:15:00-05:00
2025-01-27 00:30:00+00:00,108.6875,108.6875,108.71875,108.6875,108.703125,6778.0,2025-01-26 19:30:00-05:00
2025-01-27 00:45:00+00:00,108.703125,108.703125,108.71875,108.6875,108.703125,1295.0,2025-01-26 19:45:00-05:00
2025-01-27 01:00:00+00:00,108.703125,108.703125,108.71875,108.703125,108.703125,2088.0,2025-01-26 20:00:00-05:00
2025-01-27 01:15:00+00:00,108.703125,108.703125,108.71875,108.703125,108.71875,2060.0,2025-01-26 20:15:00-05:00
2025-01-27 01:30:00+00:00,108.71875,108.71875,108.75,108.71875,108.71875,7433.0,2025-01-26 20:30:00-05:00
2025-01-27 01:45:00+00:00,108.796875,108.796875,108.8125,108.734375,108.734375,14688.0,2025-01-26 20:45:00-05:00
2025-01-27 02:00:00+00:00,108.84375,108.84375,108.859375,108.796875,108.796875,20377.0,2025-01-26 21:00:00-05:00
2025-01-27 02:15:00+00:00,108.90625,108.90625,108.921875,108.84375,108.84375,41389.0,2025-01-26 21:15:00-05:00
2025-01-27 02:30:00+00:00,108.875,108.875,108.9375,108.84375,108.90625,26612.0,2025-01-26 21:30:00-05:00
2025-01-27 02:45:00+00:00,108.9375,108.9375,108.953125,108.875,108.875,23032.0,2025-01-26 21:45:00-05:00
2025-01-27 03:00:00+00:00,109.0,109.0,109.015625,108.9375,108.9375,52828.0,2025-01-26 22:00:00-05:00
2025-01-27 03:15:00+00:00,109.015625,109.015625,109.0625,108.96875,109.015625,30736.0,2025-01-26 22:15:00-05:00
2025-01-27 03:30:00+00:00,108.984375,108.984375,109.03125,108.96875,109.015625,35956.0,2025-01-26 22:30:00-05:00
2025-01-27 03:45:00+00:00,109.046875,109.046875,109.046875,108.984375,109.0,24614.0,2025-01-26 22:45:00-05:00
2025-01-27 04:00:00+00:00,109.140625,109.140625,109.21875,109.015625,109.046875,95255.0,2025-01-26 23:00:00-05:00
2025-01-27 04:15:00+00:00,109.09375,109.09375,109.15625,109.09375,109.140625,23644.0,2025-01-26 23:15:00-05:00
2025-01-27 04:30:00+00:00,109.078125,109.078125,109.109375,109.0625,109.109375,20706.0,2025-01-26 23:30:00-05:00
2025-01-27 04:45:00+00:00,109.078125,109.078125,109.09375,109.0625,109.078125,18036.0,2025-01-26 23:45:00-05:00
2025-01-27 05:00:00+00:00,109.140625,109.140625,109.140625,109.0625,109.078125,29369.0,2025-01-27 00:00:00-05:00
2025-01-27 05:15:00+00:00,109.15625,109.15625,109.1875,109.109375,109.125,25883.0,2025-01-27 00:15:00-05:00
2025-01-27 05:30:00+00:00,109.21875,109.21875,109.234375,109.15625,109.171875,38336.0,2025-01-27 00:30:00-05:00
2025-01-27 05:45:00+00:00,109.296875,109.296875,109.3125,109.203125,109.234375,51889.0,2025-01-27 00:45:00-05:00
2025-01-27 06:00:00+00:00,109.328125,109.328125,109.359375,109.265625,109.296875,68568.0,2025-01-27 01:00:00-05:00
2025-01-27 06:15:00+00:00,109.34375,109.34375,109.375,109.328125,109.34375,41109.0,2025-01-27 01:15:00-05:00
2025-01-27 06:30:00+00:00,109.265625,109.265625,109.375,109.25,109.359375,36353.0,2025-01-27 01:30:00-05:00
2025-01-27 06:45:00+00:00,109.3125,109.3125,109.328125,109.234375,109.265625,33281.0,2025-01-27 01:45:00-05:00
2025-01-27 07:00:00+00:00,109.28125,109.28125,109.359375,109.234375,109.3125,28718.0,2025-01-27 02:00:00-05:00
2025-01-27 07:15:00+00:00,109.21875,109.21875,109.296875,109.1875,109.296875,45151.0,2025-01-27 02:15:00-05:00
2025-01-27 07:30:00+00:00,109.203125,109.203125,109.28125,109.203125,109.21875,40919.0,2025-01-27 02:30:00-05:00
2025-01-27 07:45:00+00:00,109.171875,109.171875,109.21875,109.140625,109.203125,49935.0,2025-01-27 02:45:00-05:00
2025-01-27 08:00:00+00:00,109.125,109.125,109.25,109.125,109.15625,61337.0,2025-01-27 03:00:00-05:00
2025-01-27 08:15:00+00:00,109.0625,109.0625,109.15625,109.046875,109.125,65557.0,2025-01-27 03:15:00-05:00
2025-01-27 08:30:00+00:00,109.078125,109.078125,109.140625,109.03125,109.046875,55800.0,2025-01-27 03:30:00-05:00
2025-01-27 08:45:00+00:00,109.109375,109.109375,109.140625,109.046875,109.0625,54624.0,2025-01-27 03:45:00-05:00
2025-01-27 09:00:00+00:00,109.15625,109.15625,109.21875,109.09375,109.125,74996.0,2025-01-27 04:00:00-05:00
2025-01-27 09:15:00+00:00,109.15625,109.15625,109.1875,109.125,109.171875,49097.0,2025-01-27 04:15:00-05:00
2025-01-27 09:30:00+00:00,109.0625,109.0625,109.15625,109.03125,109.140625,75325.0,2025-01-27 04:30:00-05:00
2025-01-27 09:45:00+00:00,108.984375,108.984375,109.09375,108.984375,109.078125,64059.0,2025-01-27 04:45:00-05:00
2025-01-27 10:00:00+00:00,108.984375,108.984375,109.015625,108.9375,109.0,63535.0,2025-01-27 05:00:00-05:00
2025-01-27 10:15:00+00:00,108.984375,108.984375,109.078125,108.96875,109.0,69513.0,2025-01-27 05:15:00-05:00
2025-01-27 10:30:00+00:00,108.9375,108.9375,109.0,108.890625,109.0,53497.0,2025-01-27 05:30:00-05:00
2025-01-27 10:45:00+00:00,109.0,109.0,109.0,108.921875,108.9375,45623.0,2025-01-27 05:45:00-05:00
2025-01-27 11:00:00+00:00,109.03125,109.03125,109.03125,108.9375,108.984375,46721.0,2025-01-27 06:00:00-05:00
2025-01-27 11:15:00+00:00,109.0625,109.0625,109.078125,109.0,109.015625,43620.0,2025-01-27 06:15:00-05:00
2025-01-27 11:30:00+00:00,109.046875,109.046875,109.078125,108.984375,109.0625,42241.0,2025-01-27 06:30:00-05:00
2025-01-27 11:45:00+00:00,109.0625,109.0625,109.078125,108.984375,109.0625,34790.0,2025-01-27 06:45:00-05:00
2025-01-27 12:00:00+00:00,109.03125,109.03125,109.09375,109.0,109.0625,28993.0,2025-01-27 07:00:00-05:00
2025-01-27 12:15:00+00:00,109.03125,109.03125,109.0625,109.0,109.03125,24403.0,2025-01-27 07:15:00-05:00
2025-01-27 12:30:00+00:00,109.0625,109.0625,109.078125,109.0,109.015625,40584.0,2025-01-27 07:30:00-05:00
2025-01-27 12:45:00+00:00,109.109375,109.109375,109.15625,109.0625,109.0625,41923.0,2025-01-27 07:45:00-05:00
2025-01-27 13:00:00+00:00,109.15625,109.15625,109.21875,109.078125,109.109375,63437.0,2025-01-27 08:00:00-05:00
2025-01-27 13:15:00+00:00,109.140625,109.140625,109.171875,109.109375,109.171875,23047.0,2025-01-27 08:15:00-05:00
2025-01-27 13:30:00+00:00,109.125,109.125,109.15625,109.09375,109.140625,26645.0,2025-01-27 08:30:00-05:00
2025-01-27 13:45:00+00:00,109.125,109.125,109.140625,109.109375,109.125,21289.0,2025-01-27 08:45:00-05:00
2025-01-27 14:00:00+00:00,109.09375,109.09375,109.125,109.078125,109.109375,20698.0,2025-01-27 09:00:00-05:00
2025-01-27 14:15:00+00:00,109.015625,109.015625,109.09375,109.0,109.09375,31068.0,2025-01-27 09:15:00-05:00
2025-01-27 14:30:00+00:00,109.078125,109.078125,109.078125,109.0,109.0,21541.0,2025-01-27 09:30:00-05:00
2025-01-27 14:45:00+00:00,109.15625,109.15625,109.171875,109.078125,109.078125,113128.0,2025-01-27 09:45:00-05:00
2025-01-27 15:00:00+00:00,109.125,109.125,109.171875,109.109375,109.171875,42275.0,2025-01-27 10:00:00-05:00
2025-01-27 15:15:00+00:00,109.140625,109.140625,109.15625,109.125,109.125,28595.0,2025-01-27 10:15:00-05:00
2025-01-27 15:30:00+00:00,109.171875,109.171875,109.1875,109.125,109.15625,32490.0,2025-01-27 10:30:00-05:00
2025-01-27 15:45:00+00:00,109.125,109.125,109.171875,109.125,109.171875,34568.0,2025-01-27 10:45:00-05:00
2025-01-27 16:00:00+00:00,109.140625,109.140625,109.15625,109.109375,109.125,37852.0,2025-01-27 11:00:00-05:00
2025-01-27 16:15:00+00:00,109.109375,109.109375,109.15625,109.109375,109.140625,23324.0,2025-01-27 11:15:00-05:00
2025-01-27 16:30:00+00:00,109.109375,109.109375,109.125,109.09375,109.125,11129.0,2025-01-27 11:30:00-05:00
2025-01-27 16:45:00+00:00,109.09375,109.09375,109.109375,109.078125,109.109375,12089.0,2025-01-27 11:45:00-05:00
2025-01-27 18:00:00+00:00,109.078125,109.078125,109.109375,109.0625,109.0625,4674.0,2025-01-27 13:00:00-05:00
2025-01-27 18:15:00+00:00,109.015625,109.015625,109.0625,108.984375,109.0625,8372.0,2025-01-27 13:15:00-05:00
2025-01-27 18:30:00+00:00,109.03125,109.03125,109.03125,108.984375,109.0,5034.0,2025-01-27 13:30:00-05:00
2025-01-27 18:45:00+00:00,109.03125,109.03125,109.03125,109.015625,109.03125,3044.0,2025-01-27 13:45:00-05:00
2025-01-27 19:00:00+00:00,108.96875,108.96875,109.03125,108.9375,109.03125,12011.0,2025-01-27 14:00:00-05:00
2025-01-27 19:15:00+00:00,108.984375,108.984375,108.984375,108.953125,108.96875,3454.0,2025-01-27 14:15:00-05:00
2025-01-27 19:30:00+00:00,108.984375,108.984375,109.0,108.984375,108.984375,933.0,2025-01-27 14:30:00-05:00
2025-01-27 19:45:00+00:00,108.984375,108.984375,109.015625,108.984375,108.984375,2225.0,2025-01-27 14:45:00-05:00
2025-01-27 20:00:00+00:00,108.953125,108.953125,109.0,108.953125,108.984375,4453.0,2025-01-27 15:00:00-05:00
2025-01-27 20:15:00+00:00,108.984375,108.984375,109.0,108.96875,108.96875,4236.0,2025-01-27 15:15:00-05:00
2025-01-27 20:30:00+00:00,108.984375,108.984375,109.0,108.96875,108.984375,4862.0,2025-01-27 15:30:00-05:00
2025-01-27 20:45:00+00:00,108.953125,108.953125,109.015625,108.921875,108.984375,13465.0,2025-01-27 15:45:00-05:00
2025-01-27 21:00:00+00:00,108.9375,108.9375,108.984375,108.921875,108.953125,14800.0,2025-01-27 16:00:00-05:00
2025-01-27 21:15:00+00:00,108.9375,108.9375,108.96875,108.9375,108.9375,4542.0,2025-01-27 16:15:00-05:00
2025-01-27 21:30:00+00:00,108.96875,108.96875,108.984375,108.9375,108.9375,3799.0,2025-01-27 16:30:00-05:00
2025-01-27 21:45:00+00:00,108.96875,108.96875,108.984375,108.96875,108.96875,3196.0,2025-01-27 16:45:00-05:00
2025-01-27 22:00:00+00:00,108.953125,108.953125,108.984375,108.953125,108.984375,2606.0,2025-01-27 17:00:00-05:00
2025-01-27 22:15:00+00:00,108.96875,108.96875,108.96875,108.953125,108.96875,969.0,2025-01-27 17:15:00-05:00
2025-01-27 22:30:00+00:00,109.0,109.0,109.015625,108.96875,108.96875,4890.0,2025-01-27 17:30:00-05:00
2025-01-27 22:45:00+00:00,109.0,109.0,109.015625,108.984375,109.015625,2172.0,2025-01-27 17:45:00-05:00
2025-01-27 23:00:00+00:00,108.984375,108.984375,109.015625,108.984375,109.0,1685.0,2025-01-27 18:00:00-05:00
2025-01-27 23:15:00+00:00,108.96875,108.96875,108.984375,108.96875,108.96875,2372.0,2025-01-27 18:15:00-05:00
2025-01-27 23:30:00+00:00,108.953125,108.953125,108.96875,108.9375,108.953125,2642.0,2025-01-27 18:30:00-05:00
2025-01-27 23:45:00+00:00,108.953125,108.953125,108.96875,108.9375,108.953125,1163.0,2025-01-27 18:45:00-05:00
2025-01-28 00:00:00+00:00,108.96875,108.96875,108.96875,108.9375,108.9375,2357.0,2025-01-27 19:00:00-05:00
2025-01-28 00:15:00+00:00,108.984375,108.984375,108.984375,108.953125,108.96875,3334.0,2025-01-27 19:15:00-05:00
2025-01-28 00:30:00+00:00,108.96875,108.96875,108.984375,108.96875,108.984375,394.0,2025-01-27 19:30:00-05:00
2025-01-28 00:45:00+00:00,108.953125,108.953125,108.984375,108.953125,108.96875,2933.0,2025-01-27 19:45:00-05:00
2025-01-28 01:00:00+00:00,108.984375,108.984375,109.0,108.96875,108.96875,2664.0,2025-01-27 20:00:00-05:00
2025-01-28 01:15:00+00:00,108.984375,108.984375,108.984375,108.953125,108.984375,3527.0,2025-01-27 20:15:00-05:00
2025-01-28 01:30:00+00:00,108.96875,108.96875,108.984375,108.96875,108.984375,3353.0,2025-01-27 20:30:00-05:00
2025-01-28 01:45:00+00:00,108.96875,108.96875,108.96875,108.953125,108.96875,2334.0,2025-01-27 20:45:00-05:00
2025-01-28 02:00:00+00:00,109.015625,109.015625,109.03125,108.96875,108.96875,10012.0,2025-01-27 21:00:00-05:00
2025-01-28 02:15:00+00:00,109.0,109.0,109.015625,109.0,109.015625,5330.0,2025-01-27 21:15:00-05:00
2025-01-28 02:30:00+00:00,109.0,109.0,109.015625,108.984375,108.984375,3663.0,2025-01-27 21:30:00-05:00
2025-01-28 02:45:00+00:00,108.9375,108.9375,109.0,108.921875,109.0,13816.0,2025-01-27 21:45:00-05:00
2025-01-28 03:00:00+00:00,108.875,108.875,108.9375,108.859375,108.9375,36164.0,2025-01-27 22:00:00-05:00
2025-01-28 03:15:00+00:00,108.9375,108.9375,108.9375,108.875,108.875,27059.0,2025-01-27 22:15:00-05:00
2025-01-28 03:30:00+00:00,108.921875,108.921875,108.9375,108.890625,108.9375,14237.0,2025-01-27 22:30:00-05:00
2025-01-28 03:45:00+00:00,108.90625,108.90625,108.921875,108.859375,108.921875,12672.0,2025-01-27 22:45:00-05:00
2025-01-28 04:00:00+00:00,108.90625,108.90625,108.921875,108.890625,108.90625,10152.0,2025-01-27 23:00:00-05:00
2025-01-28 04:15:00+00:00,108.890625,108.890625,108.890625,108.796875,108.85900115966795,39787.0,2025-01-27 23:15:00-05:00
2025-01-28 04:30:00+00:00,108.890625,108.890625,108.90625,108.875,108.875,11283.0,2025-01-27 23:30:00-05:00
2025-01-28 04:45:00+00:00,108.859375,108.859375,108.90625,108.84375,108.890625,12691.0,2025-01-27 23:45:00-05:00
2025-01-28 05:00:00+00:00,108.890625,108.890625,108.90625,108.875,108.875,12629.0,2025-01-28 00:00:00-05:00
2025-01-28 05:15:00+00:00,108.921875,108.921875,108.921875,108.890625,108.890625,6079.0,2025-01-28 00:15:00-05:00
2025-01-28 05:30:00+00:00,108.921875,108.921875,108.9375,108.921875,108.921875,16828.0,2025-01-28 00:30:00-05:00
2025-01-28 05:45:00+00:00,108.875,108.875,108.921875,108.828125,108.90625,9129.0,2025-01-28 00:45:00-05:00
2025-01-28 06:00:00+00:00,108.90625,108.90625,108.90625,108.859375,108.875,6609.0,2025-01-28 01:00:00-05:00
2025-01-28 06:15:00+00:00,108.875,108.875,108.90625,108.875,108.90625,7225.0,2025-01-28 01:15:00-05:00
2025-01-28 06:30:00+00:00,108.890625,108.890625,108.90625,108.859375,108.875,9400.0,2025-01-28 01:30:00-05:00
2025-01-28 06:45:00+00:00,108.875,108.875,108.90625,108.859375,108.890625,2298.0,2025-01-28 01:45:00-05:00
2025-01-28 07:00:00+00:00,108.90625,108.90625,108.921875,108.859375,108.875,18769.0,2025-01-28 02:00:00-05:00
2025-01-28 07:15:00+00:00,108.890625,108.890625,108.9375,108.875,108.890625,14757.0,2025-01-28 02:15:00-05:00
2025-01-28 07:30:00+00:00,108.921875,108.921875,108.921875,108.875,108.90625,15258.0,2025-01-28 02:30:00-05:00
2025-01-28 07:45:00+00:00,108.921875,108.921875,108.9375,108.890625,108.921875,14032.0,2025-01-28 02:45:00-05:00
2025-01-28 08:00:00+00:00,108.890625,108.890625,108.921875,108.859375,108.90625,24716.0,2025-01-28 03:00:00-05:00
2025-01-28 08:15:00+00:00,108.953125,108.953125,108.96875,108.875,108.890625,36240.0,2025-01-28 03:15:00-05:00
2025-01-28 08:30:00+00:00,108.921875,108.921875,108.984375,108.90625,108.953125,43572.0,2025-01-28 03:30:00-05:00
2025-01-28 08:45:00+00:00,108.921875,108.921875,108.9375,108.859375,108.9375,37266.0,2025-01-28 03:45:00-05:00
2025-01-28 09:00:00+00:00,108.90625,108.90625,108.96875,108.875,108.921875,31759.0,2025-01-28 04:00:00-05:00
2025-01-28 09:15:00+00:00,108.875,108.875,108.90625,108.875,108.90625,18026.0,2025-01-28 04:15:00-05:00
2025-01-28 09:30:00+00:00,109.015625,109.015625,109.015625,108.875,108.875,47220.0,2025-01-28 04:30:00-05:00
2025-01-28 09:45:00+00:00,108.984375,108.984375,109.0625,108.96875,109.0,71282.0,2025-01-28 04:45:00-05:00
2025-01-28 10:00:00+00:00,108.96875,108.96875,109.0,108.921875,108.984375,52645.0,2025-01-28 05:00:00-05:00
2025-01-28 10:15:00+00:00,108.890625,108.890625,108.96875,108.875,108.96875,34484.0,2025-01-28 05:15:00-05:00
2025-01-28 10:30:00+00:00,108.84375,108.84375,108.921875,108.84375,108.890625,26560.0,2025-01-28 05:30:00-05:00
2025-01-28 10:45:00+00:00,108.84375,108.84375,108.890625,108.8125,108.859375,33769.0,2025-01-28 05:45:00-05:00
2025-01-28 11:00:00+00:00,108.828125,108.828125,108.84375,108.796875,108.84375,30184.0,2025-01-28 06:00:00-05:00
2025-01-28 11:15:00+00:00,108.890625,108.890625,108.890625,108.8125,108.84375,17750.0,2025-01-28 06:15:00-05:00
2025-01-28 11:30:00+00:00,108.875,108.875,108.90625,108.84375,108.890625,22820.0,2025-01-28 06:30:00-05:00
2025-01-28 11:45:00+00:00,108.859375,108.859375,108.875,108.828125,108.859375,24326.0,2025-01-28 06:45:00-05:00
2025-01-28 12:00:00+00:00,108.859375,108.859375,108.890625,108.84375,108.859375,27022.0,2025-01-28 07:00:00-05:00
2025-01-28 12:15:00+00:00,108.84375,108.84375,108.859375,108.828125,108.84375,16800.0,2025-01-28 07:15:00-05:00
2025-01-28 12:30:00+00:00,108.90625,108.90625,108.90625,108.84375,108.859375,20776.0,2025-01-28 07:30:00-05:00
2025-01-28 12:45:00+00:00,108.90625,108.90625,108.921875,108.875,108.90625,33494.0,2025-01-28 07:45:00-05:00
2025-01-28 13:00:00+00:00,108.953125,108.953125,108.96875,108.875,108.90625,48915.0,2025-01-28 08:00:00-05:00
2025-01-28 13:15:00+00:00,109.0,109.0,109.015625,108.9375,108.953125,40846.0,2025-01-28 08:15:00-05:00
2025-01-28 13:30:00+00:00,108.96875,108.96875,109.03125,108.96875,109.0,24629.0,2025-01-28 08:30:00-05:00
2025-01-28 13:45:00+00:00,108.9375,108.9375,109.0,108.921875,108.984375,17779.0,2025-01-28 08:45:00-05:00
2025-01-28 14:00:00+00:00,108.921875,108.921875,108.953125,108.90625,108.921875,22449.0,2025-01-28 09:00:00-05:00
2025-01-28 14:15:00+00:00,108.96875,108.96875,108.984375,108.921875,108.921875,18704.0,2025-01-28 09:15:00-05:00
2025-01-28 14:30:00+00:00,109.0,109.0,109.0,108.9375,108.96875,17074.0,2025-01-28 09:30:00-05:00
2025-01-28 14:45:00+00:00,109.03125,109.03125,109.046875,108.984375,109.0,64481.0,2025-01-28 09:45:00-05:00
2025-01-28 15:00:00+00:00,109.03125,109.03125,109.0625,109.0,109.046875,31831.0,2025-01-28 10:00:00-05:00
2025-01-28 15:15:00+00:00,109.0625,109.0625,109.09375,109.03125,109.03125,42232.0,2025-01-28 10:15:00-05:00
2025-01-28 15:30:00+00:00,109.09375,109.09375,109.109375,109.0625,109.078125,33085.0,2025-01-28 10:30:00-05:00
2025-01-28 15:45:00+00:00,109.125,109.125,109.15625,109.0625,109.09375,50477.0,2025-01-28 10:45:00-05:00
2025-01-28 16:00:00+00:00,109.109375,109.109375,109.125,109.078125,109.125,47899.0,2025-01-28 11:00:00-05:00
2025-01-28 16:15:00+00:00,109.109375,109.109375,109.140625,109.09375,109.125,23106.0,2025-01-28 11:15:00-05:00
2025-01-28 16:30:00+00:00,109.140625,109.140625,109.140625,109.09375,109.09375,15850.0,2025-01-28 11:30:00-05:00
2025-01-28 16:45:00+00:00,109.140625,109.140625,109.140625,109.125,109.125,9157.0,2025-01-28 11:45:00-05:00
2025-01-28 18:00:00+00:00,109.09375,109.09375,109.125,109.09375,109.125,269.0,2025-01-28 13:00:00-05:00
2025-01-28 18:15:00+00:00,109.109375,109.109375,109.109375,109.09375,109.09375,1020.0,2025-01-28 13:15:00-05:00
2025-01-28 18:30:00+00:00,109.125,109.125,109.125,109.09375,109.109375,2049.0,2025-01-28 13:30:00-05:00
2025-01-28 18:45:00+00:00,109.140625,109.140625,109.15625,109.109375,109.109375,6628.0,2025-01-28 13:45:00-05:00
2025-01-28 19:00:00+00:00,109.125,109.125,109.171875,109.125,109.140625,5970.0,2025-01-28 14:00:00-05:00
2025-01-28 19:15:00+00:00,109.15625,109.15625,109.15625,109.125,109.140625,2531.0,2025-01-28 14:15:00-05:00
2025-01-28 19:30:00+00:00,109.203125,109.203125,109.21875,109.171875,109.171875,9962.0,2025-01-28 14:30:00-05:00
2025-01-28 19:45:00+00:00,109.203125,109.203125,109.21875,109.1875,109.203125,3630.0,2025-01-28 14:45:00-05:00
2025-01-28 20:00:00+00:00,109.21875,109.21875,109.21875,109.1875,109.21875,1068.0,2025-01-28 15:00:00-05:00
2025-01-28 20:15:00+00:00,109.203125,109.203125,109.234375,109.203125,109.203125,3946.0,2025-01-28 15:15:00-05:00
2025-01-28 20:30:00+00:00,109.203125,109.203125,109.21875,109.1875,109.203125,2925.0,2025-01-28 15:30:00-05:00
2025-01-28 20:45:00+00:00,109.1875,109.1875,109.203125,109.1875,109.1875,1812.0,2025-01-28 15:45:00-05:00
2025-01-28 21:00:00+00:00,109.21875,109.21875,109.21875,109.1875,109.203125,3514.0,2025-01-28 16:00:00-05:00
2025-01-28 21:15:00+00:00,109.21875,109.21875,109.21875,109.203125,109.21875,1584.0,2025-01-28 16:15:00-05:00
2025-01-28 21:30:00+00:00,109.203125,109.203125,109.21875,109.1875,109.21875,659.0,2025-01-28 16:30:00-05:00
2025-01-28 21:45:00+00:00,109.1875,109.1875,109.203125,109.1875,109.203125,214.0,2025-01-28 16:45:00-05:00
2025-01-28 22:00:00+00:00,109.1875,109.1875,109.21875,109.1875,109.203125,2403.0,2025-01-28 17:00:00-05:00
2025-01-28 22:15:00+00:00,109.234375,109.234375,109.234375,109.203125,109.203125,1215.0,2025-01-28 17:15:00-05:00
2025-01-28 22:30:00+00:00,109.234375,109.234375,109.234375,109.21875,109.234375,2611.0,2025-01-28 17:30:00-05:00
2025-01-28 22:45:00+00:00,109.21875,109.21875,109.234375,109.203125,109.234375,3923.0,2025-01-28 17:45:00-05:00
2025-01-28 23:00:00+00:00,109.21875,109.21875,109.234375,109.21875,109.21875,1327.0,2025-01-28 18:00:00-05:00
2025-01-28 23:15:00+00:00,109.1875,109.1875,109.21875,109.1875,109.21875,2751.0,2025-01-28 18:15:00-05:00
2025-01-28 23:30:00+00:00,109.203125,109.203125,109.21875,109.203125,109.203125,617.0,2025-01-28 18:30:00-05:00
2025-01-28 23:45:00+00:00,109.203125,109.203125,109.21875,109.203125,109.203125,69.0,2025-01-28 18:45:00-05:00
2025-01-29 00:00:00+00:00,109.203125,109.203125,109.234375,109.203125,109.21875,2242.0,2025-01-28 19:00:00-05:00
2025-01-29 00:15:00+00:00,109.203125,109.203125,109.21875,109.1875,109.203125,4356.0,2025-01-28 19:15:00-05:00
2025-01-29 00:30:00+00:00,109.1875,109.1875,109.21875,109.1875,109.1875,940.0,2025-01-28 19:30:00-05:00
2025-01-29 00:45:00+00:00,109.203125,109.203125,109.203125,109.1875,109.1875,754.0,2025-01-28 19:45:00-05:00
2025-01-29 01:00:00+00:00,109.203125,109.203125,109.203125,109.1875,109.203125,3452.0,2025-01-28 20:00:00-05:00
2025-01-29 01:15:00+00:00,109.1875,109.1875,109.203125,109.1875,109.203125,1603.0,2025-01-28 20:15:00-05:00
2025-01-29 01:30:00+00:00,109.1875,109.1875,109.1875,109.171875,109.1875,2850.0,2025-01-28 20:30:00-05:00
2025-01-29 01:45:00+00:00,109.1875,109.1875,109.21875,109.1875,109.203125,3191.0,2025-01-28 20:45:00-05:00
2025-01-29 02:00:00+00:00,109.21875,109.21875,109.234375,109.1875,109.1875,9119.0,2025-01-28 21:00:00-05:00
2025-01-29 02:15:00+00:00,109.25,109.25,109.25,109.21875,109.234375,4822.0,2025-01-28 21:15:00-05:00
2025-01-29 02:30:00+00:00,109.21875,109.21875,109.25,109.21875,109.234375,3137.0,2025-01-28 21:30:00-05:00
2025-01-29 02:45:00+00:00,109.234375,109.234375,109.25,109.21875,109.21875,9321.0,2025-01-28 21:45:00-05:00
2025-01-29 03:00:00+00:00,109.25,109.25,109.25,109.21875,109.234375,22830.0,2025-01-28 22:00:00-05:00
2025-01-29 03:15:00+00:00,109.203125,109.203125,109.28125,109.203125,109.234375,14258.0,2025-01-28 22:15:00-05:00
2025-01-29 03:30:00+00:00,109.234375,109.234375,109.25,109.203125,109.203125,11879.0,2025-01-28 22:30:00-05:00
2025-01-29 03:45:00+00:00,109.25,109.25,109.25,109.203125,109.234375,6659.0,2025-01-28 22:45:00-05:00
2025-01-29 04:00:00+00:00,109.203125,109.203125,109.265625,109.203125,109.234375,9380.0,2025-01-28 23:00:00-05:00
2025-01-29 04:15:00+00:00,109.21875,109.21875,109.234375,109.171875,109.18800354003906,16544.0,2025-01-28 23:15:00-05:00
2025-01-29 04:30:00+00:00,109.21875,109.21875,109.234375,109.1875,109.203125,11067.0,2025-01-28 23:30:00-05:00
2025-01-29 04:45:00+00:00,109.21875,109.21875,109.25,109.203125,109.21875,15358.0,2025-01-28 23:45:00-05:00
2025-01-29 05:00:00+00:00,109.171875,109.171875,109.21875,109.15625,109.21875,10517.0,2025-01-29 00:00:00-05:00
2025-01-29 05:15:00+00:00,109.15625,109.15625,109.1875,109.15625,109.171875,8070.0,2025-01-29 00:15:00-05:00
2025-01-29 05:30:00+00:00,109.15625,109.15625,109.1875,109.15625,109.171875,5936.0,2025-01-29 00:30:00-05:00
2025-01-29 05:45:00+00:00,109.15625,109.15625,109.203125,109.15625,109.171875,8613.0,2025-01-29 00:45:00-05:00
2025-01-29 06:00:00+00:00,109.15625,109.15625,109.1875,109.15625,109.171875,5989.0,2025-01-29 01:00:00-05:00
2025-01-29 06:15:00+00:00,109.140625,109.140625,109.1719970703125,109.140625,109.1719970703125,13396.0,2025-01-29 01:15:00-05:00
2025-01-29 06:30:00+00:00,109.125,109.125,109.15625,109.109375,109.140625,10654.0,2025-01-29 01:30:00-05:00
2025-01-29 06:45:00+00:00,109.140625,109.140625,109.15625,109.109375,109.125,10949.0,2025-01-29 01:45:00-05:00
2025-01-29 07:00:00+00:00,109.140625,109.140625,109.171875,109.125,109.140625,13436.0,2025-01-29 02:00:00-05:00
2025-01-29 07:15:00+00:00,109.1875,109.1875,109.1875,109.109375,109.140625,12662.0,2025-01-29 02:15:00-05:00
2025-01-29 07:30:00+00:00,109.1875,109.1875,109.203125,109.140625,109.1875,18351.0,2025-01-29 02:30:00-05:00
2025-01-29 07:45:00+00:00,109.234375,109.234375,109.234375,109.171875,109.1875,22757.0,2025-01-29 02:45:00-05:00
2025-01-29 08:00:00+00:00,109.1875,109.1875,109.25,109.171875,109.234375,30732.0,2025-01-29 03:00:00-05:00
2025-01-29 08:15:00+00:00,109.203125,109.203125,109.21875,109.15625,109.1875,25368.0,2025-01-29 03:15:00-05:00
2025-01-29 08:30:00+00:00,109.21875,109.21875,109.28125,109.1875,109.203125,45640.0,2025-01-29 03:30:00-05:00
2025-01-29 08:45:00+00:00,109.203125,109.203125,109.234375,109.171875,109.21875,27993.0,2025-01-29 03:45:00-05:00
2025-01-29 09:00:00+00:00,109.171875,109.171875,109.234375,109.171875,109.203125,23575.0,2025-01-29 04:00:00-05:00
2025-01-29 09:15:00+00:00,109.21875,109.21875,109.234375,109.171875,109.171875,22637.0,2025-01-29 04:15:00-05:00
2025-01-29 09:30:00+00:00,109.1875,109.1875,109.234375,109.140625,109.21875,40361.0,2025-01-29 04:30:00-05:00
2025-01-29 09:45:00+00:00,109.21875,109.21875,109.28125,109.171875,109.1875,54830.0,2025-01-29 04:45:00-05:00
2025-01-29 10:00:00+00:00,109.15625,109.15625,109.234375,109.140625,109.234375,40583.0,2025-01-29 05:00:00-05:00
2025-01-29 10:15:00+00:00,109.171875,109.171875,109.203125,109.140625,109.15625,23591.0,2025-01-29 05:15:00-05:00
2025-01-29 10:30:00+00:00,109.171875,109.171875,109.171875,109.125,109.15625,20598.0,2025-01-29 05:30:00-05:00
2025-01-29 10:45:00+00:00,109.078125,109.078125,109.171875,109.0625,109.171875,30545.0,2025-01-29 05:45:00-05:00
2025-01-29 11:00:00+00:00,109.078125,109.078125,109.109375,109.046875,109.078125,42819.0,2025-01-29 06:00:00-05:00
2025-01-29 11:15:00+00:00,109.03125,109.03125,109.09375,109.015625,109.078125,42119.0,2025-01-29 06:15:00-05:00
2025-01-29 11:30:00+00:00,109.0,109.0,109.0625,108.984375,109.046875,28194.0,2025-01-29 06:30:00-05:00
2025-01-29 11:45:00+00:00,108.953125,108.953125,109.03125,108.953125,109.0,45650.0,2025-01-29 06:45:00-05:00
2025-01-29 12:00:00+00:00,108.96875,108.96875,109.0,108.953125,108.953125,18377.0,2025-01-29 07:00:00-05:00
2025-01-29 12:15:00+00:00,109.0,109.0,109.015625,108.96875,108.96875,29615.0,2025-01-29 07:15:00-05:00
2025-01-29 12:30:00+00:00,109.0,109.0,109.015625,108.96875,109.0,22649.0,2025-01-29 07:30:00-05:00
2025-01-29 12:45:00+00:00,109.015625,109.015625,109.03125,108.984375,109.0,18831.0,2025-01-29 07:45:00-05:00
2025-01-29 13:00:00+00:00,109.015625,109.015625,109.0625,109.0,109.015625,22741.0,2025-01-29 08:00:00-05:00
2025-01-29 13:15:00+00:00,109.03125,109.03125,109.03125,109.0,109.015625,9705.0,2025-01-29 08:15:00-05:00
2025-01-29 13:30:00+00:00,108.984375,108.984375,109.03125,108.984375,109.03125,18741.0,2025-01-29 08:30:00-05:00
2025-01-29 13:45:00+00:00,108.96875,108.96875,108.984375,108.9375,108.984375,34119.0,2025-01-29 08:45:00-05:00
2025-01-29 14:00:00+00:00,108.765625,108.765625,109.015625,108.703125,108.96875,117255.0,2025-01-29 09:00:00-05:00
2025-01-29 14:15:00+00:00,108.765625,108.765625,108.8125,108.71875,108.765625,54816.0,2025-01-29 09:15:00-05:00
2025-01-29 14:30:00+00:00,108.859375,108.859375,108.890625,108.6875,108.78125,156203.0,2025-01-29 09:30:00-05:00
2025-01-29 14:45:00+00:00,108.96875,108.96875,109.03125,108.828125,108.875,108209.0,2025-01-29 09:45:00-05:00
2025-01-29 15:00:00+00:00,108.953125,108.953125,109.015625,108.921875,108.953125,87788.0,2025-01-29 10:00:00-05:00
2025-01-29 15:15:00+00:00,108.984375,108.984375,109.046875,108.921875,108.953125,46010.0,2025-01-29 10:15:00-05:00
2025-01-29 15:30:00+00:00,108.984375,108.984375,109.015625,108.96875,108.984375,20719.0,2025-01-29 10:30:00-05:00
2025-01-29 15:45:00+00:00,109.0,109.0,109.015625,108.9375,108.96875,33539.0,2025-01-29 10:45:00-05:00
2025-01-29 16:00:00+00:00,109.078125,109.078125,109.109375,108.984375,109.0,47268.0,2025-01-29 11:00:00-05:00
2025-01-29 16:15:00+00:00,109.109375,109.109375,109.125,109.078125,109.078125,15750.0,2025-01-29 11:15:00-05:00
2025-01-29 16:30:00+00:00,109.09375,109.09375,109.125,109.078125,109.125,14688.0,2025-01-29 11:30:00-05:00
2025-01-29 16:45:00+00:00,109.109375,109.109375,109.125,109.078125,109.09375,16550.0,2025-01-29 11:45:00-05:00
2025-01-29 18:00:00+00:00,109.0625,109.0625,109.109375,109.046875,109.109375,4058.0,2025-01-29 13:00:00-05:00
2025-01-29 18:15:00+00:00,109.078125,109.078125,109.078125,109.0625,109.078125,1218.0,2025-01-29 13:15:00-05:00
2025-01-29 18:30:00+00:00,109.078125,109.078125,109.09375,109.078125,109.078125,4631.0,2025-01-29 13:30:00-05:00
2025-01-29 18:45:00+00:00,109.0625,109.0625,109.09375,109.046875,109.078125,953.0,2025-01-29 13:45:00-05:00
2025-01-29 19:00:00+00:00,109.03125,109.03125,109.0625,109.03125,109.0625,5119.0,2025-01-29 14:00:00-05:00
2025-01-29 19:15:00+00:00,109.046875,109.046875,109.046875,109.015625,109.046875,7229.0,2025-01-29 14:15:00-05:00
2025-01-29 19:30:00+00:00,109.03125,109.03125,109.046875,109.03125,109.03125,636.0,2025-01-29 14:30:00-05:00
2025-01-29 19:45:00+00:00,109.046875,109.046875,109.046875,109.015625,109.03125,2096.0,2025-01-29 14:45:00-05:00
2025-01-29 20:00:00+00:00,109.046875,109.046875,109.0625,109.03125,109.046875,2896.0,2025-01-29 15:00:00-05:00
2025-01-29 20:15:00+00:00,109.046875,109.046875,109.0625,109.03125,109.046875,1422.0,2025-01-29 15:15:00-05:00
2025-01-29 20:30:00+00:00,109.0625,109.0625,109.078125,109.046875,109.046875,866.0,2025-01-29 15:30:00-05:00
2025-01-29 20:45:00+00:00,109.03125,109.03125,109.078125,109.03125,109.0625,1866.0,2025-01-29 15:45:00-05:00
2025-01-29 21:00:00+00:00,109.078125,109.078125,109.078125,109.03125,109.046875,10236.0,2025-01-29 16:00:00-05:00
2025-01-29 21:15:00+00:00,109.109375,109.109375,109.109375,109.0625,109.0625,5390.0,2025-01-29 16:15:00-05:00
2025-01-29 21:30:00+00:00,109.078125,109.078125,109.109375,109.0625,109.09375,2700.0,2025-01-29 16:30:00-05:00
2025-01-29 21:45:00+00:00,109.0625,109.0625,109.078125,109.0625,109.078125,621.0,2025-01-29 16:45:00-05:00
2025-01-29 22:00:00+00:00,109.078125,109.078125,109.09375,109.0625,109.078125,1095.0,2025-01-29 17:00:00-05:00
2025-01-29 22:15:00+00:00,109.09375,109.09375,109.09375,109.0625,109.0625,305.0,2025-01-29 17:15:00-05:00
2025-01-29 22:30:00+00:00,109.109375,109.109375,109.109375,109.078125,109.09375,1126.0,2025-01-29 17:30:00-05:00
2025-01-29 22:45:00+00:00,109.109375,109.109375,109.109375,109.09375,109.109375,2023.0,2025-01-29 17:45:00-05:00
2025-01-29 23:00:00+00:00,109.09375,109.09375,109.109375,109.09375,109.109375,243.0,2025-01-29 18:00:00-05:00
2025-01-29 23:15:00+00:00,109.125,109.125,109.125,109.109375,109.109375,1709.0,2025-01-29 18:15:00-05:00
2025-01-29 23:30:00+00:00,109.140625,109.140625,109.140625,109.109375,109.125,2012.0,2025-01-29 18:30:00-05:00
2025-01-29 23:45:00+00:00,109.15625,109.15625,109.15625,109.125,109.140625,1298.0,2025-01-29 18:45:00-05:00
2025-01-30 00:00:00+00:00,109.15625,109.15625,109.15625,109.140625,109.140625,3050.0,2025-01-29 19:00:00-05:00
2025-01-30 00:15:00+00:00,109.15625,109.15625,109.15625,109.140625,109.140625,774.0,2025-01-29 19:15:00-05:00
2025-01-30 00:30:00+00:00,109.140625,109.140625,109.15625,109.140625,109.140625,1427.0,2025-01-29 19:30:00-05:00
2025-01-30 00:45:00+00:00,109.1875,109.1875,109.1875,109.140625,109.140625,8453.0,2025-01-29 19:45:00-05:00
2025-01-30 01:00:00+00:00,109.15625,109.15625,109.1875,109.15625,109.171875,3447.0,2025-01-29 20:00:00-05:00
2025-01-30 01:15:00+00:00,109.140625,109.140625,109.15625,109.140625,109.15625,1693.0,2025-01-29 20:15:00-05:00
2025-01-30 01:30:00+00:00,109.171875,109.171875,109.171875,109.140625,109.140625,1875.0,2025-01-29 20:30:00-05:00
2025-01-30 01:45:00+00:00,109.171875,109.171875,109.1875,109.15625,109.15625,2287.0,2025-01-29 20:45:00-05:00
2025-01-30 02:00:00+00:00,109.15625,109.15625,109.171875,109.140625,109.15625,6174.0,2025-01-29 21:00:00-05:00
2025-01-30 02:15:00+00:00,109.203125,109.203125,109.21875,109.15625,109.15625,4608.0,2025-01-29 21:15:00-05:00
2025-01-30 02:30:00+00:00,109.1875,109.1875,109.21875,109.1875,109.21875,4723.0,2025-01-29 21:30:00-05:00
2025-01-30 02:45:00+00:00,109.171875,109.171875,109.203125,109.15625,109.203125,4930.0,2025-01-29 21:45:00-05:00
2025-01-30 03:00:00+00:00,109.21875,109.21875,109.21875,109.15625,109.171875,19447.0,2025-01-29 22:00:00-05:00
2025-01-30 03:15:00+00:00,109.21875,109.21875,109.21875,109.171875,109.203125,11007.0,2025-01-29 22:15:00-05:00
2025-01-30 03:30:00+00:00,109.1875,109.1875,109.21875,109.1875,109.21875,8210.0,2025-01-29 22:30:00-05:00
2025-01-30 03:45:00+00:00,109.234375,109.234375,109.25,109.1875,109.203125,8275.0,2025-01-29 22:45:00-05:00
2025-01-30 04:00:00+00:00,109.28125,109.28125,109.296875,109.234375,109.25,17386.0,2025-01-29 23:00:00-05:00
2025-01-30 04:15:00+00:00,109.265625,109.265625,109.296875,109.25,109.28125,13051.0,2025-01-29 23:15:00-05:00
2025-01-30 04:30:00+00:00,109.265625,109.265625,109.296875,109.25,109.265625,15034.0,2025-01-29 23:30:00-05:00
2025-01-30 04:45:00+00:00,109.25,109.25,109.28125,109.234375,109.28125,11541.0,2025-01-29 23:45:00-05:00
2025-01-30 05:00:00+00:00,109.28125,109.28125,109.28125,109.25,109.25,7687.0,2025-01-30 00:00:00-05:00
2025-01-30 05:15:00+00:00,109.25,109.25,109.28125,109.234375,109.28125,8769.0,2025-01-30 00:15:00-05:00
2025-01-30 05:30:00+00:00,109.25,109.25,109.265625,109.234375,109.234375,6265.0,2025-01-30 00:30:00-05:00
2025-01-30 05:45:00+00:00,109.25,109.25,109.265625,109.234375,109.25,6872.0,2025-01-30 00:45:00-05:00
2025-01-30 06:00:00+00:00,109.265625,109.265625,109.28125,109.234375,109.25,6250.0,2025-01-30 01:00:00-05:00
2025-01-30 06:15:00+00:00,109.265625,109.265625,109.296875,109.234375,109.25,9471.0,2025-01-30 01:15:00-05:00
2025-01-30 06:30:00+00:00,109.28125,109.28125,109.3125,109.25,109.28125,11959.0,2025-01-30 01:30:00-05:00
2025-01-30 06:45:00+00:00,109.265625,109.265625,109.28125,109.25,109.265625,8779.0,2025-01-30 01:45:00-05:00
2025-01-30 07:00:00+00:00,109.296875,109.296875,109.3125,109.265625,109.265625,8890.0,2025-01-30 02:00:00-05:00
2025-01-30 07:15:00+00:00,109.359375,109.359375,109.375,109.296875,109.296875,24652.0,2025-01-30 02:15:00-05:00
2025-01-30 07:30:00+00:00,109.40625,109.40625,109.40625,109.328125,109.34375,32342.0,2025-01-30 02:30:00-05:00
2025-01-30 07:45:00+00:00,109.34375,109.34375,109.40625,109.3125,109.390625,42277.0,2025-01-30 02:45:00-05:00
2025-01-30 08:00:00+00:00,109.34375,109.34375,109.359375,109.3125,109.34375,35678.0,2025-01-30 03:00:00-05:00
2025-01-30 08:15:00+00:00,109.40625,109.40625,109.40625,109.328125,109.34375,62793.0,2025-01-30 03:15:00-05:00
2025-01-30 08:30:00+00:00,109.234375,109.234375,109.390625,109.171875,109.390625,133636.0,2025-01-30 03:30:00-05:00
2025-01-30 08:45:00+00:00,109.28125,109.28125,109.34375,109.1875,109.234375,71877.0,2025-01-30 03:45:00-05:00
2025-01-30 09:00:00+00:00,109.203125,109.203125,109.296875,109.1875,109.28125,50290.0,2025-01-30 04:00:00-05:00
2025-01-30 09:15:00+00:00,109.1875,109.1875,109.25,109.15625,109.21875,41194.0,2025-01-30 04:15:00-05:00
2025-01-30 09:30:00+00:00,109.21875,109.21875,109.25,109.140625,109.171875,52249.0,2025-01-30 04:30:00-05:00
2025-01-30 09:45:00+00:00,109.265625,109.265625,109.265625,109.171875,109.21875,46329.0,2025-01-30 04:45:00-05:00
2025-01-30 10:00:00+00:00,109.25,109.25,109.3125,109.203125,109.265625,59699.0,2025-01-30 05:00:00-05:00
2025-01-30 10:15:00+00:00,109.25,109.25,109.28125,109.203125,109.25,32099.0,2025-01-30 05:15:00-05:00
2025-01-30 10:30:00+00:00,109.1875,109.1875,109.265625,109.171875,109.234375,57618.0,2025-01-30 05:30:00-05:00
2025-01-30 10:45:00+00:00,109.125,109.125,109.1875,109.09375,109.1875,62745.0,2025-01-30 05:45:00-05:00
2025-01-30 11:00:00+00:00,109.15625,109.15625,109.171875,109.109375,109.125,28707.0,2025-01-30 06:00:00-05:00
2025-01-30 11:15:00+00:00,109.109375,109.109375,109.1875,109.078125,109.171875,22787.0,2025-01-30 06:15:00-05:00
2025-01-30 11:30:00+00:00,109.140625,109.140625,109.171875,109.09375,109.109375,34275.0,2025-01-30 06:30:00-05:00
2025-01-30 11:45:00+00:00,109.109375,109.109375,109.15625,109.078125,109.140625,12961.0,2025-01-30 06:45:00-05:00
2025-01-30 12:00:00+00:00,109.15625,109.15625,109.171875,109.09375,109.109375,23570.0,2025-01-30 07:00:00-05:00
2025-01-30 12:15:00+00:00,109.171875,109.171875,109.1875,109.125,109.15625,26582.0,2025-01-30 07:15:00-05:00
2025-01-30 12:30:00+00:00,109.140625,109.140625,109.171875,109.09375,109.171875,17821.0,2025-01-30 07:30:00-05:00
2025-01-30 12:45:00+00:00,109.1875,109.1875,109.1875,109.125,109.140625,18501.0,2025-01-30 07:45:00-05:00
2025-01-30 13:00:00+00:00,109.140625,109.140625,109.1875,109.109375,109.1875,16143.0,2025-01-30 08:00:00-05:00
2025-01-30 13:15:00+00:00,109.171875,109.171875,109.1875,109.125,109.125,13891.0,2025-01-30 08:15:00-05:00
2025-01-30 13:30:00+00:00,109.125,109.125,109.171875,109.125,109.171875,11000.0,2025-01-30 08:30:00-05:00
2025-01-30 13:45:00+00:00,109.15625,109.15625,109.1875,109.125,109.125,15740.0,2025-01-30 08:45:00-05:00
2025-01-30 14:00:00+00:00,109.21875,109.21875,109.234375,109.15625,109.15625,32026.0,2025-01-30 09:00:00-05:00
2025-01-30 14:15:00+00:00,109.234375,109.234375,109.234375,109.1875,109.21875,15788.0,2025-01-30 09:15:00-05:00
2025-01-30 14:30:00+00:00,109.21875,109.21875,109.25,109.203125,109.234375,23640.0,2025-01-30 09:30:00-05:00
2025-01-30 14:45:00+00:00,109.234375,109.234375,109.25,109.203125,109.234375,65338.0,2025-01-30 09:45:00-05:00
2025-01-30 15:00:00+00:00,109.203125,109.203125,109.25,109.203125,109.25,36492.0,2025-01-30 10:00:00-05:00
2025-01-30 15:15:00+00:00,109.234375,109.234375,109.234375,109.203125,109.21875,17031.0,2025-01-30 10:15:00-05:00
2025-01-30 15:30:00+00:00,109.125,109.125,109.25,109.109375,109.25,70300.0,2025-01-30 10:30:00-05:00
2025-01-30 15:45:00+00:00,109.171875,109.171875,109.1875,109.09375,109.125,60064.0,2025-01-30 10:45:00-05:00
2025-01-30 16:00:00+00:00,109.15625,109.15625,109.1875,109.125,109.171875,32629.0,2025-01-30 11:00:00-05:00
2025-01-30 16:15:00+00:00,109.109375,109.109375,109.140625,109.09375,109.140625,16406.0,2025-01-30 11:15:00-05:00
2025-01-30 16:30:00+00:00,109.171875,109.171875,109.1875,109.125,109.125,20877.0,2025-01-30 11:30:00-05:00
2025-01-30 16:45:00+00:00,109.171875,109.171875,109.203125,109.15625,109.15625,15259.0,2025-01-30 11:45:00-05:00
2025-01-30 18:00:00+00:00,109.140625,109.140625,109.1875,109.140625,109.1875,4450.0,2025-01-30 13:00:00-05:00
2025-01-30 18:15:00+00:00,109.15625,109.15625,109.15625,109.140625,109.140625,848.0,2025-01-30 13:15:00-05:00
2025-01-30 18:30:00+00:00,109.140625,109.140625,109.15625,109.140625,109.15625,1116.0,2025-01-30 13:30:00-05:00
2025-01-30 18:45:00+00:00,109.140625,109.140625,109.15625,109.125,109.15625,4037.0,2025-01-30 13:45:00-05:00
2025-01-30 19:00:00+00:00,109.140625,109.140625,109.140625,109.125,109.140625,1882.0,2025-01-30 14:00:00-05:00
2025-01-30 19:15:00+00:00,109.078125,109.078125,109.125,109.078125,109.125,7328.0,2025-01-30 14:15:00-05:00
2025-01-30 19:30:00+00:00,109.078125,109.078125,109.09375,109.0625,109.078125,4637.0,2025-01-30 14:30:00-05:00
2025-01-30 19:45:00+00:00,109.046875,109.046875,109.09375,109.046875,109.078125,4006.0,2025-01-30 14:45:00-05:00
2025-01-30 20:00:00+00:00,109.0625,109.0625,109.078125,109.03125,109.0625,10306.0,2025-01-30 15:00:00-05:00
2025-01-30 20:15:00+00:00,109.0625,109.0625,109.078125,109.03125,109.0625,9684.0,2025-01-30 15:15:00-05:00
2025-01-30 20:30:00+00:00,109.046875,109.046875,109.0625,109.03125,109.046875,5409.0,2025-01-30 15:30:00-05:00
2025-01-30 20:45:00+00:00,109.078125,109.078125,109.078125,109.03125,109.046875,3510.0,2025-01-30 15:45:00-05:00
2025-01-30 21:00:00+00:00,109.09375,109.09375,109.109375,109.046875,109.0625,8880.0,2025-01-30 16:00:00-05:00
2025-01-30 21:15:00+00:00,109.09375,109.09375,109.109375,109.078125,109.09375,7051.0,2025-01-30 16:15:00-05:00
2025-01-30 21:30:00+00:00,109.078125,109.078125,109.09375,109.0625,109.09375,3104.0,2025-01-30 16:30:00-05:00
2025-01-30 21:45:00+00:00,109.078125,109.078125,109.078125,109.0625,109.078125,1007.0,2025-01-30 16:45:00-05:00
2025-01-30 22:00:00+00:00,109.046875,109.046875,109.078125,109.046875,109.0625,2262.0,2025-01-30 17:00:00-05:00
2025-01-30 22:15:00+00:00,109.015625,109.015625,109.0625,109.015625,109.046875,4596.0,2025-01-30 17:15:00-05:00
2025-01-30 22:30:00+00:00,109.015625,109.015625,109.046875,109.0,109.015625,5535.0,2025-01-30 17:30:00-05:00
2025-01-30 22:45:00+00:00,109.015625,109.015625,109.03125,109.0,109.03125,3345.0,2025-01-30 17:45:00-05:00
2025-01-30 23:00:00+00:00,109.015625,109.015625,109.03125,109.015625,109.015625,2143.0,2025-01-30 18:00:00-05:00
2025-01-30 23:15:00+00:00,109.046875,109.046875,109.046875,109.015625,109.015625,3161.0,2025-01-30 18:15:00-05:00
2025-01-30 23:30:00+00:00,109.03125,109.03125,109.046875,109.03125,109.046875,548.0,2025-01-30 18:30:00-05:00
2025-01-30 23:45:00+00:00,109.015625,109.015625,109.046875,109.015625,109.046875,1130.0,2025-01-30 18:45:00-05:00
2025-01-31 00:00:00+00:00,109.03125,109.03125,109.03125,109.0,109.0,3448.0,2025-01-30 19:00:00-05:00
2025-01-31 00:15:00+00:00,109.015625,109.015625,109.03125,109.015625,109.03125,1465.0,2025-01-30 19:15:00-05:00
2025-01-31 00:30:00+00:00,108.984375,108.984375,109.015625,108.984375,109.015625,3397.0,2025-01-30 19:30:00-05:00
2025-01-31 00:45:00+00:00,108.984375,108.984375,109.0,108.96875,108.984375,1724.0,2025-01-30 19:45:00-05:00
2025-01-31 01:00:00+00:00,109.0,109.0,109.0,108.984375,109.0,2027.0,2025-01-30 20:00:00-05:00
2025-01-31 01:15:00+00:00,109.0,109.0,109.0,108.984375,108.984375,2932.0,2025-01-30 20:15:00-05:00
2025-01-31 01:30:00+00:00,109.0,109.0,109.015625,109.0,109.015625,2469.0,2025-01-30 20:30:00-05:00
2025-01-31 01:45:00+00:00,108.984375,108.984375,109.0,108.984375,109.0,5329.0,2025-01-30 20:45:00-05:00
2025-01-31 02:00:00+00:00,109.0,109.0,109.03125,108.984375,109.0,7009.0,2025-01-30 21:00:00-05:00
2025-01-31 02:15:00+00:00,109.0,109.0,109.015625,108.984375,109.015625,2419.0,2025-01-30 21:15:00-05:00
2025-01-31 02:30:00+00:00,109.03125,109.03125,109.03125,109.0,109.0,5618.0,2025-01-30 21:30:00-05:00
2025-01-31 02:45:00+00:00,109.046875,109.046875,109.0625,109.015625,109.03125,14841.0,2025-01-30 21:45:00-05:00
2025-01-31 03:00:00+00:00,109.046875,109.046875,109.078125,109.015625,109.046875,14565.0,2025-01-30 22:00:00-05:00
2025-01-31 03:15:00+00:00,109.046875,109.046875,109.0625,109.015625,109.046875,4119.0,2025-01-30 22:15:00-05:00
2025-01-31 03:30:00+00:00,109.015625,109.015625,109.046875,109.0,109.046875,6532.0,2025-01-30 22:30:00-05:00
2025-01-31 03:45:00+00:00,109.0625,109.0625,109.078125,109.015625,109.03125,6161.0,2025-01-30 22:45:00-05:00
2025-01-31 04:00:00+00:00,109.140625,109.140625,109.1875,109.078125,109.078125,54076.0,2025-01-30 23:00:00-05:00
2025-01-31 04:15:00+00:00,109.15625,109.15625,109.15625,109.109375,109.14099884033205,17081.0,2025-01-30 23:15:00-05:00
2025-01-31 04:30:00+00:00,109.140625,109.140625,109.171875,109.125,109.15625,9344.0,2025-01-30 23:30:00-05:00
2025-01-31 04:45:00+00:00,109.109375,109.109375,109.140625,109.09375,109.140625,7112.0,2025-01-30 23:45:00-05:00
2025-01-31 05:00:00+00:00,109.078125,109.078125,109.125,109.0625,109.09375,12356.0,2025-01-31 00:00:00-05:00
2025-01-31 05:15:00+00:00,109.078125,109.078125,109.09375,109.0625,109.078125,6015.0,2025-01-31 00:15:00-05:00
2025-01-31 05:30:00+00:00,109.09375,109.09375,109.109375,109.078125,109.078125,11168.0,2025-01-31 00:30:00-05:00
2025-01-31 05:45:00+00:00,109.109375,109.109375,109.125,109.078125,109.09375,11313.0,2025-01-31 00:45:00-05:00
2025-01-31 06:00:00+00:00,109.109375,109.109375,109.140625,109.09375,109.125,4859.0,2025-01-31 01:00:00-05:00
2025-01-31 06:15:00+00:00,109.140625,109.140625,109.140625,109.09375,109.109375,9349.0,2025-01-31 01:15:00-05:00
2025-01-31 06:30:00+00:00,109.171875,109.171875,109.171875,109.109375,109.125,8861.0,2025-01-31 01:30:00-05:00
2025-01-31 06:45:00+00:00,109.140625,109.140625,109.171875,109.140625,109.171875,6771.0,2025-01-31 01:45:00-05:00
2025-01-31 07:00:00+00:00,109.125,109.125,109.140625,109.109375,109.140625,7988.0,2025-01-31 02:00:00-05:00
2025-01-31 07:15:00+00:00,109.125,109.125,109.15625,109.109375,109.125,11326.0,2025-01-31 02:15:00-05:00
2025-01-31 07:30:00+00:00,109.15625,109.15625,109.171875,109.125,109.125,11791.0,2025-01-31 02:30:00-05:00
2025-01-31 07:45:00+00:00,109.171875,109.171875,109.1875,109.109375,109.15625,21912.0,2025-01-31 02:45:00-05:00
2025-01-31 08:00:00+00:00,109.171875,109.171875,109.1875,109.125,109.15625,23077.0,2025-01-31 03:00:00-05:00
2025-01-31 08:15:00+00:00,109.171875,109.171875,109.203125,109.140625,109.171875,34528.0,2025-01-31 03:15:00-05:00
2025-01-31 08:30:00+00:00,109.09375,109.09375,109.203125,109.0,109.1875,100902.0,2025-01-31 03:30:00-05:00
2025-01-31 08:45:00+00:00,109.171875,109.171875,109.203125,109.09375,109.09375,52748.0,2025-01-31 03:45:00-05:00
2025-01-31 09:00:00+00:00,109.15625,109.15625,109.1875,109.140625,109.171875,44672.0,2025-01-31 04:00:00-05:00
2025-01-31 09:15:00+00:00,109.15625,109.15625,109.1875,109.140625,109.15625,21861.0,2025-01-31 04:15:00-05:00
2025-01-31 09:30:00+00:00,109.203125,109.203125,109.25,109.140625,109.140625,48346.0,2025-01-31 04:30:00-05:00
2025-01-31 09:45:00+00:00,109.265625,109.265625,109.296875,109.203125,109.21875,62803.0,2025-01-31 04:45:00-05:00
2025-01-31 10:00:00+00:00,109.234375,109.234375,109.28125,109.203125,109.265625,52922.0,2025-01-31 05:00:00-05:00
2025-01-31 10:15:00+00:00,109.171875,109.171875,109.25,109.171875,109.234375,35111.0,2025-01-31 05:15:00-05:00
2025-01-31 10:30:00+00:00,109.203125,109.203125,109.25,109.15625,109.1875,32470.0,2025-01-31 05:30:00-05:00
2025-01-31 10:45:00+00:00,109.21875,109.21875,109.25,109.171875,109.21875,24140.0,2025-01-31 05:45:00-05:00
2025-01-31 11:00:00+00:00,109.21875,109.21875,109.25,109.203125,109.25,33690.0,2025-01-31 06:00:00-05:00
2025-01-31 11:15:00+00:00,109.171875,109.171875,109.234375,109.171875,109.21875,29059.0,2025-01-31 06:15:00-05:00
2025-01-31 11:30:00+00:00,109.15625,109.15625,109.1875,109.125,109.1875,37955.0,2025-01-31 06:30:00-05:00
2025-01-31 11:45:00+00:00,109.140625,109.140625,109.171875,109.109375,109.140625,36179.0,2025-01-31 06:45:00-05:00
2025-01-31 12:00:00+00:00,109.15625,109.15625,109.21875,109.140625,109.140625,56852.0,2025-01-31 07:00:00-05:00
2025-01-31 12:15:00+00:00,109.203125,109.203125,109.21875,109.140625,109.15625,36092.0,2025-01-31 07:15:00-05:00
2025-01-31 12:30:00+00:00,109.21875,109.21875,109.234375,109.171875,109.21875,21335.0,2025-01-31 07:30:00-05:00
2025-01-31 12:45:00+00:00,109.21875,109.21875,109.25,109.203125,109.234375,19091.0,2025-01-31 07:45:00-05:00
2025-01-31 13:00:00+00:00,109.171875,109.171875,109.21875,109.15625,109.21875,19628.0,2025-01-31 08:00:00-05:00
2025-01-31 13:15:00+00:00,109.0625,109.0625,109.1875,109.0625,109.171875,72949.0,2025-01-31 08:15:00-05:00
2025-01-31 13:30:00+00:00,109.078125,109.078125,109.109375,109.046875,109.078125,39212.0,2025-01-31 08:30:00-05:00
2025-01-31 13:45:00+00:00,109.0,109.0,109.09375,109.0,109.078125,30297.0,2025-01-31 08:45:00-05:00
2025-01-31 14:00:00+00:00,109.046875,109.046875,109.0625,108.984375,109.015625,29867.0,2025-01-31 09:00:00-05:00
2025-01-31 14:15:00+00:00,109.046875,109.046875,109.046875,109.015625,109.03125,42600.0,2025-01-31 09:15:00-05:00
2025-01-31 14:30:00+00:00,108.9375,108.9375,109.046875,108.90625,109.046875,71269.0,2025-01-31 09:30:00-05:00
2025-01-31 14:45:00+00:00,108.84375,108.84375,108.9375,108.828125,108.921875,183796.0,2025-01-31 09:45:00-05:00
2025-01-31 15:00:00+00:00,108.875,108.875,108.875,108.796875,108.859375,99804.0,2025-01-31 10:00:00-05:00
2025-01-31 15:15:00+00:00,108.828125,108.828125,108.875,108.796875,108.875,64412.0,2025-01-31 10:15:00-05:00
2025-01-31 15:30:00+00:00,108.796875,108.796875,108.828125,108.78125,108.8125,54589.0,2025-01-31 10:30:00-05:00
2025-01-31 15:45:00+00:00,109.0,109.0,109.015625,108.78125,108.78125,347815.0,2025-01-31 10:45:00-05:00
2025-01-31 16:00:00+00:00,109.03125,109.03125,109.0625,108.96875,109.0,224087.0,2025-01-31 11:00:00-05:00
2025-01-31 16:15:00+00:00,109.015625,109.015625,109.0625,108.984375,109.03125,56191.0,2025-01-31 11:15:00-05:00
2025-01-31 16:30:00+00:00,109.03125,109.03125,109.046875,109.0,109.015625,33261.0,2025-01-31 11:30:00-05:00
2025-01-31 16:45:00+00:00,109.03125,109.03125,109.03125,108.984375,109.015625,28470.0,2025-01-31 11:45:00-05:00
2025-02-02 18:00:00+00:00,108.71875,108.71875,108.9375,108.671875,108.875,58677.0,2025-02-02 13:00:00-05:00
2025-02-02 18:15:00+00:00,108.75,108.75,108.8125,108.6875,108.703125,20606.0,2025-02-02 13:15:00-05:00
2025-02-02 18:30:00+00:00,108.78125,108.78125,108.78125,108.734375,108.75,14960.0,2025-02-02 13:30:00-05:00
2025-02-02 18:45:00+00:00,108.78125,108.78125,108.8125,108.75,108.78125,13168.0,2025-02-02 13:45:00-05:00
2025-02-02 19:00:00+00:00,108.84375,108.84375,108.84375,108.765625,108.796875,13447.0,2025-02-02 14:00:00-05:00
2025-02-02 19:15:00+00:00,108.953125,108.953125,108.984375,108.8125,108.828125,32487.0,2025-02-02 14:15:00-05:00
2025-02-02 19:30:00+00:00,108.90625,108.90625,108.953125,108.890625,108.953125,15285.0,2025-02-02 14:30:00-05:00
2025-02-02 19:45:00+00:00,109.03125,109.03125,109.046875,108.921875,108.921875,20958.0,2025-02-02 14:45:00-05:00
2025-02-02 20:00:00+00:00,109.09375,109.09375,109.15625,109.03125,109.03125,26068.0,2025-02-02 15:00:00-05:00
2025-02-02 20:15:00+00:00,109.015625,109.015625,109.125,109.015625,109.109375,13784.0,2025-02-02 15:15:00-05:00
2025-02-02 20:30:00+00:00,109.046875,109.046875,109.0625,109.015625,109.015625,9932.0,2025-02-02 15:30:00-05:00
2025-02-02 20:45:00+00:00,109.109375,109.109375,109.109375,109.03125,109.046875,9248.0,2025-02-02 15:45:00-05:00
2025-02-02 21:00:00+00:00,109.0625,109.0625,109.109375,109.0625,109.109375,6933.0,2025-02-02 16:00:00-05:00
2025-02-02 21:15:00+00:00,109.078125,109.078125,109.09375,109.046875,109.078125,6698.0,2025-02-02 16:15:00-05:00
2025-02-02 21:30:00+00:00,109.171875,109.171875,109.1875,109.078125,109.078125,14719.0,2025-02-02 16:30:00-05:00
2025-02-02 21:45:00+00:00,109.21875,109.21875,109.265625,109.171875,109.1875,29020.0,2025-02-02 16:45:00-05:00
2025-02-02 22:00:00+00:00,109.21875,109.21875,109.234375,109.203125,109.203125,7330.0,2025-02-02 17:00:00-05:00
2025-02-02 22:15:00+00:00,109.1875,109.1875,109.21875,109.171875,109.21875,7049.0,2025-02-02 17:15:00-05:00
2025-02-02 22:30:00+00:00,109.140625,109.140625,109.1875,109.140625,109.1875,7161.0,2025-02-02 17:30:00-05:00
2025-02-02 22:45:00+00:00,109.203125,109.203125,109.203125,109.140625,109.140625,4815.0,2025-02-02 17:45:00-05:00
2025-02-02 23:00:00+00:00,109.15625,109.15625,109.21875,109.140625,109.203125,13684.0,2025-02-02 18:00:00-05:00
2025-02-02 23:15:00+00:00,108.75,108.75,108.8125,108.6875,108.703125,20606.0,2025-02-02 18:15:00-05:00
2025-02-02 23:30:00+00:00,108.78125,108.78125,108.78125,108.734375,108.75,14960.0,2025-02-02 18:30:00-05:00
2025-02-02 23:45:00+00:00,108.78125,108.78125,108.8125,108.75,108.78125,13168.0,2025-02-02 18:45:00-05:00
2025-02-03 00:00:00+00:00,108.84375,108.84375,108.84375,108.765625,108.796875,13447.0,2025-02-02 19:00:00-05:00
2025-02-03 00:15:00+00:00,108.953125,108.953125,108.984375,108.8125,108.828125,32487.0,2025-02-02 19:15:00-05:00
2025-02-03 00:30:00+00:00,108.90625,108.90625,108.953125,108.890625,108.953125,15285.0,2025-02-02 19:30:00-05:00
2025-02-03 00:45:00+00:00,109.03125,109.03125,109.046875,108.921875,108.921875,20914.0,2025-02-02 19:45:00-05:00
2025-02-03 01:00:00+00:00,109.09375,109.09375,109.15625,109.03125,109.03125,26112.0,2025-02-02 20:00:00-05:00
2025-02-03 01:15:00+00:00,109.015625,109.015625,109.125,109.015625,109.109375,13784.0,2025-02-02 20:15:00-05:00
2025-02-03 01:30:00+00:00,109.046875,109.046875,109.0625,109.015625,109.015625,9932.0,2025-02-02 20:30:00-05:00
2025-02-03 01:45:00+00:00,109.109375,109.109375,109.109375,109.03125,109.046875,9248.0,2025-02-02 20:45:00-05:00
2025-02-03 02:00:00+00:00,109.0625,109.0625,109.109375,109.0625,109.109375,6933.0,2025-02-02 21:00:00-05:00
2025-02-03 02:15:00+00:00,109.078125,109.078125,109.09375,109.046875,109.078125,6698.0,2025-02-02 21:15:00-05:00
2025-02-03 02:30:00+00:00,109.171875,109.171875,109.1875,109.078125,109.078125,14719.0,2025-02-02 21:30:00-05:00
2025-02-03 02:45:00+00:00,109.21875,109.21875,109.265625,109.171875,109.1875,29020.0,2025-02-02 21:45:00-05:00
2025-02-03 03:00:00+00:00,109.21875,109.21875,109.234375,109.203125,109.203125,7317.0,2025-02-02 22:00:00-05:00
2025-02-03 03:15:00+00:00,109.1875,109.1875,109.21875,109.171875,109.21875,7062.0,2025-02-02 22:15:00-05:00
2025-02-03 03:30:00+00:00,109.140625,109.140625,109.1875,109.140625,109.1875,7161.0,2025-02-02 22:30:00-05:00
2025-02-03 03:45:00+00:00,109.203125,109.203125,109.203125,109.140625,109.140625,4815.0,2025-02-02 22:45:00-05:00
2025-02-03 04:00:00+00:00,109.15625,109.15625,109.21875,109.140625,109.203125,13684.0,2025-02-02 23:00:00-05:00
2025-02-03 04:15:00+00:00,109.140625,109.140625,109.171875,109.140625,109.15625,4457.0,2025-02-02 23:15:00-05:00
2025-02-03 04:30:00+00:00,109.140625,109.140625,109.15625,109.125,109.125,2701.0,2025-02-02 23:30:00-05:00
2025-02-03 04:45:00+00:00,109.125,109.125,109.15625,109.125,109.140625,4759.0,2025-02-02 23:45:00-05:00
2025-02-03 05:00:00+00:00,109.125,109.125,109.15625,109.125,109.125,3467.0,2025-02-03 00:00:00-05:00
2025-02-03 05:15:00+00:00,109.15625,109.15625,109.171875,109.125,109.140625,3013.0,2025-02-03 00:15:00-05:00
2025-02-03 05:30:00+00:00,109.140625,109.140625,109.1875,109.140625,109.171875,4840.0,2025-02-03 00:30:00-05:00
2025-02-03 05:45:00+00:00,109.109375,109.109375,109.15625,109.109375,109.15625,7814.0,2025-02-03 00:45:00-05:00
2025-02-03 06:00:00+00:00,109.09375,109.09375,109.125,109.09375,109.109375,2961.0,2025-02-03 01:00:00-05:00
2025-02-03 06:15:00+00:00,109.109375,109.109375,109.125,109.09375,109.109375,4894.0,2025-02-03 01:15:00-05:00
2025-02-03 06:30:00+00:00,109.078125,109.078125,109.140625,109.078125,109.125,3565.0,2025-02-03 01:30:00-05:00
2025-02-03 06:45:00+00:00,109.109375,109.109375,109.109375,109.078125,109.078125,10639.0,2025-02-03 01:45:00-05:00
2025-02-03 07:00:00+00:00,109.0,109.0,109.109375,108.984375,109.109375,18026.0,2025-02-03 02:00:00-05:00
2025-02-03 07:15:00+00:00,108.984375,108.984375,109.015625,108.96875,109.0,20589.0,2025-02-03 02:15:00-05:00
2025-02-03 07:30:00+00:00,108.921875,108.921875,109.015625,108.90625,109.0,24940.0,2025-02-03 02:30:00-05:00
2025-02-03 07:45:00+00:00,108.921875,108.921875,108.9375,108.890625,108.921875,23866.0,2025-02-03 02:45:00-05:00
2025-02-03 08:00:00+00:00,108.859375,108.859375,108.921875,108.859375,108.921875,25314.0,2025-02-03 03:00:00-05:00
2025-02-03 08:15:00+00:00,108.9375,108.9375,108.96875,108.859375,108.859375,28239.0,2025-02-03 03:15:00-05:00
2025-02-03 08:30:00+00:00,108.921875,108.921875,108.96875,108.875,108.9375,24517.0,2025-02-03 03:30:00-05:00
2025-02-03 08:45:00+00:00,108.90625,108.90625,108.921875,108.859375,108.921875,20854.0,2025-02-03 03:45:00-05:00
2025-02-03 09:00:00+00:00,108.890625,108.890625,108.921875,108.859375,108.890625,24274.0,2025-02-03 04:00:00-05:00
2025-02-03 09:15:00+00:00,108.9375,108.9375,108.9375,108.890625,108.89099884033205,11570.0,2025-02-03 04:15:00-05:00
2025-02-03 09:30:00+00:00,109.015625,109.015625,109.015625,108.921875,108.9375,15880.0,2025-02-03 04:30:00-05:00
2025-02-03 09:45:00+00:00,109.03125,109.03125,109.03125,108.984375,109.015625,11979.0,2025-02-03 04:45:00-05:00
2025-02-03 10:00:00+00:00,108.96875,108.96875,109.015625,108.953125,109.015625,10713.0,2025-02-03 05:00:00-05:00
2025-02-03 10:15:00+00:00,108.90625,108.90625,108.984375,108.890625,108.96875,19863.0,2025-02-03 05:15:00-05:00
2025-02-03 10:30:00+00:00,108.90625,108.90625,108.953125,108.90625,108.90625,17944.0,2025-02-03 05:30:00-05:00
2025-02-03 10:45:00+00:00,108.890625,108.890625,108.953125,108.890625,108.90625,11075.0,2025-02-03 05:45:00-05:00
2025-02-03 11:00:00+00:00,108.90625,108.90625,108.921875,108.875,108.890625,9373.0,2025-02-03 06:00:00-05:00
2025-02-03 11:15:00+00:00,108.90625,108.90625,108.921875,108.890625,108.89099884033205,7213.0,2025-02-03 06:15:00-05:00
2025-02-03 11:30:00+00:00,108.9375,108.9375,108.953125,108.875,108.921875,17269.0,2025-02-03 06:30:00-05:00
2025-02-03 11:45:00+00:00,108.953125,108.953125,108.96875,108.921875,108.9375,18655.0,2025-02-03 06:45:00-05:00
2025-02-03 12:00:00+00:00,109.0625,109.0625,109.0625,108.9375,108.96875,19751.0,2025-02-03 07:00:00-05:00
2025-02-03 12:15:00+00:00,109.109375,109.109375,109.125,109.046875,109.0625,38218.0,2025-02-03 07:15:00-05:00
2025-02-03 12:30:00+00:00,109.15625,109.15625,109.1875,109.125,109.125,34756.0,2025-02-03 07:30:00-05:00
2025-02-03 12:45:00+00:00,109.1875,109.1875,109.203125,109.15625,109.15625,21266.0,2025-02-03 07:45:00-05:00
2025-02-03 13:00:00+00:00,109.171875,109.171875,109.234375,109.125,109.171875,43911.0,2025-02-03 08:00:00-05:00
2025-02-03 13:15:00+00:00,109.203125,109.203125,109.25,109.15625,109.15625,34389.0,2025-02-03 08:15:00-05:00
2025-02-03 13:30:00+00:00,109.03125,109.03125,109.21875,109.0,109.203125,63752.0,2025-02-03 08:30:00-05:00
2025-02-03 13:45:00+00:00,109.109375,109.109375,109.109375,108.953125,109.03125,48839.0,2025-02-03 08:45:00-05:00
2025-02-03 14:00:00+00:00,109.125,109.125,109.171875,109.0625,109.09375,46105.0,2025-02-03 09:00:00-05:00
2025-02-03 14:15:00+00:00,109.203125,109.203125,109.234375,109.125,109.140625,48066.0,2025-02-03 09:15:00-05:00
2025-02-03 14:30:00+00:00,109.1875,109.1875,109.234375,109.140625,109.203125,48105.0,2025-02-03 09:30:00-05:00
2025-02-03 14:45:00+00:00,109.15625,109.15625,109.203125,109.140625,109.203125,43493.0,2025-02-03 09:45:00-05:00
2025-02-03 15:00:00+00:00,109.359375,109.359375,109.40625,109.046875,109.140625,122234.0,2025-02-03 10:00:00-05:00
2025-02-03 15:15:00+00:00,109.15625,109.15625,109.484375,109.09375,109.359375,269299.0,2025-02-03 10:15:00-05:00
2025-02-03 15:30:00+00:00,109.015625,109.015625,109.1875,109.0,109.140625,112991.0,2025-02-03 10:30:00-05:00
2025-02-03 15:45:00+00:00,109.0625,109.0625,109.125,109.0,109.03125,57371.0,2025-02-03 10:45:00-05:00
2025-02-03 16:00:00+00:00,109.203125,109.203125,109.234375,109.03125,109.046875,85199.0,2025-02-03 11:00:00-05:00
2025-02-03 16:15:00+00:00,109.21875,109.21875,109.25,109.171875,109.203125,35439.0,2025-02-03 11:15:00-05:00
2025-02-03 16:30:00+00:00,109.140625,109.140625,109.234375,109.109375,109.234375,34433.0,2025-02-03 11:30:00-05:00
2025-02-03 16:45:00+00:00,109.109375,109.109375,109.15625,109.046875,109.140625,57135.0,2025-02-03 11:45:00-05:00
2025-02-03 17:00:00+00:00,109.0625,109.0625,109.171875,109.0625,109.09375,29143.0,2025-02-03 12:00:00-05:00
2025-02-03 17:15:00+00:00,109.046875,109.046875,109.078125,109.0,109.078125,46764.0,2025-02-03 12:15:00-05:00
2025-02-03 17:30:00+00:00,109.0625,109.0625,109.0625,109.0,109.046875,20965.0,2025-02-03 12:30:00-05:00
2025-02-03 17:45:00+00:00,109.125,109.125,109.1875,109.03125,109.0625,87518.0,2025-02-03 12:45:00-05:00
2025-02-03 18:00:00+00:00,109.109375,109.109375,109.1875,109.09375,109.125,23144.0,2025-02-03 13:00:00-05:00
2025-02-03 18:15:00+00:00,109.03125,109.03125,109.125,109.015625,109.109375,28074.0,2025-02-03 13:15:00-05:00
2025-02-03 18:30:00+00:00,109.0,109.0,109.046875,108.96875,109.015625,34140.0,2025-02-03 13:30:00-05:00
2025-02-03 18:45:00+00:00,108.984375,108.984375,109.0,108.96875,108.984375,21794.0,2025-02-03 13:45:00-05:00
2025-02-03 19:00:00+00:00,108.921875,108.921875,109.015625,108.921875,108.984375,37509.0,2025-02-03 14:00:00-05:00
2025-02-03 19:15:00+00:00,108.890625,108.890625,108.9375,108.875,108.921875,41939.0,2025-02-03 14:15:00-05:00
2025-02-03 19:30:00+00:00,108.9375,108.9375,108.953125,108.84375,108.890625,28488.0,2025-02-03 14:30:00-05:00
2025-02-03 19:45:00+00:00,108.953125,108.953125,109.0,108.890625,108.9375,57587.0,2025-02-03 14:45:00-05:00
2025-02-03 20:00:00+00:00,108.9375,108.9375,108.96875,108.90625,108.953125,26061.0,2025-02-03 15:00:00-05:00
2025-02-03 20:15:00+00:00,108.984375,108.984375,109.0,108.9375,108.953125,15559.0,2025-02-03 15:15:00-05:00
2025-02-03 20:30:00+00:00,108.984375,108.984375,109.015625,108.96875,108.984375,20955.0,2025-02-03 15:30:00-05:00
2025-02-03 20:45:00+00:00,109.015625,109.015625,109.015625,108.96875,109.0,34589.0,2025-02-03 15:45:00-05:00
2025-02-03 21:00:00+00:00,109.015625,109.015625,109.046875,108.984375,109.015625,20916.0,2025-02-03 16:00:00-05:00
2025-02-03 21:15:00+00:00,108.9375,108.9375,109.03125,108.90625,109.03125,40243.0,2025-02-03 16:15:00-05:00
2025-02-03 21:30:00+00:00,108.90625,108.90625,108.9375,108.8125,108.9375,50750.0,2025-02-03 16:30:00-05:00
2025-02-03 21:45:00+00:00,108.875,108.875,108.921875,108.859375,108.921875,11699.0,2025-02-03 16:45:00-05:00
2025-02-03 22:00:00+00:00,108.84375,108.84375,108.84375,108.828125,108.84375,1004.0,2025-02-03 17:00:00-05:00
2025-02-03 22:15:00+00:00,108.828125,108.828125,108.84375,108.828125,108.828125,1065.0,2025-02-03 17:15:00-05:00
2025-02-03 22:30:00+00:00,108.75,108.75,108.828125,108.75,108.828125,6668.0,2025-02-03 17:30:00-05:00
2025-02-03 22:45:00+00:00,108.78125,108.78125,108.796875,108.75,108.75,6102.0,2025-02-03 17:45:00-05:00
2025-02-03 23:00:00+00:00,108.828125,108.828125,108.875,108.796875,108.859375,7023.0,2025-02-03 18:00:00-05:00
2025-02-03 23:15:00+00:00,108.84375,108.84375,108.875,108.828125,108.828125,4730.0,2025-02-03 18:15:00-05:00
2025-02-03 23:30:00+00:00,108.84375,108.84375,108.875,108.828125,108.859375,7081.0,2025-02-03 18:30:00-05:00
2025-02-03 23:45:00+00:00,108.8125,108.8125,108.859375,108.8125,108.859375,4126.0,2025-02-03 18:45:00-05:00
2025-02-04 00:00:00+00:00,108.8125,108.8125,108.828125,108.796875,108.828125,3971.0,2025-02-03 19:00:00-05:00
2025-02-04 00:15:00+00:00,108.8125,108.8125,108.828125,108.78125,108.828125,6826.0,2025-02-03 19:15:00-05:00
2025-02-04 00:30:00+00:00,108.828125,108.828125,108.84375,108.796875,108.8125,5710.0,2025-02-03 19:30:00-05:00
2025-02-04 00:45:00+00:00,108.84375,108.84375,108.859375,108.828125,108.828125,3058.0,2025-02-03 19:45:00-05:00
2025-02-04 01:00:00+00:00,108.8125,108.8125,108.859375,108.796875,108.84375,7443.0,2025-02-03 20:00:00-05:00
2025-02-04 01:15:00+00:00,108.828125,108.828125,108.84375,108.828125,108.828125,1948.0,2025-02-03 20:15:00-05:00
2025-02-04 01:30:00+00:00,108.828125,108.828125,108.84375,108.8125,108.84375,5125.0,2025-02-03 20:30:00-05:00
2025-02-04 01:45:00+00:00,108.859375,108.859375,108.875,108.8125,108.84375,5064.0,2025-02-03 20:45:00-05:00
2025-02-04 02:00:00+00:00,108.859375,108.859375,108.890625,108.84375,108.875,5147.0,2025-02-03 21:00:00-05:00
2025-02-04 02:15:00+00:00,108.8125,108.8125,108.859375,108.8125,108.84375,7537.0,2025-02-03 21:15:00-05:00
2025-02-04 02:30:00+00:00,108.8125,108.8125,108.828125,108.796875,108.8125,2660.0,2025-02-03 21:30:00-05:00
2025-02-04 02:45:00+00:00,108.84375,108.84375,108.84375,108.8125,108.8125,4429.0,2025-02-03 21:45:00-05:00
2025-02-04 03:00:00+00:00,108.84375,108.84375,108.84375,108.828125,108.84375,1004.0,2025-02-03 22:00:00-05:00
2025-02-04 03:15:00+00:00,108.828125,108.828125,108.84375,108.828125,108.828125,1065.0,2025-02-03 22:15:00-05:00
2025-02-04 03:30:00+00:00,108.75,108.75,108.828125,108.75,108.828125,6668.0,2025-02-03 22:30:00-05:00
2025-02-04 03:45:00+00:00,108.78125,108.78125,108.796875,108.75,108.75,6102.0,2025-02-03 22:45:00-05:00
2025-02-04 04:00:00+00:00,108.796875,108.796875,108.796875,108.78125,108.78125,1505.0,2025-02-03 23:00:00-05:00
2025-02-04 04:15:00+00:00,108.796875,108.796875,108.796875,108.78125,108.78125,3725.0,2025-02-03 23:15:00-05:00
2025-02-04 04:30:00+00:00,108.8125,108.8125,108.8125,108.78125,108.796875,3181.0,2025-02-03 23:30:00-05:00
2025-02-04 04:45:00+00:00,108.828125,108.828125,108.828125,108.8125,108.8125,2094.0,2025-02-03 23:45:00-05:00
2025-02-04 05:00:00+00:00,108.90625,108.90625,109.0,108.8125,108.8125,24567.0,2025-02-04 00:00:00-05:00
2025-02-04 05:15:00+00:00,108.90625,108.90625,108.9375,108.875,108.90625,11185.0,2025-02-04 00:15:00-05:00
2025-02-04 05:30:00+00:00,108.859375,108.859375,108.90625,108.859375,108.90625,5361.0,2025-02-04 00:30:00-05:00
2025-02-04 05:45:00+00:00,108.84375,108.84375,108.859375,108.828125,108.859375,5475.0,2025-02-04 00:45:00-05:00
2025-02-04 06:00:00+00:00,108.828125,108.828125,108.84375,108.8125,108.828125,3335.0,2025-02-04 01:00:00-05:00
2025-02-04 06:15:00+00:00,108.78125,108.78125,108.828125,108.765625,108.828125,6665.0,2025-02-04 01:15:00-05:00
2025-02-04 06:30:00+00:00,108.8125,108.8125,108.8125,108.78125,108.78125,3067.0,2025-02-04 01:30:00-05:00
2025-02-04 06:45:00+00:00,108.78125,108.78125,108.8125,108.765625,108.8125,4696.0,2025-02-04 01:45:00-05:00
2025-02-04 07:00:00+00:00,108.78125,108.78125,108.8125,108.765625,108.78125,6429.0,2025-02-04 02:00:00-05:00
2025-02-04 07:15:00+00:00,108.765625,108.765625,108.796875,108.75,108.78125,6617.0,2025-02-04 02:15:00-05:00
2025-02-04 07:30:00+00:00,108.78125,108.78125,108.796875,108.75,108.765625,6188.0,2025-02-04 02:30:00-05:00
2025-02-04 07:45:00+00:00,108.71875,108.71875,108.796875,108.71875,108.78125,13916.0,2025-02-04 02:45:00-05:00
2025-02-04 08:00:00+00:00,108.765625,108.765625,108.796875,108.734375,108.734375,25453.0,2025-02-04 03:00:00-05:00
2025-02-04 08:15:00+00:00,108.796875,108.796875,108.8125,108.75,108.765625,14805.0,2025-02-04 03:15:00-05:00
2025-02-04 08:30:00+00:00,108.828125,108.828125,108.859375,108.78125,108.796875,12589.0,2025-02-04 03:30:00-05:00
2025-02-04 08:45:00+00:00,108.8125,108.8125,108.859375,108.796875,108.828125,8851.0,2025-02-04 03:45:00-05:00
2025-02-04 09:00:00+00:00,108.8125,108.8125,108.84375,108.78125,108.8125,6666.0,2025-02-04 04:00:00-05:00
2025-02-04 09:15:00+00:00,108.859375,108.859375,108.859375,108.828125,108.84400177001952,10969.0,2025-02-04 04:15:00-05:00
2025-02-04 09:30:00+00:00,108.78125,108.78125,108.859375,108.78125,108.84375,7645.0,2025-02-04 04:30:00-05:00
2025-02-04 09:45:00+00:00,108.765625,108.765625,108.8125,108.765625,108.796875,6641.0,2025-02-04 04:45:00-05:00
2025-02-04 10:00:00+00:00,108.765625,108.765625,108.78125,108.734375,108.75,10705.0,2025-02-04 05:00:00-05:00
2025-02-04 10:15:00+00:00,108.765625,108.765625,108.78125,108.734375,108.765625,7764.0,2025-02-04 05:15:00-05:00
2025-02-04 10:30:00+00:00,108.796875,108.796875,108.796875,108.75,108.765625,6523.0,2025-02-04 05:30:00-05:00
2025-02-04 10:45:00+00:00,108.828125,108.828125,108.828125,108.78125,108.78125,8912.0,2025-02-04 05:45:00-05:00
2025-02-04 11:00:00+00:00,108.796875,108.796875,108.84375,108.796875,108.828125,6163.0,2025-02-04 06:00:00-05:00
2025-02-04 11:15:00+00:00,108.8125,108.8125,108.8125,108.765625,108.78099822998048,10105.0,2025-02-04 06:15:00-05:00
2025-02-04 11:30:00+00:00,108.78125,108.78125,108.796875,108.75,108.796875,12743.0,2025-02-04 06:30:00-05:00
2025-02-04 11:45:00+00:00,108.765625,108.765625,108.78125,108.75,108.78125,6618.0,2025-02-04 06:45:00-05:00
2025-02-04 12:00:00+00:00,108.71875,108.71875,108.78125,108.71875,108.765625,18785.0,2025-02-04 07:00:00-05:00
2025-02-04 12:15:00+00:00,108.75,108.75,108.765625,108.6875,108.71875,33881.0,2025-02-04 07:15:00-05:00
2025-02-04 12:30:00+00:00,108.765625,108.765625,108.796875,108.75,108.75,12645.0,2025-02-04 07:30:00-05:00
2025-02-04 12:45:00+00:00,108.703125,108.703125,108.796875,108.703125,108.78125,21245.0,2025-02-04 07:45:00-05:00
2025-02-04 13:00:00+00:00,108.75,108.75,108.765625,108.65625,108.703125,38747.0,2025-02-04 08:00:00-05:00
2025-02-04 13:15:00+00:00,108.703125,108.703125,108.796875,108.703125,108.75,35004.0,2025-02-04 08:15:00-05:00
2025-02-04 13:30:00+00:00,108.71875,108.71875,108.75,108.671875,108.6875,31753.0,2025-02-04 08:30:00-05:00
2025-02-04 13:45:00+00:00,108.703125,108.703125,108.734375,108.640625,108.71875,45387.0,2025-02-04 08:45:00-05:00
2025-02-04 14:00:00+00:00,108.75,108.75,108.78125,108.6875,108.71875,39317.0,2025-02-04 09:00:00-05:00
2025-02-04 14:15:00+00:00,108.8125,108.8125,108.828125,108.71875,108.734375,43552.0,2025-02-04 09:15:00-05:00
2025-02-04 14:30:00+00:00,108.859375,108.859375,108.90625,108.8125,108.828125,73928.0,2025-02-04 09:30:00-05:00
2025-02-04 14:45:00+00:00,108.890625,108.890625,108.921875,108.859375,108.875,57374.0,2025-02-04 09:45:00-05:00
2025-02-04 15:00:00+00:00,108.9375,108.9375,109.046875,108.875,108.90625,142512.0,2025-02-04 10:00:00-05:00
2025-02-04 15:15:00+00:00,108.90625,108.90625,109.015625,108.90625,108.9375,64427.0,2025-02-04 10:15:00-05:00
2025-02-04 15:30:00+00:00,108.921875,108.921875,108.96875,108.90625,108.90625,41182.0,2025-02-04 10:30:00-05:00
2025-02-04 15:45:00+00:00,109.015625,109.015625,109.0625,108.90625,108.921875,39661.0,2025-02-04 10:45:00-05:00
2025-02-04 16:00:00+00:00,109.0625,109.0625,109.109375,109.0,109.015625,56049.0,2025-02-04 11:00:00-05:00
2025-02-04 16:15:00+00:00,109.109375,109.109375,109.125,109.046875,109.0625,34275.0,2025-02-04 11:15:00-05:00
2025-02-04 16:30:00+00:00,109.03125,109.03125,109.125,109.03125,109.09375,44309.0,2025-02-04 11:30:00-05:00
2025-02-04 16:45:00+00:00,109.078125,109.078125,109.078125,109.03125,109.03125,19562.0,2025-02-04 11:45:00-05:00
2025-02-04 17:00:00+00:00,109.109375,109.109375,109.109375,109.046875,109.0625,23920.0,2025-02-04 12:00:00-05:00
2025-02-04 17:15:00+00:00,109.171875,109.171875,109.171875,109.09375,109.09375,45489.0,2025-02-04 12:15:00-05:00
2025-02-04 17:30:00+00:00,109.140625,109.140625,109.171875,109.09375,109.15625,25676.0,2025-02-04 12:30:00-05:00
2025-02-04 17:45:00+00:00,109.125,109.125,109.140625,109.09375,109.140625,23908.0,2025-02-04 12:45:00-05:00
2025-02-04 18:00:00+00:00,109.15625,109.15625,109.15625,109.109375,109.125,15150.0,2025-02-04 13:00:00-05:00
2025-02-04 18:15:00+00:00,109.15625,109.15625,109.203125,109.140625,109.15625,28833.0,2025-02-04 13:15:00-05:00
2025-02-04 18:30:00+00:00,109.171875,109.171875,109.1875,109.140625,109.15625,21512.0,2025-02-04 13:30:00-05:00
2025-02-04 18:45:00+00:00,109.140625,109.140625,109.1875,109.125,109.171875,21558.0,2025-02-04 13:45:00-05:00
2025-02-04 19:00:00+00:00,109.171875,109.171875,109.171875,109.125,109.140625,17986.0,2025-02-04 14:00:00-05:00
2025-02-04 19:15:00+00:00,109.1875,109.1875,109.21875,109.15625,109.171875,44629.0,2025-02-04 14:15:00-05:00
2025-02-04 19:30:00+00:00,109.1875,109.1875,109.234375,109.171875,109.203125,30531.0,2025-02-04 14:30:00-05:00
2025-02-04 19:45:00+00:00,109.21875,109.21875,109.21875,109.15625,109.1875,103914.0,2025-02-04 14:45:00-05:00
2025-02-04 20:00:00+00:00,109.1875,109.1875,109.234375,109.15625,109.21875,40312.0,2025-02-04 15:00:00-05:00
2025-02-04 20:15:00+00:00,109.203125,109.203125,109.203125,109.15625,109.1875,15760.0,2025-02-04 15:15:00-05:00
2025-02-04 20:30:00+00:00,109.203125,109.203125,109.21875,109.1875,109.203125,8620.0,2025-02-04 15:30:00-05:00
2025-02-04 20:45:00+00:00,109.1875,109.1875,109.21875,109.171875,109.1875,32401.0,2025-02-04 15:45:00-05:00
2025-02-04 21:00:00+00:00,109.1875,109.1875,109.21875,109.171875,109.1875,24827.0,2025-02-04 16:00:00-05:00
2025-02-04 21:15:00+00:00,109.140625,109.140625,109.1875,109.125,109.1875,15344.0,2025-02-04 16:15:00-05:00
2025-02-04 21:30:00+00:00,109.1875,109.1875,109.203125,109.140625,109.15625,25612.0,2025-02-04 16:30:00-05:00
2025-02-04 21:45:00+00:00,109.1875,109.1875,109.203125,109.171875,109.1875,12377.0,2025-02-04 16:45:00-05:00
2025-02-04 22:00:00+00:00,109.171875,109.171875,109.171875,109.15625,109.171875,4535.0,2025-02-04 17:00:00-05:00
2025-02-04 22:15:00+00:00,109.1875,109.1875,109.1875,109.15625,109.15625,3140.0,2025-02-04 17:15:00-05:00
2025-02-04 22:30:00+00:00,109.203125,109.203125,109.21875,109.171875,109.1875,5638.0,2025-02-04 17:30:00-05:00
2025-02-04 22:45:00+00:00,109.203125,109.203125,109.234375,109.203125,109.203125,4464.0,2025-02-04 17:45:00-05:00
2025-02-04 23:00:00+00:00,109.140625,109.140625,109.171875,109.125,109.171875,2080.0,2025-02-04 18:00:00-05:00
2025-02-04 23:15:00+00:00,109.109375,109.109375,109.140625,109.109375,109.140625,5707.0,2025-02-04 18:15:00-05:00
2025-02-04 23:30:00+00:00,109.109375,109.109375,109.125,109.09375,109.109375,2802.0,2025-02-04 18:30:00-05:00
2025-02-04 23:45:00+00:00,109.109375,109.109375,109.125,109.09375,109.109375,5838.0,2025-02-04 18:45:00-05:00
2025-02-05 00:00:00+00:00,109.09375,109.09375,109.125,109.078125,109.109375,7597.0,2025-02-04 19:00:00-05:00
2025-02-05 00:15:00+00:00,109.109375,109.109375,109.125,109.09375,109.09375,3759.0,2025-02-04 19:15:00-05:00
2025-02-05 00:30:00+00:00,109.09375,109.09375,109.125,109.09375,109.109375,4170.0,2025-02-04 19:30:00-05:00
2025-02-05 00:45:00+00:00,109.125,109.125,109.125,109.078125,109.09375,4845.0,2025-02-04 19:45:00-05:00
2025-02-05 01:00:00+00:00,109.140625,109.140625,109.15625,109.109375,109.125,5482.0,2025-02-04 20:00:00-05:00
2025-02-05 01:15:00+00:00,109.140625,109.140625,109.15625,109.125,109.140625,6001.0,2025-02-04 20:15:00-05:00
2025-02-05 01:30:00+00:00,109.171875,109.171875,109.1875,109.140625,109.15625,4493.0,2025-02-04 20:30:00-05:00
2025-02-05 01:45:00+00:00,109.15625,109.15625,109.171875,109.15625,109.171875,5137.0,2025-02-04 20:45:00-05:00
2025-02-05 02:00:00+00:00,109.203125,109.203125,109.203125,109.15625,109.171875,4912.0,2025-02-04 21:00:00-05:00
2025-02-05 02:15:00+00:00,109.171875,109.171875,109.203125,109.171875,109.203125,5872.0,2025-02-04 21:15:00-05:00
2025-02-05 02:30:00+00:00,109.171875,109.171875,109.203125,109.15625,109.171875,18096.0,2025-02-04 21:30:00-05:00
2025-02-05 02:45:00+00:00,109.15625,109.15625,109.1875,109.140625,109.171875,7119.0,2025-02-04 21:45:00-05:00
2025-02-05 03:00:00+00:00,109.171875,109.171875,109.171875,109.15625,109.171875,4535.0,2025-02-04 22:00:00-05:00
2025-02-05 03:15:00+00:00,109.1875,109.1875,109.1875,109.15625,109.15625,3140.0,2025-02-04 22:15:00-05:00
2025-02-05 03:30:00+00:00,109.203125,109.203125,109.21875,109.171875,109.1875,5638.0,2025-02-04 22:30:00-05:00
2025-02-05 03:45:00+00:00,109.203125,109.203125,109.234375,109.203125,109.203125,4464.0,2025-02-04 22:45:00-05:00
2025-02-05 04:00:00+00:00,109.21875,109.21875,109.21875,109.1875,109.21875,2778.0,2025-02-04 23:00:00-05:00
2025-02-05 04:15:00+00:00,109.203125,109.203125,109.234375,109.203125,109.234375,3272.0,2025-02-04 23:15:00-05:00
2025-02-05 04:30:00+00:00,109.234375,109.234375,109.234375,109.203125,109.21875,1657.0,2025-02-04 23:30:00-05:00
2025-02-05 04:45:00+00:00,109.21875,109.21875,109.234375,109.21875,109.234375,1977.0,2025-02-04 23:45:00-05:00
2025-02-05 05:00:00+00:00,109.203125,109.203125,109.21875,109.203125,109.203125,1638.0,2025-02-05 00:00:00-05:00
2025-02-05 05:15:00+00:00,109.1875,109.1875,109.21875,109.1875,109.203125,2637.0,2025-02-05 00:15:00-05:00
2025-02-05 05:30:00+00:00,109.203125,109.203125,109.21875,109.1875,109.203125,1885.0,2025-02-05 00:30:00-05:00
2025-02-05 05:45:00+00:00,109.1875,109.1875,109.203125,109.1875,109.1875,2706.0,2025-02-05 00:45:00-05:00
2025-02-05 06:00:00+00:00,109.21875,109.21875,109.21875,109.1875,109.1875,1940.0,2025-02-05 01:00:00-05:00
2025-02-05 06:15:00+00:00,109.265625,109.265625,109.265625,109.203125,109.203125,8080.0,2025-02-05 01:15:00-05:00
2025-02-05 06:30:00+00:00,109.28125,109.28125,109.296875,109.265625,109.265625,9291.0,2025-02-05 01:30:00-05:00
2025-02-05 06:45:00+00:00,109.296875,109.296875,109.3125,109.28125,109.28125,16593.0,2025-02-05 01:45:00-05:00
2025-02-05 07:00:00+00:00,109.25,109.25,109.296875,109.25,109.296875,8488.0,2025-02-05 02:00:00-05:00
2025-02-05 07:15:00+00:00,109.265625,109.265625,109.265625,109.234375,109.25,7931.0,2025-02-05 02:15:00-05:00
2025-02-05 07:30:00+00:00,109.296875,109.296875,109.3125,109.25,109.28125,11766.0,2025-02-05 02:30:00-05:00
2025-02-05 07:45:00+00:00,109.296875,109.296875,109.359375,109.296875,109.3125,21422.0,2025-02-05 02:45:00-05:00
2025-02-05 08:00:00+00:00,109.28125,109.28125,109.328125,109.265625,109.296875,10342.0,2025-02-05 03:00:00-05:00
2025-02-05 08:15:00+00:00,109.296875,109.296875,109.3125,109.265625,109.28125,11710.0,2025-02-05 03:15:00-05:00
2025-02-05 08:30:00+00:00,109.359375,109.359375,109.375,109.296875,109.296875,17455.0,2025-02-05 03:30:00-05:00
2025-02-05 08:45:00+00:00,109.375,109.375,109.390625,109.34375,109.375,9943.0,2025-02-05 03:45:00-05:00
2025-02-05 09:00:00+00:00,109.390625,109.390625,109.421875,109.359375,109.359375,16676.0,2025-02-05 04:00:00-05:00
2025-02-05 09:15:00+00:00,109.375,109.375,109.421875,109.375,109.390625,9514.0,2025-02-05 04:15:00-05:00
2025-02-05 09:30:00+00:00,109.421875,109.421875,109.4375,109.375,109.375,21104.0,2025-02-05 04:30:00-05:00
2025-02-05 09:45:00+00:00,109.40625,109.40625,109.4375,109.390625,109.4375,9935.0,2025-02-05 04:45:00-05:00
2025-02-05 10:00:00+00:00,109.4375,109.4375,109.453125,109.40625,109.40625,16306.0,2025-02-05 05:00:00-05:00
2025-02-05 10:15:00+00:00,109.453125,109.453125,109.46875,109.421875,109.421875,19077.0,2025-02-05 05:15:00-05:00
2025-02-05 10:30:00+00:00,109.4375,109.4375,109.46875,109.421875,109.453125,17976.0,2025-02-05 05:30:00-05:00
2025-02-05 10:45:00+00:00,109.453125,109.453125,109.453125,109.4375,109.4375,11030.0,2025-02-05 05:45:00-05:00
2025-02-05 11:00:00+00:00,109.421875,109.421875,109.453125,109.421875,109.453125,5618.0,2025-02-05 06:00:00-05:00
2025-02-05 11:15:00+00:00,109.421875,109.421875,109.46875,109.421875,109.43800354003906,10917.0,2025-02-05 06:15:00-05:00
2025-02-05 11:30:00+00:00,109.4375,109.4375,109.453125,109.421875,109.4375,3181.0,2025-02-05 06:30:00-05:00
2025-02-05 11:45:00+00:00,109.40625,109.40625,109.453125,109.390625,109.4375,14283.0,2025-02-05 06:45:00-05:00
2025-02-05 12:00:00+00:00,109.46875,109.46875,109.46875,109.390625,109.40625,22202.0,2025-02-05 07:00:00-05:00
2025-02-05 12:15:00+00:00,109.515625,109.515625,109.515625,109.453125,109.46875,41070.0,2025-02-05 07:15:00-05:00
2025-02-05 12:30:00+00:00,109.515625,109.515625,109.53125,109.484375,109.515625,27314.0,2025-02-05 07:30:00-05:00
2025-02-05 12:45:00+00:00,109.53125,109.53125,109.578125,109.515625,109.53125,53224.0,2025-02-05 07:45:00-05:00
2025-02-05 13:00:00+00:00,109.578125,109.578125,109.609375,109.5,109.515625,45091.0,2025-02-05 08:00:00-05:00
2025-02-05 13:15:00+00:00,109.5625,109.5625,109.59375,109.484375,109.5625,84190.0,2025-02-05 08:15:00-05:00
2025-02-05 13:30:00+00:00,109.59375,109.59375,109.65625,109.515625,109.5625,86285.0,2025-02-05 08:30:00-05:00
2025-02-05 13:45:00+00:00,109.484375,109.484375,109.59375,109.46875,109.578125,68179.0,2025-02-05 08:45:00-05:00
2025-02-05 14:00:00+00:00,109.515625,109.515625,109.53125,109.40625,109.484375,66250.0,2025-02-05 09:00:00-05:00
2025-02-05 14:15:00+00:00,109.5625,109.5625,109.5625,109.484375,109.515625,36544.0,2025-02-05 09:15:00-05:00
2025-02-05 14:30:00+00:00,109.5625,109.5625,109.59375,109.53125,109.5625,38249.0,2025-02-05 09:30:00-05:00
2025-02-05 14:45:00+00:00,109.625,109.625,109.65625,109.546875,109.578125,75888.0,2025-02-05 09:45:00-05:00
2025-02-05 15:00:00+00:00,109.734375,109.734375,109.84375,109.640625,109.640625,199792.0,2025-02-05 10:00:00-05:00
2025-02-05 15:15:00+00:00,109.734375,109.734375,109.828125,109.6875,109.734375,80615.0,2025-02-05 10:15:00-05:00
2025-02-05 15:30:00+00:00,109.75,109.75,109.78125,109.703125,109.71875,43470.0,2025-02-05 10:30:00-05:00
2025-02-05 15:45:00+00:00,109.75,109.75,109.765625,109.6875,109.765625,43331.0,2025-02-05 10:45:00-05:00
2025-02-05 16:00:00+00:00,109.734375,109.734375,109.8125,109.734375,109.734375,41419.0,2025-02-05 11:00:00-05:00
2025-02-05 16:15:00+00:00,109.78125,109.78125,109.8125,109.734375,109.734375,35305.0,2025-02-05 11:15:00-05:00
2025-02-05 16:30:00+00:00,109.765625,109.765625,109.8125,109.75,109.78125,35603.0,2025-02-05 11:30:00-05:00
2025-02-05 16:45:00+00:00,109.765625,109.765625,109.78125,109.734375,109.765625,27875.0,2025-02-05 11:45:00-05:00
2025-02-05 17:00:00+00:00,109.8125,109.8125,109.828125,109.75,109.765625,19416.0,2025-02-05 12:00:00-05:00
2025-02-05 17:15:00+00:00,109.765625,109.765625,109.828125,109.75,109.796875,45616.0,2025-02-05 12:15:00-05:00
2025-02-05 17:30:00+00:00,109.71875,109.71875,109.78125,109.71875,109.75,26164.0,2025-02-05 12:30:00-05:00
2025-02-05 17:45:00+00:00,109.78125,109.78125,109.828125,109.71875,109.71875,30275.0,2025-02-05 12:45:00-05:00
2025-02-05 18:00:00+00:00,109.765625,109.765625,109.8125,109.765625,109.78125,21002.0,2025-02-05 13:00:00-05:00
2025-02-05 18:15:00+00:00,109.828125,109.828125,109.84375,109.765625,109.765625,24779.0,2025-02-05 13:15:00-05:00
2025-02-05 18:30:00+00:00,109.859375,109.859375,109.859375,109.8125,109.8125,16323.0,2025-02-05 13:30:00-05:00
2025-02-05 18:45:00+00:00,109.859375,109.859375,109.90625,109.828125,109.859375,46265.0,2025-02-05 13:45:00-05:00
2025-02-05 19:00:00+00:00,109.828125,109.828125,109.890625,109.828125,109.875,20928.0,2025-02-05 14:00:00-05:00
2025-02-05 19:15:00+00:00,109.828125,109.828125,109.859375,109.8125,109.84375,19347.0,2025-02-05 14:15:00-05:00
2025-02-05 19:30:00+00:00,109.75,109.75,109.8125,109.75,109.8125,42574.0,2025-02-05 14:30:00-05:00
2025-02-05 19:45:00+00:00,109.765625,109.765625,109.78125,109.71875,109.765625,109398.0,2025-02-05 14:45:00-05:00
2025-02-05 20:00:00+00:00,109.734375,109.734375,109.765625,109.71875,109.765625,48960.0,2025-02-05 15:00:00-05:00
2025-02-05 20:15:00+00:00,109.75,109.75,109.765625,109.71875,109.734375,16496.0,2025-02-05 15:15:00-05:00
2025-02-05 20:30:00+00:00,109.734375,109.734375,109.78125,109.71875,109.75,20996.0,2025-02-05 15:30:00-05:00
2025-02-05 20:45:00+00:00,109.71875,109.71875,109.734375,109.6875,109.71875,28089.0,2025-02-05 15:45:00-05:00
2025-02-05 21:00:00+00:00,109.71875,109.71875,109.71875,109.671875,109.71875,36132.0,2025-02-05 16:00:00-05:00
2025-02-05 21:15:00+00:00,109.734375,109.734375,109.734375,109.6875,109.71875,20785.0,2025-02-05 16:15:00-05:00
2025-02-05 21:30:00+00:00,109.71875,109.71875,109.734375,109.703125,109.71875,19815.0,2025-02-05 16:30:00-05:00
2025-02-05 21:45:00+00:00,109.75,109.75,109.75,109.703125,109.71875,13167.0,2025-02-05 16:45:00-05:00
2025-02-05 22:00:00+00:00,109.734375,109.734375,109.734375,109.703125,109.71875,2541.0,2025-02-05 17:00:00-05:00
2025-02-05 22:15:00+00:00,109.734375,109.734375,109.734375,109.71875,109.734375,1803.0,2025-02-05 17:15:00-05:00
2025-02-05 22:30:00+00:00,109.734375,109.734375,109.734375,109.703125,109.703125,4217.0,2025-02-05 17:30:00-05:00
2025-02-05 22:45:00+00:00,109.703125,109.703125,109.734375,109.6875,109.71875,3413.0,2025-02-05 17:45:00-05:00
2025-02-05 23:00:00+00:00,109.6875,109.6875,109.78125,109.6875,109.75,3410.0,2025-02-05 18:00:00-05:00
2025-02-05 23:15:00+00:00,109.71875,109.71875,109.71875,109.671875,109.671875,1745.0,2025-02-05 18:15:00-05:00
2025-02-05 23:30:00+00:00,109.703125,109.703125,109.71875,109.6875,109.71875,1187.0,2025-02-05 18:30:00-05:00
2025-02-05 23:45:00+00:00,109.703125,109.703125,109.734375,109.703125,109.703125,2465.0,2025-02-05 18:45:00-05:00
2025-02-06 00:00:00+00:00,109.703125,109.703125,109.71875,109.671875,109.71875,6442.0,2025-02-05 19:00:00-05:00
2025-02-06 00:15:00+00:00,109.703125,109.703125,109.71875,109.671875,109.703125,5811.0,2025-02-05 19:15:00-05:00
2025-02-06 00:30:00+00:00,109.71875,109.71875,109.734375,109.703125,109.703125,1719.0,2025-02-05 19:30:00-05:00
2025-02-06 00:45:00+00:00,109.703125,109.703125,109.734375,109.6875,109.734375,4261.0,2025-02-05 19:45:00-05:00
2025-02-06 01:00:00+00:00,109.703125,109.703125,109.71875,109.6875,109.703125,2468.0,2025-02-05 20:00:00-05:00
2025-02-06 01:15:00+00:00,109.734375,109.734375,109.75,109.703125,109.703125,5127.0,2025-02-05 20:15:00-05:00
2025-02-06 01:30:00+00:00,109.75,109.75,109.765625,109.734375,109.734375,4216.0,2025-02-05 20:30:00-05:00
2025-02-06 01:45:00+00:00,109.75,109.75,109.765625,109.734375,109.75,2628.0,2025-02-05 20:45:00-05:00
2025-02-06 02:00:00+00:00,109.75,109.75,109.78125,109.734375,109.75,3913.0,2025-02-05 21:00:00-05:00
2025-02-06 02:15:00+00:00,109.71875,109.71875,109.75,109.71875,109.734375,3426.0,2025-02-05 21:15:00-05:00
2025-02-06 02:30:00+00:00,109.703125,109.703125,109.734375,109.703125,109.71875,4888.0,2025-02-05 21:30:00-05:00
2025-02-06 02:45:00+00:00,109.703125,109.703125,109.71875,109.6875,109.71875,2959.0,2025-02-05 21:45:00-05:00
2025-02-06 03:00:00+00:00,109.734375,109.734375,109.734375,109.703125,109.71875,2541.0,2025-02-05 22:00:00-05:00
2025-02-06 03:15:00+00:00,109.734375,109.734375,109.734375,109.71875,109.734375,1803.0,2025-02-05 22:15:00-05:00
2025-02-06 03:30:00+00:00,109.734375,109.734375,109.734375,109.703125,109.703125,4217.0,2025-02-05 22:30:00-05:00
2025-02-06 03:45:00+00:00,109.703125,109.703125,109.734375,109.6875,109.71875,3413.0,2025-02-05 22:45:00-05:00
2025-02-06 04:00:00+00:00,109.703125,109.703125,109.71875,109.6875,109.703125,3039.0,2025-02-05 23:00:00-05:00
2025-02-06 04:15:00+00:00,109.71875,109.71875,109.71875,109.703125,109.71875,388.0,2025-02-05 23:15:00-05:00
2025-02-06 04:30:00+00:00,109.71875,109.71875,109.71875,109.703125,109.703125,3223.0,2025-02-05 23:30:00-05:00
2025-02-06 04:45:00+00:00,109.671875,109.671875,109.703125,109.671875,109.703125,2892.0,2025-02-05 23:45:00-05:00
2025-02-06 05:00:00+00:00,109.65625,109.65625,109.671875,109.640625,109.671875,9602.0,2025-02-06 00:00:00-05:00
2025-02-06 05:15:00+00:00,109.65625,109.65625,109.671875,109.640625,109.65625,2630.0,2025-02-06 00:15:00-05:00
2025-02-06 05:30:00+00:00,109.640625,109.640625,109.671875,109.640625,109.65625,936.0,2025-02-06 00:30:00-05:00
2025-02-06 05:45:00+00:00,109.65625,109.65625,109.65625,109.625,109.65625,3959.0,2025-02-06 00:45:00-05:00
2025-02-06 06:00:00+00:00,109.65625,109.65625,109.671875,109.640625,109.65625,3379.0,2025-02-06 01:00:00-05:00
2025-02-06 06:15:00+00:00,109.640625,109.640625,109.671875,109.640625,109.671875,4376.0,2025-02-06 01:15:00-05:00
2025-02-06 06:30:00+00:00,109.640625,109.640625,109.65625,109.640625,109.640625,1425.0,2025-02-06 01:30:00-05:00
2025-02-06 06:45:00+00:00,109.640625,109.640625,109.640625,109.609375,109.640625,10966.0,2025-02-06 01:45:00-05:00
2025-02-06 07:00:00+00:00,109.625,109.625,109.65625,109.609375,109.640625,6605.0,2025-02-06 02:00:00-05:00
2025-02-06 07:15:00+00:00,109.640625,109.640625,109.640625,109.609375,109.625,3429.0,2025-02-06 02:15:00-05:00
2025-02-06 07:30:00+00:00,109.609375,109.609375,109.65625,109.609375,109.625,4073.0,2025-02-06 02:30:00-05:00
2025-02-06 07:45:00+00:00,109.625,109.625,109.625,109.578125,109.609375,16283.0,2025-02-06 02:45:00-05:00
2025-02-06 08:00:00+00:00,109.59375,109.59375,109.65625,109.5625,109.625,15866.0,2025-02-06 03:00:00-05:00
2025-02-06 08:15:00+00:00,109.53125,109.53125,109.59375,109.53125,109.578125,25208.0,2025-02-06 03:15:00-05:00
2025-02-06 08:30:00+00:00,109.546875,109.546875,109.5625,109.515625,109.53125,20029.0,2025-02-06 03:30:00-05:00
2025-02-06 08:45:00+00:00,109.53125,109.53125,109.5625,109.515625,109.546875,16257.0,2025-02-06 03:45:00-05:00
2025-02-06 09:00:00+00:00,109.53125,109.53125,109.578125,109.53125,109.546875,11724.0,2025-02-06 04:00:00-05:00
2025-02-06 09:15:00+00:00,109.5625,109.5625,109.5625,109.5,109.51599884033205,19235.0,2025-02-06 04:15:00-05:00
2025-02-06 09:30:00+00:00,109.546875,109.546875,109.578125,109.53125,109.546875,8477.0,2025-02-06 04:30:00-05:00
2025-02-06 09:45:00+00:00,109.578125,109.578125,109.578125,109.53125,109.546875,11992.0,2025-02-06 04:45:00-05:00
2025-02-06 10:00:00+00:00,109.59375,109.59375,109.609375,109.5625,109.578125,16289.0,2025-02-06 05:00:00-05:00
2025-02-06 10:15:00+00:00,109.609375,109.609375,109.625,109.578125,109.59375,8599.0,2025-02-06 05:15:00-05:00
2025-02-06 10:30:00+00:00,109.578125,109.578125,109.609375,109.5625,109.609375,12384.0,2025-02-06 05:30:00-05:00
2025-02-06 10:45:00+00:00,109.59375,109.59375,109.59375,109.546875,109.578125,6160.0,2025-02-06 05:45:00-05:00
2025-02-06 11:00:00+00:00,109.5625,109.5625,109.625,109.546875,109.59375,12102.0,2025-02-06 06:00:00-05:00
2025-02-06 11:15:00+00:00,109.59375,109.59375,109.59375,109.546875,109.5625,3564.0,2025-02-06 06:15:00-05:00
2025-02-06 11:30:00+00:00,109.59375,109.59375,109.625,109.5625,109.59375,11863.0,2025-02-06 06:30:00-05:00
2025-02-06 11:45:00+00:00,109.65625,109.65625,109.65625,109.59375,109.59375,15256.0,2025-02-06 06:45:00-05:00
2025-02-06 12:00:00+00:00,109.640625,109.640625,109.6875,109.59375,109.640625,45485.0,2025-02-06 07:00:00-05:00
2025-02-06 12:15:00+00:00,109.5625,109.5625,109.640625,109.546875,109.625,35898.0,2025-02-06 07:15:00-05:00
2025-02-06 12:30:00+00:00,109.578125,109.578125,109.609375,109.546875,109.578125,24950.0,2025-02-06 07:30:00-05:00
2025-02-06 12:45:00+00:00,109.578125,109.578125,109.59375,109.546875,109.578125,15878.0,2025-02-06 07:45:00-05:00
2025-02-06 13:00:00+00:00,109.5625,109.5625,109.59375,109.484375,109.578125,87814.0,2025-02-06 08:00:00-05:00
2025-02-06 13:15:00+00:00,109.59375,109.59375,109.609375,109.515625,109.546875,49148.0,2025-02-06 08:15:00-05:00
2025-02-06 13:30:00+00:00,109.671875,109.671875,109.6875,109.5625,109.609375,65715.0,2025-02-06 08:30:00-05:00
2025-02-06 13:45:00+00:00,109.671875,109.671875,109.75,109.640625,109.65625,68747.0,2025-02-06 08:45:00-05:00
2025-02-06 14:00:00+00:00,109.5625,109.5625,109.6875,109.5625,109.671875,48694.0,2025-02-06 09:00:00-05:00
2025-02-06 14:15:00+00:00,109.5625,109.5625,109.59375,109.5,109.578125,51775.0,2025-02-06 09:15:00-05:00
2025-02-06 14:30:00+00:00,109.625,109.625,109.625,109.53125,109.5625,29542.0,2025-02-06 09:30:00-05:00
2025-02-06 14:45:00+00:00,109.578125,109.578125,109.625,109.515625,109.609375,39176.0,2025-02-06 09:45:00-05:00
2025-02-06 15:00:00+00:00,109.65625,109.65625,109.65625,109.5625,109.59375,36078.0,2025-02-06 10:00:00-05:00
2025-02-06 15:15:00+00:00,109.59375,109.59375,109.703125,109.59375,109.640625,59225.0,2025-02-06 10:15:00-05:00
2025-02-06 15:30:00+00:00,109.578125,109.578125,109.65625,109.53125,109.578125,57390.0,2025-02-06 10:30:00-05:00
2025-02-06 15:45:00+00:00,109.609375,109.609375,109.640625,109.5625,109.578125,38827.0,2025-02-06 10:45:00-05:00
2025-02-06 16:00:00+00:00,109.578125,109.578125,109.640625,109.53125,109.640625,35534.0,2025-02-06 11:00:00-05:00
2025-02-06 16:15:00+00:00,109.515625,109.515625,109.59375,109.5,109.59375,32764.0,2025-02-06 11:15:00-05:00
2025-02-06 16:30:00+00:00,109.5,109.5,109.53125,109.4375,109.5,60778.0,2025-02-06 11:30:00-05:00
2025-02-06 16:45:00+00:00,109.4375,109.4375,109.5,109.4375,109.5,37297.0,2025-02-06 11:45:00-05:00
2025-02-06 17:00:00+00:00,109.46875,109.46875,109.484375,109.4375,109.4375,36809.0,2025-02-06 12:00:00-05:00
2025-02-06 17:15:00+00:00,109.46875,109.46875,109.5,109.453125,109.453125,25260.0,2025-02-06 12:15:00-05:00
2025-02-06 17:30:00+00:00,109.515625,109.515625,109.53125,109.46875,109.484375,18833.0,2025-02-06 12:30:00-05:00
2025-02-06 17:45:00+00:00,109.53125,109.53125,109.546875,109.5,109.5,20177.0,2025-02-06 12:45:00-05:00
2025-02-06 18:00:00+00:00,109.609375,109.609375,109.625,109.53125,109.546875,34532.0,2025-02-06 13:00:00-05:00
2025-02-06 18:15:00+00:00,109.65625,109.65625,109.65625,109.59375,109.609375,39054.0,2025-02-06 13:15:00-05:00
2025-02-06 18:30:00+00:00,109.65625,109.65625,109.671875,109.59375,109.640625,26779.0,2025-02-06 13:30:00-05:00
2025-02-06 18:45:00+00:00,109.65625,109.65625,109.671875,109.625,109.671875,27563.0,2025-02-06 13:45:00-05:00
2025-02-06 19:00:00+00:00,109.609375,109.609375,109.671875,109.609375,109.671875,26280.0,2025-02-06 14:00:00-05:00
2025-02-06 19:15:00+00:00,109.578125,109.578125,109.625,109.5625,109.625,23559.0,2025-02-06 14:15:00-05:00
2025-02-06 19:30:00+00:00,109.609375,109.609375,109.625,109.5625,109.59375,26493.0,2025-02-06 14:30:00-05:00
2025-02-06 19:45:00+00:00,109.5625,109.5625,109.625,109.546875,109.609375,69484.0,2025-02-06 14:45:00-05:00
2025-02-06 20:00:00+00:00,109.59375,109.59375,109.609375,109.5625,109.578125,39401.0,2025-02-06 15:00:00-05:00
2025-02-06 20:15:00+00:00,109.5625,109.5625,109.609375,109.5625,109.59375,23323.0,2025-02-06 15:15:00-05:00
2025-02-06 20:30:00+00:00,109.5625,109.5625,109.59375,109.546875,109.578125,16000.0,2025-02-06 15:30:00-05:00
2025-02-06 20:45:00+00:00,109.5625,109.5625,109.609375,109.5625,109.5625,37101.0,2025-02-06 15:45:00-05:00
2025-02-06 21:00:00+00:00,109.5625,109.5625,109.59375,109.5625,109.5625,14842.0,2025-02-06 16:00:00-05:00
2025-02-06 21:15:00+00:00,109.578125,109.578125,109.578125,109.546875,109.5625,9691.0,2025-02-06 16:15:00-05:00
2025-02-06 21:30:00+00:00,109.59375,109.59375,109.59375,109.5625,109.578125,9200.0,2025-02-06 16:30:00-05:00
2025-02-06 21:45:00+00:00,109.59375,109.59375,109.59375,109.5625,109.578125,2713.0,2025-02-06 16:45:00-05:00
2025-02-06 22:00:00+00:00,109.5625,109.5625,109.5625,109.546875,109.546875,932.0,2025-02-06 17:00:00-05:00
2025-02-06 22:15:00+00:00,109.53125,109.53125,109.578125,109.53125,109.5625,3502.0,2025-02-06 17:15:00-05:00
2025-02-06 22:30:00+00:00,109.53125,109.53125,109.546875,109.515625,109.53125,3587.0,2025-02-06 17:30:00-05:00
2025-02-06 22:45:00+00:00,109.515625,109.515625,109.53125,109.5,109.515625,2927.0,2025-02-06 17:45:00-05:00
2025-02-06 23:00:00+00:00,109.5625,109.5625,109.59375,109.546875,109.578125,2173.0,2025-02-06 18:00:00-05:00
2025-02-06 23:15:00+00:00,109.578125,109.578125,109.59375,109.5625,109.578125,1061.0,2025-02-06 18:15:00-05:00
2025-02-06 23:30:00+00:00,109.59375,109.59375,109.59375,109.578125,109.59375,472.0,2025-02-06 18:30:00-05:00
2025-02-06 23:45:00+00:00,109.59375,109.59375,109.59375,109.578125,109.578125,2552.0,2025-02-06 18:45:00-05:00
2025-02-07 00:00:00+00:00,109.578125,109.578125,109.625,109.5625,109.59375,2773.0,2025-02-06 19:00:00-05:00
2025-02-07 00:15:00+00:00,109.578125,109.578125,109.59375,109.5625,109.59375,2141.0,2025-02-06 19:15:00-05:00
2025-02-07 00:30:00+00:00,109.59375,109.59375,109.609375,109.578125,109.59375,1773.0,2025-02-06 19:30:00-05:00
2025-02-07 00:45:00+00:00,109.578125,109.578125,109.59375,109.5625,109.59375,1059.0,2025-02-06 19:45:00-05:00
2025-02-07 01:00:00+00:00,109.59375,109.59375,109.609375,109.578125,109.578125,2463.0,2025-02-06 20:00:00-05:00
2025-02-07 01:15:00+00:00,109.578125,109.578125,109.609375,109.578125,109.59375,1026.0,2025-02-06 20:15:00-05:00
2025-02-07 01:30:00+00:00,109.546875,109.546875,109.578125,109.53125,109.578125,6037.0,2025-02-06 20:30:00-05:00
2025-02-07 01:45:00+00:00,109.578125,109.578125,109.578125,109.53125,109.546875,6352.0,2025-02-06 20:45:00-05:00
2025-02-07 02:00:00+00:00,109.5625,109.5625,109.578125,109.546875,109.578125,5085.0,2025-02-06 21:00:00-05:00
2025-02-07 02:15:00+00:00,109.546875,109.546875,109.5625,109.53125,109.546875,1297.0,2025-02-06 21:15:00-05:00
2025-02-07 02:30:00+00:00,109.546875,109.546875,109.546875,109.53125,109.53125,2296.0,2025-02-06 21:30:00-05:00
2025-02-07 02:45:00+00:00,109.5625,109.5625,109.5625,109.53125,109.5625,1376.0,2025-02-06 21:45:00-05:00
2025-02-07 03:00:00+00:00,109.5625,109.5625,109.5625,109.546875,109.546875,932.0,2025-02-06 22:00:00-05:00
2025-02-07 03:15:00+00:00,109.53125,109.53125,109.578125,109.53125,109.5625,3502.0,2025-02-06 22:15:00-05:00
2025-02-07 03:30:00+00:00,109.53125,109.53125,109.546875,109.515625,109.53125,3587.0,2025-02-06 22:30:00-05:00
2025-02-07 03:45:00+00:00,109.515625,109.515625,109.53125,109.5,109.515625,2927.0,2025-02-06 22:45:00-05:00
2025-02-07 04:00:00+00:00,109.515625,109.515625,109.53125,109.5,109.53125,1899.0,2025-02-06 23:00:00-05:00
2025-02-07 04:15:00+00:00,109.515625,109.515625,109.53125,109.5,109.515625,2223.0,2025-02-06 23:15:00-05:00
2025-02-07 04:30:00+00:00,109.515625,109.515625,109.53125,109.515625,109.515625,2869.0,2025-02-06 23:30:00-05:00
2025-02-07 04:45:00+00:00,109.5,109.5,109.515625,109.5,109.515625,930.0,2025-02-06 23:45:00-05:00
2025-02-07 05:00:00+00:00,109.5,109.5,109.515625,109.5,109.5,1291.0,2025-02-07 00:00:00-05:00
2025-02-07 05:15:00+00:00,109.484375,109.484375,109.515625,109.484375,109.5,2793.0,2025-02-07 00:15:00-05:00
2025-02-07 05:30:00+00:00,109.5,109.5,109.515625,109.5,109.5,878.0,2025-02-07 00:30:00-05:00
2025-02-07 05:45:00+00:00,109.515625,109.515625,109.515625,109.484375,109.5,4302.0,2025-02-07 00:45:00-05:00
2025-02-07 06:00:00+00:00,109.515625,109.515625,109.53125,109.5,109.515625,2412.0,2025-02-07 01:00:00-05:00
2025-02-07 06:15:00+00:00,109.5,109.5,109.53125,109.5,109.515625,1957.0,2025-02-07 01:15:00-05:00
2025-02-07 06:30:00+00:00,109.515625,109.515625,109.53125,109.515625,109.515625,1764.0,2025-02-07 01:30:00-05:00
2025-02-07 06:45:00+00:00,109.5,109.5,109.515625,109.5,109.515625,3327.0,2025-02-07 01:45:00-05:00
2025-02-07 07:00:00+00:00,109.484375,109.484375,109.515625,109.484375,109.484375,5473.0,2025-02-07 02:00:00-05:00
2025-02-07 07:15:00+00:00,109.515625,109.515625,109.515625,109.484375,109.484375,6970.0,2025-02-07 02:15:00-05:00
2025-02-07 07:30:00+00:00,109.453125,109.453125,109.53125,109.453125,109.515625,15048.0,2025-02-07 02:30:00-05:00
2025-02-07 07:45:00+00:00,109.453125,109.453125,109.46875,109.421875,109.453125,18154.0,2025-02-07 02:45:00-05:00
2025-02-07 08:00:00+00:00,109.46875,109.46875,109.515625,109.421875,109.453125,40536.0,2025-02-07 03:00:00-05:00
2025-02-07 08:15:00+00:00,109.5,109.5,109.53125,109.484375,109.484375,12069.0,2025-02-07 03:15:00-05:00
2025-02-07 08:30:00+00:00,109.53125,109.53125,109.546875,109.484375,109.5,9416.0,2025-02-07 03:30:00-05:00
2025-02-07 08:45:00+00:00,109.578125,109.578125,109.609375,109.53125,109.53125,18142.0,2025-02-07 03:45:00-05:00
2025-02-07 09:00:00+00:00,109.578125,109.578125,109.59375,109.53125,109.59375,17362.0,2025-02-07 04:00:00-05:00
2025-02-07 09:15:00+00:00,109.578125,109.578125,109.609375,109.5625,109.59375,12456.0,2025-02-07 04:15:00-05:00
2025-02-07 09:30:00+00:00,109.59375,109.59375,109.59375,109.5625,109.59375,6700.0,2025-02-07 04:30:00-05:00
2025-02-07 09:45:00+00:00,109.5625,109.5625,109.59375,109.5625,109.59375,7237.0,2025-02-07 04:45:00-05:00
2025-02-07 10:00:00+00:00,109.5625,109.5625,109.578125,109.546875,109.578125,11640.0,2025-02-07 05:00:00-05:00
2025-02-07 10:15:00+00:00,109.5625,109.5625,109.578125,109.546875,109.578125,4646.0,2025-02-07 05:15:00-05:00
2025-02-07 10:30:00+00:00,109.5625,109.5625,109.59375,109.546875,109.5625,3577.0,2025-02-07 05:30:00-05:00
2025-02-07 10:45:00+00:00,109.578125,109.578125,109.59375,109.5625,109.5625,5616.0,2025-02-07 05:45:00-05:00
2025-02-07 11:00:00+00:00,109.59375,109.59375,109.609375,109.5625,109.5625,5729.0,2025-02-07 06:00:00-05:00
2025-02-07 11:15:00+00:00,109.578125,109.578125,109.625,109.578125,109.609375,7301.0,2025-02-07 06:15:00-05:00
2025-02-07 11:30:00+00:00,109.578125,109.578125,109.59375,109.5625,109.578125,7126.0,2025-02-07 06:30:00-05:00
2025-02-07 11:45:00+00:00,109.578125,109.578125,109.59375,109.546875,109.578125,7789.0,2025-02-07 06:45:00-05:00
2025-02-07 12:00:00+00:00,109.546875,109.546875,109.59375,109.515625,109.59375,13350.0,2025-02-07 07:00:00-05:00
2025-02-07 12:15:00+00:00,109.5625,109.5625,109.5625,109.53125,109.546875,10591.0,2025-02-07 07:15:00-05:00
2025-02-07 12:30:00+00:00,109.53125,109.53125,109.5625,109.5,109.546875,18389.0,2025-02-07 07:30:00-05:00
2025-02-07 12:45:00+00:00,109.546875,109.546875,109.59375,109.53125,109.546875,22775.0,2025-02-07 07:45:00-05:00
2025-02-07 13:00:00+00:00,109.53125,109.53125,109.5625,109.484375,109.5625,33432.0,2025-02-07 08:00:00-05:00
2025-02-07 13:15:00+00:00,109.5,109.5,109.5625,109.484375,109.546875,40126.0,2025-02-07 08:15:00-05:00
2025-02-07 13:30:00+00:00,109.359375,109.359375,110.0,109.203125,109.5,323689.0,2025-02-07 08:30:00-05:00
2025-02-07 13:45:00+00:00,109.21875,109.21875,109.375,109.15625,109.359375,152801.0,2025-02-07 08:45:00-05:00
2025-02-07 14:00:00+00:00,109.15625,109.15625,109.25,109.125,109.203125,86042.0,2025-02-07 09:00:00-05:00
2025-02-07 14:15:00+00:00,109.203125,109.203125,109.21875,109.125,109.15625,65120.0,2025-02-07 09:15:00-05:00
2025-02-07 14:30:00+00:00,109.21875,109.21875,109.3125,109.203125,109.203125,82511.0,2025-02-07 09:30:00-05:00
2025-02-07 14:45:00+00:00,109.203125,109.203125,109.25,109.1875,109.21875,34906.0,2025-02-07 09:45:00-05:00
2025-02-07 15:00:00+00:00,109.125,109.125,109.21875,109.078125,109.203125,126711.0,2025-02-07 10:00:00-05:00
2025-02-07 15:15:00+00:00,109.078125,109.078125,109.171875,109.046875,109.125,63179.0,2025-02-07 10:15:00-05:00
2025-02-07 15:30:00+00:00,109.0625,109.0625,109.125,109.046875,109.078125,47988.0,2025-02-07 10:30:00-05:00
2025-02-07 15:45:00+00:00,109.15625,109.15625,109.234375,109.03125,109.0625,122494.0,2025-02-07 10:45:00-05:00
2025-02-07 16:00:00+00:00,109.1875,109.1875,109.1875,109.09375,109.15625,73450.0,2025-02-07 11:00:00-05:00
2025-02-07 16:15:00+00:00,109.234375,109.234375,109.234375,109.109375,109.1875,61882.0,2025-02-07 11:15:00-05:00
2025-02-07 16:30:00+00:00,109.28125,109.28125,109.296875,109.1875,109.21875,40414.0,2025-02-07 11:30:00-05:00
2025-02-07 16:45:00+00:00,109.1875,109.1875,109.28125,109.15625,109.265625,32826.0,2025-02-07 11:45:00-05:00
2025-02-07 17:00:00+00:00,109.1875,109.1875,109.203125,109.125,109.171875,32391.0,2025-02-07 12:00:00-05:00
2025-02-07 17:15:00+00:00,109.21875,109.21875,109.234375,109.140625,109.1875,46981.0,2025-02-07 12:15:00-05:00
2025-02-07 17:30:00+00:00,109.171875,109.171875,109.234375,109.15625,109.21875,18184.0,2025-02-07 12:30:00-05:00
2025-02-07 17:45:00+00:00,109.15625,109.15625,109.1875,109.140625,109.171875,14307.0,2025-02-07 12:45:00-05:00
2025-02-07 18:00:00+00:00,109.1875,109.1875,109.203125,109.140625,109.171875,17676.0,2025-02-07 13:00:00-05:00
2025-02-07 18:15:00+00:00,109.203125,109.203125,109.234375,109.171875,109.203125,10339.0,2025-02-07 13:15:00-05:00
2025-02-07 18:30:00+00:00,109.171875,109.171875,109.234375,109.171875,109.21875,11351.0,2025-02-07 13:30:00-05:00
2025-02-07 18:45:00+00:00,109.21875,109.21875,109.25,109.171875,109.171875,16463.0,2025-02-07 13:45:00-05:00
2025-02-07 19:00:00+00:00,109.25,109.25,109.28125,109.21875,109.21875,27790.0,2025-02-07 14:00:00-05:00
2025-02-07 19:15:00+00:00,109.265625,109.265625,109.28125,109.25,109.265625,24143.0,2025-02-07 14:15:00-05:00
2025-02-07 19:30:00+00:00,109.21875,109.21875,109.28125,109.21875,109.28125,13569.0,2025-02-07 14:30:00-05:00
2025-02-07 19:45:00+00:00,109.21875,109.21875,109.25,109.21875,109.21875,96676.0,2025-02-07 14:45:00-05:00
2025-02-07 20:00:00+00:00,109.265625,109.265625,109.265625,109.21875,109.234375,37970.0,2025-02-07 15:00:00-05:00
2025-02-07 20:15:00+00:00,109.1875,109.1875,109.265625,109.1875,109.265625,20160.0,2025-02-07 15:15:00-05:00
2025-02-07 20:30:00+00:00,109.1875,109.1875,109.21875,109.1875,109.1875,16951.0,2025-02-07 15:30:00-05:00
2025-02-07 20:45:00+00:00,109.203125,109.203125,109.21875,109.171875,109.1875,18495.0,2025-02-07 15:45:00-05:00
2025-02-07 21:00:00+00:00,109.203125,109.203125,109.234375,109.203125,109.203125,30977.0,2025-02-07 16:00:00-05:00
2025-02-07 21:15:00+00:00,109.1875,109.1875,109.21875,109.171875,109.21875,13650.0,2025-02-07 16:15:00-05:00
2025-02-07 21:30:00+00:00,109.171875,109.171875,109.203125,109.15625,109.171875,11098.0,2025-02-07 16:30:00-05:00
2025-02-07 21:45:00+00:00,109.15625,109.15625,109.171875,109.140625,109.171875,14027.0,2025-02-07 16:45:00-05:00
2025-02-09 18:00:00+00:00,109.21875,109.21875,109.234375,109.109375,109.171875,7028.0,2025-02-09 13:00:00-05:00
2025-02-09 18:15:00+00:00,109.21875,109.21875,109.234375,109.203125,109.234375,3599.0,2025-02-09 13:15:00-05:00
2025-02-09 18:30:00+00:00,109.25,109.25,109.25,109.203125,109.21875,5028.0,2025-02-09 13:30:00-05:00
2025-02-09 18:45:00+00:00,109.21875,109.21875,109.25,109.21875,109.234375,1988.0,2025-02-09 13:45:00-05:00
2025-02-09 19:00:00+00:00,109.234375,109.234375,109.25,109.203125,109.234375,4209.0,2025-02-09 14:00:00-05:00
2025-02-09 19:15:00+00:00,109.265625,109.265625,109.28125,109.234375,109.234375,8403.0,2025-02-09 14:15:00-05:00
2025-02-09 19:30:00+00:00,109.203125,109.203125,109.265625,109.203125,109.265625,5063.0,2025-02-09 14:30:00-05:00
2025-02-09 19:45:00+00:00,109.203125,109.203125,109.21875,109.1875,109.21875,5430.0,2025-02-09 14:45:00-05:00
2025-02-09 20:00:00+00:00,109.203125,109.203125,109.21875,109.1875,109.1875,5004.0,2025-02-09 15:00:00-05:00
2025-02-09 20:15:00+00:00,109.1875,109.1875,109.21875,109.171875,109.203125,4131.0,2025-02-09 15:15:00-05:00
2025-02-09 20:30:00+00:00,109.203125,109.203125,109.21875,109.171875,109.171875,4140.0,2025-02-09 15:30:00-05:00
2025-02-09 20:45:00+00:00,109.234375,109.234375,109.25,109.203125,109.203125,3702.0,2025-02-09 15:45:00-05:00
2025-02-09 21:00:00+00:00,109.234375,109.234375,109.25,109.21875,109.234375,2801.0,2025-02-09 16:00:00-05:00
2025-02-09 21:15:00+00:00,109.234375,109.234375,109.25,109.21875,109.21875,2957.0,2025-02-09 16:15:00-05:00
2025-02-09 21:30:00+00:00,109.234375,109.234375,109.234375,109.203125,109.21875,2039.0,2025-02-09 16:30:00-05:00
2025-02-09 21:45:00+00:00,109.203125,109.203125,109.234375,109.203125,109.234375,1861.0,2025-02-09 16:45:00-05:00
2025-02-09 22:00:00+00:00,109.21875,109.21875,109.234375,109.203125,109.21875,1417.0,2025-02-09 17:00:00-05:00
2025-02-09 22:15:00+00:00,109.234375,109.234375,109.234375,109.21875,109.21875,3713.0,2025-02-09 17:15:00-05:00
2025-02-09 22:30:00+00:00,109.25,109.25,109.25,109.21875,109.21875,624.0,2025-02-09 17:30:00-05:00
2025-02-09 22:45:00+00:00,109.21875,109.21875,109.25,109.21875,109.234375,3041.0,2025-02-09 17:45:00-05:00
2025-02-09 23:00:00+00:00,109.21875,109.21875,109.234375,109.109375,109.171875,7028.0,2025-02-09 18:00:00-05:00
2025-02-09 23:15:00+00:00,109.21875,109.21875,109.234375,109.203125,109.234375,3599.0,2025-02-09 18:15:00-05:00
2025-02-09 23:30:00+00:00,109.25,109.25,109.25,109.203125,109.21875,5028.0,2025-02-09 18:30:00-05:00
2025-02-09 23:45:00+00:00,109.21875,109.21875,109.25,109.21875,109.234375,1988.0,2025-02-09 18:45:00-05:00
2025-02-10 00:00:00+00:00,109.234375,109.234375,109.25,109.203125,109.234375,4209.0,2025-02-09 19:00:00-05:00
2025-02-10 00:15:00+00:00,109.265625,109.265625,109.28125,109.234375,109.234375,8403.0,2025-02-09 19:15:00-05:00
2025-02-10 00:30:00+00:00,109.203125,109.203125,109.265625,109.203125,109.265625,5063.0,2025-02-09 19:30:00-05:00
2025-02-10 00:45:00+00:00,109.203125,109.203125,109.21875,109.1875,109.21875,5430.0,2025-02-09 19:45:00-05:00
2025-02-10 01:00:00+00:00,109.203125,109.203125,109.21875,109.1875,109.1875,5004.0,2025-02-09 20:00:00-05:00
2025-02-10 01:15:00+00:00,109.1875,109.1875,109.21875,109.171875,109.203125,4131.0,2025-02-09 20:15:00-05:00
2025-02-10 01:30:00+00:00,109.203125,109.203125,109.21875,109.171875,109.171875,4140.0,2025-02-09 20:30:00-05:00
2025-02-10 01:45:00+00:00,109.234375,109.234375,109.25,109.203125,109.203125,3702.0,2025-02-09 20:45:00-05:00
2025-02-10 02:00:00+00:00,109.234375,109.234375,109.25,109.21875,109.234375,2801.0,2025-02-09 21:00:00-05:00
2025-02-10 02:15:00+00:00,109.234375,109.234375,109.25,109.21875,109.21875,2957.0,2025-02-09 21:15:00-05:00
2025-02-10 02:30:00+00:00,109.234375,109.234375,109.234375,109.203125,109.21875,2039.0,2025-02-09 21:30:00-05:00
2025-02-10 02:45:00+00:00,109.203125,109.203125,109.234375,109.203125,109.234375,1861.0,2025-02-09 21:45:00-05:00
2025-02-10 03:00:00+00:00,109.21875,109.21875,109.234375,109.203125,109.21875,1417.0,2025-02-09 22:00:00-05:00
2025-02-10 03:15:00+00:00,109.234375,109.234375,109.234375,109.21875,109.21875,3713.0,2025-02-09 22:15:00-05:00
2025-02-10 03:30:00+00:00,109.25,109.25,109.25,109.21875,109.21875,624.0,2025-02-09 22:30:00-05:00
2025-02-10 03:45:00+00:00,109.21875,109.21875,109.25,109.21875,109.234375,3041.0,2025-02-09 22:45:00-05:00
2025-02-10 04:00:00+00:00,109.234375,109.234375,109.234375,109.21875,109.21875,157.0,2025-02-09 23:00:00-05:00
2025-02-10 04:15:00+00:00,109.25,109.25,109.25,109.21875,109.21875,1408.0,2025-02-09 23:15:00-05:00
2025-02-10 04:30:00+00:00,109.25,109.25,109.265625,109.234375,109.234375,2671.0,2025-02-09 23:30:00-05:00
2025-02-10 04:45:00+00:00,109.234375,109.234375,109.25,109.21875,109.25,2251.0,2025-02-09 23:45:00-05:00
2025-02-10 05:00:00+00:00,109.21875,109.21875,109.234375,109.1875,109.21875,2227.0,2025-02-10 00:00:00-05:00
2025-02-10 05:15:00+00:00,109.1875,109.1875,109.21875,109.1875,109.21875,1686.0,2025-02-10 00:15:00-05:00
2025-02-10 05:30:00+00:00,109.203125,109.203125,109.21875,109.1875,109.1875,1758.0,2025-02-10 00:30:00-05:00
2025-02-10 05:45:00+00:00,109.21875,109.21875,109.21875,109.1875,109.21875,4384.0,2025-02-10 00:45:00-05:00
2025-02-10 06:00:00+00:00,109.234375,109.234375,109.234375,109.203125,109.21875,2164.0,2025-02-10 01:00:00-05:00
2025-02-10 06:15:00+00:00,109.21875,109.21875,109.21875,109.21875,109.21875,1233.0,2025-02-10 01:15:00-05:00
2025-02-10 06:30:00+00:00,109.234375,109.234375,109.25,109.234375,109.234375,4012.0,2025-02-10 01:30:00-05:00
2025-02-10 06:45:00+00:00,109.21875,109.21875,109.265625,109.21875,109.234375,5138.0,2025-02-10 01:45:00-05:00
2025-02-10 07:00:00+00:00,109.1875,109.1875,109.21875,109.1875,109.21875,4969.0,2025-02-10 02:00:00-05:00
2025-02-10 07:15:00+00:00,109.234375,109.234375,109.234375,109.1875,109.1875,7296.0,2025-02-10 02:15:00-05:00
2025-02-10 07:30:00+00:00,109.21875,109.21875,109.25,109.21875,109.234375,5638.0,2025-02-10 02:30:00-05:00
2025-02-10 07:45:00+00:00,109.203125,109.203125,109.25,109.203125,109.21875,4072.0,2025-02-10 02:45:00-05:00
2025-02-10 08:00:00+00:00,109.140625,109.140625,109.203125,109.109375,109.203125,19208.0,2025-02-10 03:00:00-05:00
2025-02-10 08:15:00+00:00,109.140625,109.140625,109.140625,109.078125,109.125,26134.0,2025-02-10 03:15:00-05:00
2025-02-10 08:30:00+00:00,109.171875,109.171875,109.1875,109.125,109.140625,12101.0,2025-02-10 03:30:00-05:00
2025-02-10 08:45:00+00:00,109.203125,109.203125,109.203125,109.171875,109.1875,5335.0,2025-02-10 03:45:00-05:00
2025-02-10 09:00:00+00:00,109.1875,109.1875,109.265625,109.1875,109.203125,30238.0,2025-02-10 04:00:00-05:00
2025-02-10 09:15:00+00:00,109.203125,109.203125,109.21875,109.15625,109.1875,7370.0,2025-02-10 04:15:00-05:00
2025-02-10 09:30:00+00:00,109.1875,109.1875,109.234375,109.171875,109.203125,11055.0,2025-02-10 04:30:00-05:00
2025-02-10 09:45:00+00:00,109.1875,109.1875,109.234375,109.171875,109.171875,7049.0,2025-02-10 04:45:00-05:00
2025-02-10 10:00:00+00:00,109.171875,109.171875,109.21875,109.171875,109.203125,7342.0,2025-02-10 05:00:00-05:00
2025-02-10 10:15:00+00:00,109.15625,109.15625,109.203125,109.15625,109.171875,4851.0,2025-02-10 05:15:00-05:00
2025-02-10 10:30:00+00:00,109.171875,109.171875,109.1875,109.140625,109.15625,8157.0,2025-02-10 05:30:00-05:00
2025-02-10 10:45:00+00:00,109.171875,109.171875,109.203125,109.171875,109.171875,2642.0,2025-02-10 05:45:00-05:00
2025-02-10 11:00:00+00:00,109.171875,109.171875,109.21875,109.15625,109.171875,8519.0,2025-02-10 06:00:00-05:00
2025-02-10 11:15:00+00:00,109.15625,109.15625,109.171875,109.140625,109.171875,6675.0,2025-02-10 06:15:00-05:00
2025-02-10 11:30:00+00:00,109.15625,109.15625,109.1875,109.15625,109.171875,4702.0,2025-02-10 06:30:00-05:00
2025-02-10 11:45:00+00:00,109.1875,109.1875,109.1875,109.140625,109.15625,4662.0,2025-02-10 06:45:00-05:00
2025-02-10 12:00:00+00:00,109.171875,109.171875,109.203125,109.140625,109.1875,8883.0,2025-02-10 07:00:00-05:00
2025-02-10 12:15:00+00:00,109.140625,109.140625,109.1875,109.140625,109.15625,9348.0,2025-02-10 07:15:00-05:00
2025-02-10 12:30:00+00:00,109.203125,109.203125,109.21875,109.140625,109.140625,8395.0,2025-02-10 07:30:00-05:00
2025-02-10 12:45:00+00:00,109.203125,109.203125,109.21875,109.1875,109.203125,11508.0,2025-02-10 07:45:00-05:00
2025-02-10 13:00:00+00:00,109.234375,109.234375,109.265625,109.171875,109.203125,17382.0,2025-02-10 08:00:00-05:00
2025-02-10 13:15:00+00:00,109.203125,109.203125,109.234375,109.15625,109.234375,15984.0,2025-02-10 08:15:00-05:00
2025-02-10 13:30:00+00:00,109.21875,109.21875,109.265625,109.1875,109.203125,34939.0,2025-02-10 08:30:00-05:00
2025-02-10 13:45:00+00:00,109.28125,109.28125,109.296875,109.1875,109.21875,35938.0,2025-02-10 08:45:00-05:00
2025-02-10 14:00:00+00:00,109.265625,109.265625,109.296875,109.234375,109.265625,25552.0,2025-02-10 09:00:00-05:00
2025-02-10 14:15:00+00:00,109.3125,109.3125,109.328125,109.25,109.265625,29670.0,2025-02-10 09:15:00-05:00
2025-02-10 14:30:00+00:00,109.328125,109.328125,109.375,109.3125,109.3125,43737.0,2025-02-10 09:30:00-05:00
2025-02-10 14:45:00+00:00,109.34375,109.34375,109.375,109.328125,109.34375,21152.0,2025-02-10 09:45:00-05:00
2025-02-10 15:00:00+00:00,109.375,109.375,109.40625,109.34375,109.359375,36252.0,2025-02-10 10:00:00-05:00
2025-02-10 15:15:00+00:00,109.390625,109.390625,109.40625,109.34375,109.390625,37096.0,2025-02-10 10:15:00-05:00
2025-02-10 15:30:00+00:00,109.40625,109.40625,109.421875,109.359375,109.390625,34937.0,2025-02-10 10:30:00-05:00
2025-02-10 15:45:00+00:00,109.375,109.375,109.421875,109.34375,109.40625,46344.0,2025-02-10 10:45:00-05:00
2025-02-10 16:00:00+00:00,109.328125,109.328125,109.390625,109.3125,109.375,35388.0,2025-02-10 11:00:00-05:00
2025-02-10 16:15:00+00:00,109.328125,109.328125,109.359375,109.296875,109.328125,33603.0,2025-02-10 11:15:00-05:00
2025-02-10 16:30:00+00:00,109.28125,109.28125,109.359375,109.265625,109.34375,17034.0,2025-02-10 11:30:00-05:00
2025-02-10 16:45:00+00:00,109.296875,109.296875,109.3125,109.265625,109.28125,17596.0,2025-02-10 11:45:00-05:00
2025-02-10 17:00:00+00:00,109.25,109.25,109.296875,109.234375,109.296875,33724.0,2025-02-10 12:00:00-05:00
2025-02-10 17:15:00+00:00,109.28125,109.28125,109.28125,109.21875,109.25,30863.0,2025-02-10 12:15:00-05:00
2025-02-10 17:30:00+00:00,109.234375,109.234375,109.28125,109.21875,109.265625,22890.0,2025-02-10 12:30:00-05:00
2025-02-10 17:45:00+00:00,109.25,109.25,109.265625,109.203125,109.25,22987.0,2025-02-10 12:45:00-05:00
2025-02-10 18:00:00+00:00,109.265625,109.265625,109.265625,109.21875,109.234375,12988.0,2025-02-10 13:00:00-05:00
2025-02-10 18:15:00+00:00,109.25,109.25,109.28125,109.234375,109.25,11030.0,2025-02-10 13:15:00-05:00
2025-02-10 18:30:00+00:00,109.203125,109.203125,109.265625,109.203125,109.25,16948.0,2025-02-10 13:30:00-05:00
2025-02-10 18:45:00+00:00,109.21875,109.21875,109.21875,109.171875,109.21875,13430.0,2025-02-10 13:45:00-05:00
2025-02-10 19:00:00+00:00,109.25,109.25,109.25,109.1875,109.203125,18562.0,2025-02-10 14:00:00-05:00
2025-02-10 19:15:00+00:00,109.21875,109.21875,109.25,109.21875,109.234375,14012.0,2025-02-10 14:15:00-05:00
2025-02-10 19:30:00+00:00,109.21875,109.21875,109.234375,109.1875,109.21875,22908.0,2025-02-10 14:30:00-05:00
2025-02-10 19:45:00+00:00,109.234375,109.234375,109.234375,109.1875,109.234375,83014.0,2025-02-10 14:45:00-05:00
2025-02-10 20:00:00+00:00,109.1875,109.1875,109.25,109.171875,109.234375,22288.0,2025-02-10 15:00:00-05:00
2025-02-10 20:15:00+00:00,109.171875,109.171875,109.203125,109.15625,109.1875,20218.0,2025-02-10 15:15:00-05:00
2025-02-10 20:30:00+00:00,109.140625,109.140625,109.171875,109.125,109.171875,22467.0,2025-02-10 15:30:00-05:00
2025-02-10 20:45:00+00:00,109.171875,109.171875,109.1875,109.125,109.15625,43400.0,2025-02-10 15:45:00-05:00
2025-02-10 21:00:00+00:00,109.171875,109.171875,109.1875,109.140625,109.1875,23237.0,2025-02-10 16:00:00-05:00
2025-02-10 21:15:00+00:00,109.171875,109.171875,109.203125,109.15625,109.171875,24187.0,2025-02-10 16:15:00-05:00
2025-02-10 21:30:00+00:00,109.1875,109.1875,109.1875,109.15625,109.171875,11439.0,2025-02-10 16:30:00-05:00
2025-02-10 21:45:00+00:00,109.1875,109.1875,109.203125,109.171875,109.1875,11269.0,2025-02-10 16:45:00-05:00
2025-02-10 22:00:00+00:00,109.234375,109.234375,109.234375,109.21875,109.21875,1935.0,2025-02-10 17:00:00-05:00
2025-02-10 22:15:00+00:00,109.203125,109.203125,109.234375,109.203125,109.234375,738.0,2025-02-10 17:15:00-05:00
2025-02-10 22:30:00+00:00,109.203125,109.203125,109.21875,109.203125,109.203125,1733.0,2025-02-10 17:30:00-05:00
2025-02-10 22:45:00+00:00,109.203125,109.203125,109.21875,109.203125,109.203125,896.0,2025-02-10 17:45:00-05:00
2025-02-10 23:00:00+00:00,109.21875,109.21875,109.21875,109.1875,109.203125,1202.0,2025-02-10 18:00:00-05:00
2025-02-10 23:15:00+00:00,109.265625,109.265625,109.265625,109.21875,109.234375,4809.0,2025-02-10 18:15:00-05:00
2025-02-10 23:30:00+00:00,109.265625,109.265625,109.28125,109.265625,109.265625,2253.0,2025-02-10 18:30:00-05:00
2025-02-10 23:45:00+00:00,109.28125,109.28125,109.296875,109.265625,109.265625,2127.0,2025-02-10 18:45:00-05:00
2025-02-11 00:00:00+00:00,109.28125,109.28125,109.296875,109.265625,109.28125,1141.0,2025-02-10 19:00:00-05:00
2025-02-11 00:15:00+00:00,109.265625,109.265625,109.28125,109.25,109.28125,4574.0,2025-02-10 19:15:00-05:00
2025-02-11 00:30:00+00:00,109.25,109.25,109.265625,109.234375,109.25,955.0,2025-02-10 19:30:00-05:00
2025-02-11 00:45:00+00:00,109.234375,109.234375,109.265625,109.234375,109.265625,2497.0,2025-02-10 19:45:00-05:00
2025-02-11 01:00:00+00:00,109.25,109.25,109.265625,109.21875,109.234375,3018.0,2025-02-10 20:00:00-05:00
2025-02-11 01:15:00+00:00,109.21875,109.21875,109.25,109.203125,109.25,3507.0,2025-02-10 20:15:00-05:00
2025-02-11 01:30:00+00:00,109.21875,109.21875,109.234375,109.203125,109.21875,1284.0,2025-02-10 20:30:00-05:00
2025-02-11 01:45:00+00:00,109.21875,109.21875,109.25,109.21875,109.234375,886.0,2025-02-10 20:45:00-05:00
2025-02-11 02:00:00+00:00,109.25,109.25,109.25,109.21875,109.21875,978.0,2025-02-10 21:00:00-05:00
2025-02-11 02:15:00+00:00,109.25,109.25,109.25,109.21875,109.234375,1618.0,2025-02-10 21:15:00-05:00
2025-02-11 02:30:00+00:00,109.234375,109.234375,109.25,109.234375,109.25,2351.0,2025-02-10 21:30:00-05:00
2025-02-11 02:45:00+00:00,109.21875,109.21875,109.234375,109.21875,109.234375,5214.0,2025-02-10 21:45:00-05:00
2025-02-11 03:00:00+00:00,109.234375,109.234375,109.234375,109.21875,109.21875,1935.0,2025-02-10 22:00:00-05:00
2025-02-11 03:15:00+00:00,109.203125,109.203125,109.234375,109.203125,109.234375,738.0,2025-02-10 22:15:00-05:00
2025-02-11 03:30:00+00:00,109.203125,109.203125,109.21875,109.203125,109.203125,1733.0,2025-02-10 22:30:00-05:00
2025-02-11 03:45:00+00:00,109.203125,109.203125,109.21875,109.203125,109.203125,896.0,2025-02-10 22:45:00-05:00
2025-02-11 04:00:00+00:00,109.203125,109.203125,109.203125,109.1875,109.203125,371.0,2025-02-10 23:00:00-05:00
2025-02-11 04:15:00+00:00,109.203125,109.203125,109.203125,109.1875,109.1875,395.0,2025-02-10 23:15:00-05:00
2025-02-11 04:30:00+00:00,109.1875,109.1875,109.203125,109.1875,109.203125,152.0,2025-02-10 23:30:00-05:00
2025-02-11 04:45:00+00:00,109.1875,109.1875,109.203125,109.1875,109.1875,151.0,2025-02-10 23:45:00-05:00
2025-02-11 05:00:00+00:00,109.1875,109.1875,109.203125,109.1875,109.203125,8.0,2025-02-11 00:00:00-05:00
2025-02-11 05:15:00+00:00,109.1875,109.1875,109.203125,109.1875,109.203125,504.0,2025-02-11 00:15:00-05:00
2025-02-11 05:30:00+00:00,109.203125,109.203125,109.203125,109.1875,109.1875,122.0,2025-02-11 00:30:00-05:00
2025-02-11 05:45:00+00:00,109.203125,109.203125,109.203125,109.1875,109.203125,257.0,2025-02-11 00:45:00-05:00
2025-02-11 06:00:00+00:00,109.1875,109.1875,109.21875,109.1875,109.203125,4298.0,2025-02-11 01:00:00-05:00
2025-02-11 06:15:00+00:00,109.109375,109.109375,109.1875,109.109375,109.1875,5382.0,2025-02-11 01:15:00-05:00
2025-02-11 06:30:00+00:00,109.109375,109.109375,109.125,109.09375,109.125,3815.0,2025-02-11 01:30:00-05:00
2025-02-11 06:45:00+00:00,109.09375,109.09375,109.125,109.09375,109.109375,4740.0,2025-02-11 01:45:00-05:00
2025-02-11 07:00:00+00:00,109.125,109.125,109.125,109.078125,109.09375,6769.0,2025-02-11 02:00:00-05:00
2025-02-11 07:15:00+00:00,109.109375,109.109375,109.125,109.09375,109.125,3905.0,2025-02-11 02:15:00-05:00
2025-02-11 07:30:00+00:00,109.078125,109.078125,109.125,109.0625,109.109375,11164.0,2025-02-11 02:30:00-05:00
2025-02-11 07:45:00+00:00,109.109375,109.109375,109.109375,109.046875,109.0625,14935.0,2025-02-11 02:45:00-05:00
2025-02-11 08:00:00+00:00,109.09375,109.09375,109.125,109.078125,109.09375,16267.0,2025-02-11 03:00:00-05:00
2025-02-11 08:15:00+00:00,109.125,109.125,109.125,109.078125,109.09375,5936.0,2025-02-11 03:15:00-05:00
2025-02-11 08:30:00+00:00,109.109375,109.109375,109.140625,109.09375,109.109375,12379.0,2025-02-11 03:30:00-05:00
2025-02-11 08:45:00+00:00,109.09375,109.09375,109.125,109.0625,109.125,7420.0,2025-02-11 03:45:00-05:00
2025-02-11 09:00:00+00:00,109.09375,109.09375,109.109375,109.0625,109.078125,11376.0,2025-02-11 04:00:00-05:00
2025-02-11 09:15:00+00:00,109.046875,109.046875,109.078125,109.03125,109.0780029296875,8253.0,2025-02-11 04:15:00-05:00
2025-02-11 09:30:00+00:00,109.078125,109.078125,109.078125,109.03125,109.03125,4281.0,2025-02-11 04:30:00-05:00
2025-02-11 09:45:00+00:00,109.0625,109.0625,109.09375,109.046875,109.0625,6409.0,2025-02-11 04:45:00-05:00
2025-02-11 10:00:00+00:00,109.046875,109.046875,109.078125,109.046875,109.0625,6522.0,2025-02-11 05:00:00-05:00
2025-02-11 10:15:00+00:00,109.0625,109.0625,109.0625,109.03125,109.046875,8279.0,2025-02-11 05:15:00-05:00
2025-02-11 10:30:00+00:00,109.046875,109.046875,109.0625,109.03125,109.046875,4100.0,2025-02-11 05:30:00-05:00
2025-02-11 10:45:00+00:00,109.046875,109.046875,109.0625,109.015625,109.046875,7649.0,2025-02-11 05:45:00-05:00
2025-02-11 11:00:00+00:00,109.046875,109.046875,109.0625,109.03125,109.0625,7802.0,2025-02-11 06:00:00-05:00
2025-02-11 11:15:00+00:00,109.0625,109.0625,109.0625,109.03125,109.046875,4706.0,2025-02-11 06:15:00-05:00
2025-02-11 11:30:00+00:00,109.046875,109.046875,109.078125,109.03125,109.046875,6816.0,2025-02-11 06:30:00-05:00
2025-02-11 11:45:00+00:00,109.03125,109.03125,109.046875,109.0,109.03125,17872.0,2025-02-11 06:45:00-05:00
2025-02-11 12:00:00+00:00,108.984375,108.984375,109.046875,108.984375,109.03125,13470.0,2025-02-11 07:00:00-05:00
2025-02-11 12:15:00+00:00,108.953125,108.953125,109.015625,108.9375,108.984375,33330.0,2025-02-11 07:15:00-05:00
2025-02-11 12:30:00+00:00,108.96875,108.96875,109.0,108.9375,108.953125,16275.0,2025-02-11 07:30:00-05:00
2025-02-11 12:45:00+00:00,108.9375,108.9375,108.984375,108.9375,108.984375,18319.0,2025-02-11 07:45:00-05:00
2025-02-11 13:00:00+00:00,108.9375,108.9375,108.96875,108.921875,108.953125,23390.0,2025-02-11 08:00:00-05:00
2025-02-11 13:15:00+00:00,108.96875,108.96875,109.0,108.921875,108.953125,25810.0,2025-02-11 08:15:00-05:00
2025-02-11 13:30:00+00:00,108.9375,108.9375,108.96875,108.921875,108.953125,25663.0,2025-02-11 08:30:00-05:00
2025-02-11 13:45:00+00:00,108.9375,108.9375,108.953125,108.90625,108.9375,42291.0,2025-02-11 08:45:00-05:00
2025-02-11 14:00:00+00:00,108.953125,108.953125,108.984375,108.921875,108.953125,32723.0,2025-02-11 09:00:00-05:00
2025-02-11 14:15:00+00:00,108.9375,108.9375,108.953125,108.921875,108.953125,23502.0,2025-02-11 09:15:00-05:00
2025-02-11 14:30:00+00:00,108.984375,108.984375,108.984375,108.9375,108.9375,33943.0,2025-02-11 09:30:00-05:00
2025-02-11 14:45:00+00:00,108.96875,108.96875,109.0,108.953125,108.96875,19625.0,2025-02-11 09:45:00-05:00
2025-02-11 15:00:00+00:00,108.9375,108.9375,109.015625,108.921875,108.96875,49526.0,2025-02-11 10:00:00-05:00
2025-02-11 15:15:00+00:00,108.921875,108.921875,108.96875,108.875,108.9375,55258.0,2025-02-11 10:15:00-05:00
2025-02-11 15:30:00+00:00,108.90625,108.90625,108.9375,108.875,108.921875,36422.0,2025-02-11 10:30:00-05:00
2025-02-11 15:45:00+00:00,108.953125,108.953125,108.953125,108.90625,108.90625,34236.0,2025-02-11 10:45:00-05:00
2025-02-11 16:00:00+00:00,108.984375,108.984375,109.0,108.921875,108.9375,21877.0,2025-02-11 11:00:00-05:00
2025-02-11 16:15:00+00:00,108.984375,108.984375,109.03125,108.96875,108.984375,34712.0,2025-02-11 11:15:00-05:00
2025-02-11 16:30:00+00:00,109.0,109.0,109.015625,108.96875,109.0,22122.0,2025-02-11 11:30:00-05:00
2025-02-11 16:45:00+00:00,108.953125,108.953125,109.015625,108.953125,109.0,26747.0,2025-02-11 11:45:00-05:00
2025-02-11 17:00:00+00:00,108.96875,108.96875,108.96875,108.9375,108.96875,16820.0,2025-02-11 12:00:00-05:00
2025-02-11 17:15:00+00:00,108.953125,108.953125,108.984375,108.9375,108.96875,19213.0,2025-02-11 12:15:00-05:00
2025-02-11 17:30:00+00:00,108.96875,108.96875,108.96875,108.9375,108.9375,11896.0,2025-02-11 12:30:00-05:00
2025-02-11 17:45:00+00:00,108.9375,108.9375,108.96875,108.921875,108.953125,11125.0,2025-02-11 12:45:00-05:00
2025-02-11 18:00:00+00:00,108.953125,108.953125,109.0,108.921875,108.921875,23243.0,2025-02-11 13:00:00-05:00
2025-02-11 18:15:00+00:00,108.984375,108.984375,108.984375,108.9375,108.953125,14464.0,2025-02-11 13:15:00-05:00
2025-02-11 18:30:00+00:00,109.0,109.0,109.015625,108.96875,108.984375,17001.0,2025-02-11 13:30:00-05:00
2025-02-11 18:45:00+00:00,109.0,109.0,109.03125,108.984375,109.015625,19031.0,2025-02-11 13:45:00-05:00
2025-02-11 19:00:00+00:00,108.96875,108.96875,109.03125,108.96875,109.015625,15223.0,2025-02-11 14:00:00-05:00
2025-02-11 19:15:00+00:00,108.953125,108.953125,108.984375,108.9375,108.96875,10769.0,2025-02-11 14:15:00-05:00
2025-02-11 19:30:00+00:00,108.984375,108.984375,109.015625,108.921875,108.953125,29449.0,2025-02-11 14:30:00-05:00
2025-02-11 19:45:00+00:00,108.953125,108.953125,108.984375,108.9375,108.984375,37211.0,2025-02-11 14:45:00-05:00
2025-02-11 20:00:00+00:00,108.953125,108.953125,108.96875,108.9375,108.953125,30311.0,2025-02-11 15:00:00-05:00
2025-02-11 20:15:00+00:00,108.96875,108.96875,108.96875,108.9375,108.953125,15827.0,2025-02-11 15:15:00-05:00
2025-02-11 20:30:00+00:00,108.953125,108.953125,108.984375,108.9375,108.953125,13885.0,2025-02-11 15:30:00-05:00
2025-02-11 20:45:00+00:00,108.96875,108.96875,108.984375,108.9375,108.953125,26297.0,2025-02-11 15:45:00-05:00
2025-02-11 21:00:00+00:00,108.96875,108.96875,108.984375,108.9375,108.953125,25256.0,2025-02-11 16:00:00-05:00
2025-02-11 21:15:00+00:00,108.96875,108.96875,108.984375,108.953125,108.984375,15156.0,2025-02-11 16:15:00-05:00
2025-02-11 21:30:00+00:00,108.96875,108.96875,108.984375,108.953125,108.96875,12882.0,2025-02-11 16:30:00-05:00
2025-02-11 21:45:00+00:00,108.96875,108.96875,108.96875,108.9375,108.953125,8070.0,2025-02-11 16:45:00-05:00
2025-02-11 22:00:00+00:00,108.890625,108.890625,108.90625,108.875,108.90625,3737.0,2025-02-11 17:00:00-05:00
2025-02-11 22:15:00+00:00,108.921875,108.921875,108.96875,108.875,108.875,30028.0,2025-02-11 17:15:00-05:00
2025-02-11 22:30:00+00:00,108.875,108.875,108.921875,108.875,108.921875,10204.0,2025-02-11 17:30:00-05:00
2025-02-11 22:45:00+00:00,108.890625,108.890625,108.890625,108.875,108.890625,2842.0,2025-02-11 17:45:00-05:00
2025-02-11 23:00:00+00:00,108.984375,108.984375,108.984375,108.953125,108.953125,1865.0,2025-02-11 18:00:00-05:00
2025-02-11 23:15:00+00:00,108.953125,108.953125,108.984375,108.953125,108.984375,1138.0,2025-02-11 18:15:00-05:00
2025-02-11 23:30:00+00:00,108.921875,108.921875,108.953125,108.921875,108.953125,4121.0,2025-02-11 18:30:00-05:00
2025-02-11 23:45:00+00:00,108.921875,108.921875,108.9375,108.921875,108.921875,1315.0,2025-02-11 18:45:00-05:00
2025-02-12 00:00:00+00:00,108.921875,108.921875,108.953125,108.90625,108.921875,4957.0,2025-02-11 19:00:00-05:00
2025-02-12 00:15:00+00:00,108.9375,108.9375,108.953125,108.90625,108.921875,4488.0,2025-02-11 19:15:00-05:00
2025-02-12 00:30:00+00:00,108.953125,108.953125,108.953125,108.9375,108.9375,3084.0,2025-02-11 19:30:00-05:00
2025-02-12 00:45:00+00:00,108.96875,108.96875,108.96875,108.9375,108.953125,1329.0,2025-02-11 19:45:00-05:00
2025-02-12 01:00:00+00:00,109.0,109.0,109.015625,108.953125,108.96875,13775.0,2025-02-11 20:00:00-05:00
2025-02-12 01:15:00+00:00,108.984375,108.984375,109.015625,108.96875,109.0,3554.0,2025-02-11 20:15:00-05:00
2025-02-12 01:30:00+00:00,108.96875,108.96875,108.984375,108.953125,108.96875,2704.0,2025-02-11 20:30:00-05:00
2025-02-12 01:45:00+00:00,108.953125,108.953125,108.984375,108.953125,108.96875,3275.0,2025-02-11 20:45:00-05:00
2025-02-12 02:00:00+00:00,108.953125,108.953125,108.96875,108.9375,108.953125,5939.0,2025-02-11 21:00:00-05:00
2025-02-12 02:15:00+00:00,108.9375,108.9375,108.953125,108.921875,108.953125,7318.0,2025-02-11 21:15:00-05:00
2025-02-12 02:30:00+00:00,108.921875,108.921875,108.953125,108.921875,108.9375,7085.0,2025-02-11 21:30:00-05:00
2025-02-12 02:45:00+00:00,108.90625,108.90625,108.921875,108.890625,108.921875,3657.0,2025-02-11 21:45:00-05:00
2025-02-12 03:00:00+00:00,108.890625,108.890625,108.90625,108.875,108.90625,3729.0,2025-02-11 22:00:00-05:00
2025-02-12 03:15:00+00:00,108.921875,108.921875,108.96875,108.875,108.875,30028.0,2025-02-11 22:15:00-05:00
2025-02-12 03:30:00+00:00,108.875,108.875,108.921875,108.875,108.921875,10204.0,2025-02-11 22:30:00-05:00
2025-02-12 03:45:00+00:00,108.890625,108.890625,108.890625,108.875,108.890625,2842.0,2025-02-11 22:45:00-05:00
2025-02-12 04:00:00+00:00,108.828125,108.828125,108.890625,108.828125,108.875,11925.0,2025-02-11 23:00:00-05:00
2025-02-12 04:15:00+00:00,108.859375,108.859375,108.859375,108.84375,108.84375,4326.0,2025-02-11 23:15:00-05:00
2025-02-12 04:30:00+00:00,108.875,108.875,108.875,108.84375,108.859375,4752.0,2025-02-11 23:30:00-05:00
2025-02-12 04:45:00+00:00,108.875,108.875,108.875,108.84375,108.859375,2262.0,2025-02-11 23:45:00-05:00
2025-02-12 05:00:00+00:00,108.875,108.875,108.890625,108.875,108.890625,1934.0,2025-02-12 00:00:00-05:00
2025-02-12 05:15:00+00:00,108.875,108.875,108.875,108.859375,108.859375,1427.0,2025-02-12 00:15:00-05:00
2025-02-12 05:30:00+00:00,108.875,108.875,108.875,108.859375,108.859375,3022.0,2025-02-12 00:30:00-05:00
2025-02-12 05:45:00+00:00,108.890625,108.890625,108.890625,108.875,108.875,1003.0,2025-02-12 00:45:00-05:00
2025-02-12 06:00:00+00:00,108.875,108.875,108.890625,108.859375,108.890625,4187.0,2025-02-12 01:00:00-05:00
2025-02-12 06:15:00+00:00,108.84375,108.84375,108.875,108.84375,108.875,3180.0,2025-02-12 01:15:00-05:00
2025-02-12 06:30:00+00:00,108.875,108.875,108.875,108.84375,108.859375,3596.0,2025-02-12 01:30:00-05:00
2025-02-12 06:45:00+00:00,108.90625,108.90625,108.90625,108.859375,108.875,5403.0,2025-02-12 01:45:00-05:00
2025-02-12 07:00:00+00:00,108.875,108.875,108.921875,108.875,108.90625,8116.0,2025-02-12 02:00:00-05:00
2025-02-12 07:15:00+00:00,108.921875,108.921875,108.921875,108.875,108.890625,3851.0,2025-02-12 02:15:00-05:00
2025-02-12 07:30:00+00:00,108.90625,108.90625,108.921875,108.890625,108.90625,6280.0,2025-02-12 02:30:00-05:00
2025-02-12 07:45:00+00:00,108.875,108.875,108.90625,108.875,108.90625,3771.0,2025-02-12 02:45:00-05:00
2025-02-12 08:00:00+00:00,108.875,108.875,108.890625,108.84375,108.875,7985.0,2025-02-12 03:00:00-05:00
2025-02-12 08:15:00+00:00,108.859375,108.859375,108.890625,108.859375,108.875,8289.0,2025-02-12 03:15:00-05:00
2025-02-12 08:30:00+00:00,108.875,108.875,108.890625,108.859375,108.875,6950.0,2025-02-12 03:30:00-05:00
2025-02-12 08:45:00+00:00,108.890625,108.890625,108.921875,108.875,108.875,6252.0,2025-02-12 03:45:00-05:00
2025-02-12 09:00:00+00:00,108.90625,108.90625,108.921875,108.890625,108.90625,2751.0,2025-02-12 04:00:00-05:00
2025-02-12 09:15:00+00:00,108.890625,108.890625,108.9375,108.890625,108.89099884033205,12529.0,2025-02-12 04:15:00-05:00
2025-02-12 09:30:00+00:00,108.90625,108.90625,108.921875,108.875,108.890625,5728.0,2025-02-12 04:30:00-05:00
2025-02-12 09:45:00+00:00,108.90625,108.90625,108.9375,108.890625,108.90625,8175.0,2025-02-12 04:45:00-05:00
2025-02-12 10:00:00+00:00,108.890625,108.890625,108.921875,108.875,108.90625,7011.0,2025-02-12 05:00:00-05:00
2025-02-12 10:15:00+00:00,108.890625,108.890625,108.90625,108.859375,108.875,10374.0,2025-02-12 05:15:00-05:00
2025-02-12 10:30:00+00:00,108.90625,108.90625,108.921875,108.875,108.890625,5173.0,2025-02-12 05:30:00-05:00
2025-02-12 10:45:00+00:00,108.921875,108.921875,108.9375,108.890625,108.90625,12027.0,2025-02-12 05:45:00-05:00
2025-02-12 11:00:00+00:00,108.921875,108.921875,108.96875,108.90625,108.921875,16885.0,2025-02-12 06:00:00-05:00
2025-02-12 11:15:00+00:00,108.921875,108.921875,108.953125,108.90625,108.9375,8685.0,2025-02-12 06:15:00-05:00
2025-02-12 11:30:00+00:00,108.9375,108.9375,108.96875,108.90625,108.921875,9497.0,2025-02-12 06:30:00-05:00
2025-02-12 11:45:00+00:00,108.921875,108.921875,108.9375,108.90625,108.9375,13292.0,2025-02-12 06:45:00-05:00
2025-02-12 12:00:00+00:00,108.875,108.875,108.9375,108.875,108.9375,13941.0,2025-02-12 07:00:00-05:00
2025-02-12 12:15:00+00:00,108.859375,108.859375,108.890625,108.859375,108.875,20481.0,2025-02-12 07:15:00-05:00
2025-02-12 12:30:00+00:00,108.921875,108.921875,108.921875,108.859375,108.859375,20659.0,2025-02-12 07:30:00-05:00
2025-02-12 12:45:00+00:00,108.890625,108.890625,108.921875,108.875,108.90625,31664.0,2025-02-12 07:45:00-05:00
2025-02-12 13:00:00+00:00,108.9375,108.9375,108.9375,108.875,108.890625,28510.0,2025-02-12 08:00:00-05:00
2025-02-12 13:15:00+00:00,109.03125,109.03125,109.03125,108.90625,108.921875,50798.0,2025-02-12 08:15:00-05:00
2025-02-12 13:30:00+00:00,108.296875,108.296875,109.15625,108.203125,109.0,390876.0,2025-02-12 08:30:00-05:00
2025-02-12 13:45:00+00:00,108.25,108.25,108.375,108.234375,108.296875,130402.0,2025-02-12 08:45:00-05:00
2025-02-12 14:00:00+00:00,108.234375,108.234375,108.3125,108.203125,108.25,128996.0,2025-02-12 09:00:00-05:00
2025-02-12 14:15:00+00:00,108.296875,108.296875,108.3125,108.171875,108.21875,146376.0,2025-02-12 09:15:00-05:00
2025-02-12 14:30:00+00:00,108.25,108.25,108.328125,108.21875,108.296875,109943.0,2025-02-12 09:30:00-05:00
2025-02-12 14:45:00+00:00,108.1875,108.1875,108.25,108.171875,108.234375,101894.0,2025-02-12 09:45:00-05:00
2025-02-12 15:00:00+00:00,108.171875,108.171875,108.21875,108.15625,108.1875,72662.0,2025-02-12 10:00:00-05:00
2025-02-12 15:15:00+00:00,108.15625,108.15625,108.203125,108.125,108.15625,86166.0,2025-02-12 10:15:00-05:00
2025-02-12 15:30:00+00:00,108.203125,108.203125,108.203125,108.15625,108.15625,42690.0,2025-02-12 10:30:00-05:00
2025-02-12 15:45:00+00:00,108.203125,108.203125,108.203125,108.15625,108.1875,48514.0,2025-02-12 10:45:00-05:00
2025-02-12 16:00:00+00:00,108.1875,108.1875,108.203125,108.140625,108.1875,47744.0,2025-02-12 11:00:00-05:00
2025-02-12 16:15:00+00:00,108.203125,108.203125,108.21875,108.140625,108.1875,49257.0,2025-02-12 11:15:00-05:00
2025-02-12 16:30:00+00:00,108.21875,108.21875,108.25,108.1875,108.21875,42036.0,2025-02-12 11:30:00-05:00
2025-02-12 16:45:00+00:00,108.265625,108.265625,108.28125,108.203125,108.21875,47109.0,2025-02-12 11:45:00-05:00
2025-02-12 17:00:00+00:00,108.28125,108.28125,108.3125,108.25,108.265625,35757.0,2025-02-12 12:00:00-05:00
2025-02-12 17:15:00+00:00,108.28125,108.28125,108.328125,108.265625,108.28125,38184.0,2025-02-12 12:15:00-05:00
2025-02-12 17:30:00+00:00,108.296875,108.296875,108.3125,108.265625,108.296875,54686.0,2025-02-12 12:30:00-05:00
2025-02-12 17:45:00+00:00,108.328125,108.328125,108.34375,108.296875,108.296875,41912.0,2025-02-12 12:45:00-05:00
2025-02-12 18:00:00+00:00,108.25,108.25,108.328125,108.234375,108.328125,51893.0,2025-02-12 13:00:00-05:00
2025-02-12 18:15:00+00:00,108.265625,108.265625,108.265625,108.21875,108.265625,27612.0,2025-02-12 13:15:00-05:00
2025-02-12 18:30:00+00:00,108.296875,108.296875,108.328125,108.234375,108.25,37480.0,2025-02-12 13:30:00-05:00
2025-02-12 18:45:00+00:00,108.3125,108.3125,108.34375,108.296875,108.3125,21943.0,2025-02-12 13:45:00-05:00
2025-02-12 19:00:00+00:00,108.265625,108.265625,108.34375,108.25,108.3125,30503.0,2025-02-12 14:00:00-05:00
2025-02-12 19:15:00+00:00,108.234375,108.234375,108.28125,108.234375,108.265625,20226.0,2025-02-12 14:15:00-05:00
2025-02-12 19:30:00+00:00,108.265625,108.265625,108.28125,108.234375,108.234375,31627.0,2025-02-12 14:30:00-05:00
2025-02-12 19:45:00+00:00,108.265625,108.265625,108.28125,108.234375,108.265625,134924.0,2025-02-12 14:45:00-05:00
2025-02-12 20:00:00+00:00,108.28125,108.28125,108.3125,108.25,108.265625,40544.0,2025-02-12 15:00:00-05:00
2025-02-12 20:15:00+00:00,108.296875,108.296875,108.296875,108.265625,108.296875,17356.0,2025-02-12 15:15:00-05:00
2025-02-12 20:30:00+00:00,108.28125,108.28125,108.3125,108.265625,108.28125,34342.0,2025-02-12 15:30:00-05:00
2025-02-12 20:45:00+00:00,108.28125,108.28125,108.3125,108.265625,108.28125,28511.0,2025-02-12 15:45:00-05:00
2025-02-12 21:00:00+00:00,108.296875,108.296875,108.3125,108.28125,108.28125,11312.0,2025-02-12 16:00:00-05:00
2025-02-12 21:15:00+00:00,108.34375,108.34375,108.34375,108.296875,108.296875,21180.0,2025-02-12 16:15:00-05:00
2025-02-12 21:30:00+00:00,108.34375,108.34375,108.34375,108.328125,108.328125,21063.0,2025-02-12 16:30:00-05:00
2025-02-12 21:45:00+00:00,108.34375,108.34375,108.34375,108.3125,108.328125,9185.0,2025-02-12 16:45:00-05:00
2025-02-12 22:00:00+00:00,108.421875,108.421875,108.4375,108.421875,108.4375,1575.0,2025-02-12 17:00:00-05:00
2025-02-12 22:15:00+00:00,108.390625,108.390625,108.4375,108.390625,108.421875,4818.0,2025-02-12 17:15:00-05:00
2025-02-12 22:30:00+00:00,108.421875,108.421875,108.4375,108.40625,108.40625,5268.0,2025-02-12 17:30:00-05:00
2025-02-12 22:45:00+00:00,108.421875,108.421875,108.4375,108.40625,108.4375,1727.0,2025-02-12 17:45:00-05:00
2025-02-12 23:00:00+00:00,108.359375,108.359375,108.359375,108.328125,108.34375,6690.0,2025-02-12 18:00:00-05:00
2025-02-12 23:15:00+00:00,108.328125,108.328125,108.359375,108.3125,108.359375,2768.0,2025-02-12 18:15:00-05:00
2025-02-12 23:30:00+00:00,108.328125,108.328125,108.34375,108.3125,108.328125,1731.0,2025-02-12 18:30:00-05:00
2025-02-12 23:45:00+00:00,108.328125,108.328125,108.34375,108.3125,108.3125,4355.0,2025-02-12 18:45:00-05:00
2025-02-13 00:00:00+00:00,108.359375,108.359375,108.359375,108.328125,108.328125,2741.0,2025-02-12 19:00:00-05:00
2025-02-13 00:15:00+00:00,108.34375,108.34375,108.375,108.328125,108.359375,5536.0,2025-02-12 19:15:00-05:00
2025-02-13 00:30:00+00:00,108.34375,108.34375,108.34375,108.328125,108.34375,1413.0,2025-02-12 19:30:00-05:00
2025-02-13 00:45:00+00:00,108.34375,108.34375,108.375,108.34375,108.359375,2768.0,2025-02-12 19:45:00-05:00
2025-02-13 01:00:00+00:00,108.359375,108.359375,108.359375,108.328125,108.359375,3504.0,2025-02-12 20:00:00-05:00
2025-02-13 01:15:00+00:00,108.390625,108.390625,108.40625,108.359375,108.359375,13094.0,2025-02-12 20:15:00-05:00
2025-02-13 01:30:00+00:00,108.390625,108.390625,108.390625,108.359375,108.390625,1802.0,2025-02-12 20:30:00-05:00
2025-02-13 01:45:00+00:00,108.40625,108.40625,108.421875,108.390625,108.390625,11085.0,2025-02-12 20:45:00-05:00
2025-02-13 02:00:00+00:00,108.40625,108.40625,108.421875,108.390625,108.421875,3542.0,2025-02-12 21:00:00-05:00
2025-02-13 02:15:00+00:00,108.421875,108.421875,108.4375,108.390625,108.390625,6076.0,2025-02-12 21:15:00-05:00
2025-02-13 02:30:00+00:00,108.4375,108.4375,108.453125,108.40625,108.421875,7862.0,2025-02-12 21:30:00-05:00
2025-02-13 02:45:00+00:00,108.4375,108.4375,108.4375,108.421875,108.4375,4420.0,2025-02-12 21:45:00-05:00
2025-02-13 03:00:00+00:00,108.421875,108.421875,108.4375,108.421875,108.4375,1575.0,2025-02-12 22:00:00-05:00
2025-02-13 03:15:00+00:00,108.390625,108.390625,108.4375,108.390625,108.421875,4818.0,2025-02-12 22:15:00-05:00
2025-02-13 03:30:00+00:00,108.421875,108.421875,108.4375,108.40625,108.40625,5268.0,2025-02-12 22:30:00-05:00
2025-02-13 03:45:00+00:00,108.421875,108.421875,108.4375,108.40625,108.4375,1727.0,2025-02-12 22:45:00-05:00
2025-02-13 04:00:00+00:00,108.40625,108.40625,108.421875,108.390625,108.40625,3861.0,2025-02-12 23:00:00-05:00
2025-02-13 04:15:00+00:00,108.40625,108.40625,108.421875,108.390625,108.40625,2861.0,2025-02-12 23:15:00-05:00
2025-02-13 04:30:00+00:00,108.40625,108.40625,108.421875,108.390625,108.40625,3822.0,2025-02-12 23:30:00-05:00
2025-02-13 04:45:00+00:00,108.421875,108.421875,108.421875,108.390625,108.40625,2085.0,2025-02-12 23:45:00-05:00
2025-02-13 05:00:00+00:00,108.390625,108.390625,108.421875,108.390625,108.421875,1383.0,2025-02-13 00:00:00-05:00
2025-02-13 05:15:00+00:00,108.421875,108.421875,108.421875,108.390625,108.40625,1112.0,2025-02-13 00:15:00-05:00
2025-02-13 05:30:00+00:00,108.40625,108.40625,108.4375,108.40625,108.421875,3487.0,2025-02-13 00:30:00-05:00
2025-02-13 05:45:00+00:00,108.4375,108.4375,108.4375,108.40625,108.421875,5836.0,2025-02-13 00:45:00-05:00
2025-02-13 06:00:00+00:00,108.421875,108.421875,108.4375,108.40625,108.421875,2165.0,2025-02-13 01:00:00-05:00
2025-02-13 06:15:00+00:00,108.421875,108.421875,108.4375,108.421875,108.421875,6474.0,2025-02-13 01:15:00-05:00
2025-02-13 06:30:00+00:00,108.40625,108.40625,108.4375,108.40625,108.421875,1507.0,2025-02-13 01:30:00-05:00
2025-02-13 06:45:00+00:00,108.421875,108.421875,108.421875,108.40625,108.40625,4163.0,2025-02-13 01:45:00-05:00
2025-02-13 07:00:00+00:00,108.40625,108.40625,108.421875,108.390625,108.421875,13565.0,2025-02-13 02:00:00-05:00
2025-02-13 07:15:00+00:00,108.390625,108.390625,108.40625,108.375,108.40625,8106.0,2025-02-13 02:15:00-05:00
2025-02-13 07:30:00+00:00,108.390625,108.390625,108.421875,108.375,108.390625,8010.0,2025-02-13 02:30:00-05:00
2025-02-13 07:45:00+00:00,108.390625,108.390625,108.40625,108.375,108.390625,9505.0,2025-02-13 02:45:00-05:00
2025-02-13 08:00:00+00:00,108.421875,108.421875,108.421875,108.375,108.390625,10761.0,2025-02-13 03:00:00-05:00
2025-02-13 08:15:00+00:00,108.453125,108.453125,108.46875,108.421875,108.421875,13622.0,2025-02-13 03:15:00-05:00
2025-02-13 08:30:00+00:00,108.46875,108.46875,108.484375,108.4375,108.453125,21768.0,2025-02-13 03:30:00-05:00
2025-02-13 08:45:00+00:00,108.46875,108.46875,108.484375,108.453125,108.46875,10359.0,2025-02-13 03:45:00-05:00
2025-02-13 09:00:00+00:00,108.453125,108.453125,108.484375,108.4375,108.46875,10156.0,2025-02-13 04:00:00-05:00
2025-02-13 09:15:00+00:00,108.453125,108.453125,108.46875,108.4375,108.453125,7597.0,2025-02-13 04:15:00-05:00
2025-02-13 09:30:00+00:00,108.40625,108.40625,108.46875,108.40625,108.46875,12880.0,2025-02-13 04:30:00-05:00
2025-02-13 09:45:00+00:00,108.421875,108.421875,108.4375,108.40625,108.421875,6319.0,2025-02-13 04:45:00-05:00
2025-02-13 10:00:00+00:00,108.40625,108.40625,108.421875,108.390625,108.40625,9421.0,2025-02-13 05:00:00-05:00
2025-02-13 10:15:00+00:00,108.4375,108.4375,108.453125,108.390625,108.390625,4232.0,2025-02-13 05:15:00-05:00
2025-02-13 10:30:00+00:00,108.46875,108.46875,108.46875,108.4375,108.453125,4575.0,2025-02-13 05:30:00-05:00
2025-02-13 10:45:00+00:00,108.46875,108.46875,108.46875,108.4375,108.453125,6470.0,2025-02-13 05:45:00-05:00
2025-02-13 11:00:00+00:00,108.453125,108.453125,108.46875,108.4375,108.453125,5316.0,2025-02-13 06:00:00-05:00
2025-02-13 11:15:00+00:00,108.453125,108.453125,108.46875,108.453125,108.453125,6738.0,2025-02-13 06:15:00-05:00
2025-02-13 11:30:00+00:00,108.453125,108.453125,108.46875,108.4375,108.453125,4914.0,2025-02-13 06:30:00-05:00
2025-02-13 11:45:00+00:00,108.5,108.5,108.53125,108.453125,108.453125,45530.0,2025-02-13 06:45:00-05:00
2025-02-13 12:00:00+00:00,108.484375,108.484375,108.515625,108.46875,108.5,25422.0,2025-02-13 07:00:00-05:00
2025-02-13 12:15:00+00:00,108.484375,108.484375,108.515625,108.453125,108.484375,19784.0,2025-02-13 07:15:00-05:00
2025-02-13 12:30:00+00:00,108.484375,108.484375,108.515625,108.46875,108.5,6679.0,2025-02-13 07:30:00-05:00
2025-02-13 12:45:00+00:00,108.46875,108.46875,108.484375,108.4375,108.484375,26006.0,2025-02-13 07:45:00-05:00
2025-02-13 13:00:00+00:00,108.453125,108.453125,108.484375,108.421875,108.453125,18095.0,2025-02-13 08:00:00-05:00
2025-02-13 13:15:00+00:00,108.453125,108.453125,108.484375,108.421875,108.453125,32620.0,2025-02-13 08:15:00-05:00
2025-02-13 13:30:00+00:00,108.671875,108.671875,108.75,108.328125,108.46875,313123.0,2025-02-13 08:30:00-05:00
2025-02-13 13:45:00+00:00,108.71875,108.71875,108.75,108.609375,108.671875,105763.0,2025-02-13 08:45:00-05:00
2025-02-13 14:00:00+00:00,108.734375,108.734375,108.765625,108.640625,108.71875,110096.0,2025-02-13 09:00:00-05:00
2025-02-13 14:15:00+00:00,108.765625,108.765625,108.796875,108.734375,108.734375,63063.0,2025-02-13 09:15:00-05:00
2025-02-13 14:30:00+00:00,108.796875,108.796875,108.828125,108.75,108.765625,57876.0,2025-02-13 09:30:00-05:00
2025-02-13 14:45:00+00:00,108.78125,108.78125,108.828125,108.765625,108.796875,61272.0,2025-02-13 09:45:00-05:00
2025-02-13 15:00:00+00:00,108.734375,108.734375,108.828125,108.734375,108.78125,64354.0,2025-02-13 10:00:00-05:00
2025-02-13 15:15:00+00:00,108.828125,108.828125,108.890625,108.734375,108.75,183765.0,2025-02-13 10:15:00-05:00
2025-02-13 15:30:00+00:00,108.890625,108.890625,108.921875,108.828125,108.84375,59305.0,2025-02-13 10:30:00-05:00
2025-02-13 15:45:00+00:00,108.90625,108.90625,108.953125,108.875,108.890625,74126.0,2025-02-13 10:45:00-05:00
2025-02-13 16:00:00+00:00,108.890625,108.890625,108.921875,108.875,108.921875,58451.0,2025-02-13 11:00:00-05:00
2025-02-13 16:15:00+00:00,108.90625,108.90625,108.90625,108.859375,108.90625,101758.0,2025-02-13 11:15:00-05:00
2025-02-13 16:30:00+00:00,108.84375,108.84375,108.90625,108.84375,108.890625,40072.0,2025-02-13 11:30:00-05:00
2025-02-13 16:45:00+00:00,108.84375,108.84375,108.859375,108.828125,108.859375,43303.0,2025-02-13 11:45:00-05:00
2025-02-13 17:00:00+00:00,108.859375,108.859375,108.890625,108.828125,108.828125,36546.0,2025-02-13 12:00:00-05:00
2025-02-13 17:15:00+00:00,108.890625,108.890625,108.90625,108.859375,108.875,19131.0,2025-02-13 12:15:00-05:00
2025-02-13 17:30:00+00:00,108.875,108.875,108.890625,108.84375,108.875,24870.0,2025-02-13 12:30:00-05:00
2025-02-13 17:45:00+00:00,108.890625,108.890625,108.9375,108.875,108.875,53753.0,2025-02-13 12:45:00-05:00
2025-02-13 18:00:00+00:00,108.8125,108.8125,108.90625,108.8125,108.90625,54489.0,2025-02-13 13:00:00-05:00
2025-02-13 18:15:00+00:00,108.84375,108.84375,108.859375,108.796875,108.828125,25580.0,2025-02-13 13:15:00-05:00
2025-02-13 18:30:00+00:00,108.875,108.875,108.90625,108.8125,108.828125,43906.0,2025-02-13 13:30:00-05:00
2025-02-13 18:45:00+00:00,108.875,108.875,108.921875,108.84375,108.875,48641.0,2025-02-13 13:45:00-05:00
2025-02-13 19:00:00+00:00,108.9375,108.9375,108.9375,108.875,108.875,19606.0,2025-02-13 14:00:00-05:00
2025-02-13 19:15:00+00:00,109.0,109.0,109.015625,108.9375,108.9375,39688.0,2025-02-13 14:15:00-05:00
2025-02-13 19:30:00+00:00,108.96875,108.96875,109.015625,108.96875,108.984375,26326.0,2025-02-13 14:30:00-05:00
2025-02-13 19:45:00+00:00,108.9375,108.9375,109.03125,108.9375,108.96875,120525.0,2025-02-13 14:45:00-05:00
2025-02-13 20:00:00+00:00,108.9375,108.9375,108.953125,108.90625,108.953125,45671.0,2025-02-13 15:00:00-05:00
2025-02-13 20:15:00+00:00,108.921875,108.921875,108.953125,108.921875,108.953125,34627.0,2025-02-13 15:15:00-05:00
2025-02-13 20:30:00+00:00,108.90625,108.90625,108.9375,108.890625,108.921875,23606.0,2025-02-13 15:30:00-05:00
2025-02-13 20:45:00+00:00,108.921875,108.921875,108.9375,108.890625,108.890625,37440.0,2025-02-13 15:45:00-05:00
2025-02-13 21:00:00+00:00,108.921875,108.921875,108.921875,108.875,108.90625,25492.0,2025-02-13 16:00:00-05:00
2025-02-13 21:15:00+00:00,108.90625,108.90625,108.921875,108.890625,108.90625,16743.0,2025-02-13 16:15:00-05:00
2025-02-13 21:30:00+00:00,108.90625,108.90625,108.921875,108.890625,108.890625,12029.0,2025-02-13 16:30:00-05:00
2025-02-13 21:45:00+00:00,108.90625,108.90625,108.9375,108.890625,108.90625,17012.0,2025-02-13 16:45:00-05:00
2025-02-13 22:00:00+00:00,108.875,108.875,108.90625,108.859375,108.890625,4752.0,2025-02-13 17:00:00-05:00
2025-02-13 22:15:00+00:00,108.875,108.875,108.90625,108.875,108.875,1846.0,2025-02-13 17:15:00-05:00
2025-02-13 22:30:00+00:00,108.875,108.875,108.90625,108.875,108.875,2073.0,2025-02-13 17:30:00-05:00
2025-02-13 22:45:00+00:00,108.90625,108.90625,108.90625,108.875,108.875,2967.0,2025-02-13 17:45:00-05:00
2025-02-13 23:00:00+00:00,108.921875,108.921875,108.9375,108.90625,108.921875,3167.0,2025-02-13 18:00:00-05:00
2025-02-13 23:15:00+00:00,108.90625,108.90625,108.9375,108.90625,108.9375,1445.0,2025-02-13 18:15:00-05:00
2025-02-13 23:30:00+00:00,108.890625,108.890625,108.9375,108.875,108.90625,5706.0,2025-02-13 18:30:00-05:00
2025-02-13 23:45:00+00:00,108.859375,108.859375,108.890625,108.84375,108.890625,6848.0,2025-02-13 18:45:00-05:00
2025-02-14 00:00:00+00:00,108.890625,108.890625,108.890625,108.859375,108.859375,2102.0,2025-02-13 19:00:00-05:00
2025-02-14 00:15:00+00:00,108.890625,108.890625,108.90625,108.875,108.890625,4783.0,2025-02-13 19:15:00-05:00
2025-02-14 00:30:00+00:00,108.890625,108.890625,108.90625,108.875,108.890625,2637.0,2025-02-13 19:30:00-05:00
2025-02-14 00:45:00+00:00,108.875,108.875,108.90625,108.875,108.890625,2141.0,2025-02-13 19:45:00-05:00
2025-02-14 01:00:00+00:00,108.875,108.875,108.890625,108.875,108.890625,1637.0,2025-02-13 20:00:00-05:00
2025-02-14 01:15:00+00:00,108.875,108.875,108.890625,108.84375,108.875,3414.0,2025-02-13 20:15:00-05:00
2025-02-14 01:30:00+00:00,108.875,108.875,108.875,108.859375,108.875,569.0,2025-02-13 20:30:00-05:00
2025-02-14 01:45:00+00:00,108.890625,108.890625,108.890625,108.859375,108.875,1523.0,2025-02-13 20:45:00-05:00
2025-02-14 02:00:00+00:00,108.890625,108.890625,108.890625,108.875,108.890625,300.0,2025-02-13 21:00:00-05:00
2025-02-14 02:15:00+00:00,108.875,108.875,108.875,108.859375,108.875,4770.0,2025-02-13 21:15:00-05:00
2025-02-14 02:30:00+00:00,108.875,108.875,108.890625,108.875,108.875,576.0,2025-02-13 21:30:00-05:00
2025-02-14 02:45:00+00:00,108.90625,108.90625,108.90625,108.875,108.875,4595.0,2025-02-13 21:45:00-05:00
2025-02-14 03:00:00+00:00,108.875,108.875,108.90625,108.859375,108.890625,4752.0,2025-02-13 22:00:00-05:00
2025-02-14 03:15:00+00:00,108.875,108.875,108.90625,108.875,108.875,1846.0,2025-02-13 22:15:00-05:00
2025-02-14 03:30:00+00:00,108.875,108.875,108.90625,108.875,108.875,2073.0,2025-02-13 22:30:00-05:00
2025-02-14 03:45:00+00:00,108.90625,108.90625,108.90625,108.875,108.875,2967.0,2025-02-13 22:45:00-05:00
2025-02-14 04:00:00+00:00,108.921875,108.921875,108.921875,108.890625,108.921875,1308.0,2025-02-13 23:00:00-05:00
2025-02-14 04:15:00+00:00,108.921875,108.921875,108.921875,108.890625,108.921875,1311.0,2025-02-13 23:15:00-05:00
2025-02-14 04:30:00+00:00,108.90625,108.90625,108.921875,108.90625,108.921875,511.0,2025-02-13 23:30:00-05:00
2025-02-14 04:45:00+00:00,108.921875,108.921875,108.921875,108.90625,108.90625,1892.0,2025-02-13 23:45:00-05:00
2025-02-14 05:00:00+00:00,108.9375,108.9375,108.9375,108.90625,108.921875,738.0,2025-02-14 00:00:00-05:00
2025-02-14 05:15:00+00:00,108.90625,108.90625,108.9375,108.90625,108.9375,3267.0,2025-02-14 00:15:00-05:00
2025-02-14 05:30:00+00:00,108.921875,108.921875,108.921875,108.90625,108.90625,2750.0,2025-02-14 00:30:00-05:00
2025-02-14 05:45:00+00:00,108.90625,108.90625,108.921875,108.90625,108.921875,344.0,2025-02-14 00:45:00-05:00
2025-02-14 06:00:00+00:00,108.921875,108.921875,108.9375,108.90625,108.90625,1067.0,2025-02-14 01:00:00-05:00
2025-02-14 06:15:00+00:00,108.90625,108.90625,108.9375,108.890625,108.9375,3399.0,2025-02-14 01:15:00-05:00
2025-02-14 06:30:00+00:00,108.90625,108.90625,108.921875,108.90625,108.921875,1138.0,2025-02-14 01:30:00-05:00
2025-02-14 06:45:00+00:00,108.90625,108.90625,108.921875,108.890625,108.90625,3080.0,2025-02-14 01:45:00-05:00
2025-02-14 07:00:00+00:00,108.875,108.875,108.890625,108.84375,108.890625,13816.0,2025-02-14 02:00:00-05:00
2025-02-14 07:15:00+00:00,108.890625,108.890625,108.90625,108.859375,108.875,8068.0,2025-02-14 02:15:00-05:00
2025-02-14 07:30:00+00:00,108.859375,108.859375,108.890625,108.859375,108.890625,2031.0,2025-02-14 02:30:00-05:00
2025-02-14 07:45:00+00:00,108.875,108.875,108.875,108.8125,108.859375,32228.0,2025-02-14 02:45:00-05:00
2025-02-14 08:00:00+00:00,108.875,108.875,108.875,108.84375,108.859375,13759.0,2025-02-14 03:00:00-05:00
2025-02-14 08:15:00+00:00,108.875,108.875,108.90625,108.859375,108.859375,9661.0,2025-02-14 03:15:00-05:00
2025-02-14 08:30:00+00:00,108.828125,108.828125,108.875,108.828125,108.859375,14521.0,2025-02-14 03:30:00-05:00
2025-02-14 08:45:00+00:00,108.8125,108.8125,108.875,108.8125,108.84375,13775.0,2025-02-14 03:45:00-05:00
2025-02-14 09:00:00+00:00,108.84375,108.84375,108.859375,108.8125,108.828125,7056.0,2025-02-14 04:00:00-05:00
2025-02-14 09:15:00+00:00,108.90625,108.90625,108.90625,108.859375,108.875,16145.0,2025-02-14 04:15:00-05:00
2025-02-14 09:30:00+00:00,108.90625,108.90625,108.9375,108.890625,108.890625,11122.0,2025-02-14 04:30:00-05:00
2025-02-14 09:45:00+00:00,108.96875,108.96875,108.96875,108.890625,108.90625,8130.0,2025-02-14 04:45:00-05:00
2025-02-14 10:00:00+00:00,108.953125,108.953125,108.984375,108.953125,108.953125,13599.0,2025-02-14 05:00:00-05:00
2025-02-14 10:15:00+00:00,108.9375,108.9375,108.96875,108.9375,108.953125,5782.0,2025-02-14 05:15:00-05:00
2025-02-14 10:30:00+00:00,108.953125,108.953125,108.96875,108.921875,108.953125,4276.0,2025-02-14 05:30:00-05:00
2025-02-14 10:45:00+00:00,108.953125,108.953125,108.96875,108.9375,108.953125,5743.0,2025-02-14 05:45:00-05:00
2025-02-14 11:00:00+00:00,108.953125,108.953125,108.96875,108.953125,108.953125,5006.0,2025-02-14 06:00:00-05:00
2025-02-14 11:15:00+00:00,108.9375,108.9375,108.953125,108.921875,108.9530029296875,6625.0,2025-02-14 06:15:00-05:00
2025-02-14 11:30:00+00:00,108.921875,108.921875,108.953125,108.921875,108.9375,2831.0,2025-02-14 06:30:00-05:00
2025-02-14 11:45:00+00:00,108.890625,108.890625,108.921875,108.890625,108.921875,9258.0,2025-02-14 06:45:00-05:00
2025-02-14 12:00:00+00:00,108.90625,108.90625,108.90625,108.875,108.890625,10822.0,2025-02-14 07:00:00-05:00
2025-02-14 12:15:00+00:00,108.90625,108.90625,108.921875,108.859375,108.890625,21479.0,2025-02-14 07:15:00-05:00
2025-02-14 12:30:00+00:00,108.90625,108.90625,108.921875,108.875,108.890625,14961.0,2025-02-14 07:30:00-05:00
2025-02-14 12:45:00+00:00,108.921875,108.921875,108.96875,108.90625,108.921875,23139.0,2025-02-14 07:45:00-05:00
2025-02-14 13:00:00+00:00,108.953125,108.953125,108.96875,108.890625,108.921875,23021.0,2025-02-14 08:00:00-05:00
2025-02-14 13:15:00+00:00,108.984375,108.984375,109.03125,108.921875,108.9375,48503.0,2025-02-14 08:15:00-05:00
2025-02-14 13:30:00+00:00,109.265625,109.265625,109.296875,108.96875,108.984375,202009.0,2025-02-14 08:30:00-05:00
2025-02-14 13:45:00+00:00,109.34375,109.34375,109.359375,109.234375,109.28125,100634.0,2025-02-14 08:45:00-05:00
2025-02-14 14:00:00+00:00,109.375,109.375,109.375,109.296875,109.34375,55289.0,2025-02-14 09:00:00-05:00
2025-02-14 14:15:00+00:00,109.359375,109.359375,109.40625,109.328125,109.375,56087.0,2025-02-14 09:15:00-05:00
2025-02-14 14:30:00+00:00,109.28125,109.28125,109.359375,109.28125,109.359375,61776.0,2025-02-14 09:30:00-05:00
2025-02-14 14:45:00+00:00,109.3125,109.3125,109.34375,109.28125,109.296875,35182.0,2025-02-14 09:45:00-05:00
2025-02-14 15:00:00+00:00,109.328125,109.328125,109.359375,109.296875,109.328125,33291.0,2025-02-14 10:00:00-05:00
2025-02-14 15:15:00+00:00,109.359375,109.359375,109.390625,109.296875,109.328125,34195.0,2025-02-14 10:15:00-05:00
2025-02-14 15:30:00+00:00,109.421875,109.421875,109.421875,109.328125,109.359375,42229.0,2025-02-14 10:30:00-05:00
2025-02-14 15:45:00+00:00,109.421875,109.421875,109.4375,109.390625,109.40625,41915.0,2025-02-14 10:45:00-05:00
2025-02-14 16:00:00+00:00,109.4375,109.4375,109.46875,109.390625,109.421875,48953.0,2025-02-14 11:00:00-05:00
2025-02-14 16:15:00+00:00,109.46875,109.46875,109.484375,109.4375,109.453125,54615.0,2025-02-14 11:15:00-05:00
2025-02-14 16:30:00+00:00,109.4375,109.4375,109.484375,109.4375,109.46875,46784.0,2025-02-14 11:30:00-05:00
2025-02-14 16:45:00+00:00,109.421875,109.421875,109.453125,109.40625,109.453125,32439.0,2025-02-14 11:45:00-05:00
2025-02-14 17:00:00+00:00,109.375,109.375,109.4375,109.359375,109.421875,45904.0,2025-02-14 12:00:00-05:00
2025-02-14 17:15:00+00:00,109.34375,109.34375,109.40625,109.34375,109.375,47284.0,2025-02-14 12:15:00-05:00
2025-02-14 17:30:00+00:00,109.375,109.375,109.390625,109.328125,109.34375,25138.0,2025-02-14 12:30:00-05:00
2025-02-14 17:45:00+00:00,109.359375,109.359375,109.375,109.328125,109.359375,15483.0,2025-02-14 12:45:00-05:00
2025-02-14 18:00:00+00:00,109.34375,109.34375,109.375,109.34375,109.359375,19239.0,2025-02-14 13:00:00-05:00
2025-02-14 18:15:00+00:00,109.328125,109.328125,109.34375,109.3125,109.34375,26079.0,2025-02-14 13:15:00-05:00
2025-02-14 18:30:00+00:00,109.328125,109.328125,109.359375,109.3125,109.328125,19423.0,2025-02-14 13:30:00-05:00
2025-02-14 18:45:00+00:00,109.34375,109.34375,109.359375,109.3125,109.328125,18330.0,2025-02-14 13:45:00-05:00
2025-02-14 19:00:00+00:00,109.3125,109.3125,109.34375,109.28125,109.328125,22315.0,2025-02-14 14:00:00-05:00
2025-02-14 19:15:00+00:00,109.3125,109.3125,109.328125,109.296875,109.296875,29921.0,2025-02-14 14:15:00-05:00
2025-02-14 19:30:00+00:00,109.328125,109.328125,109.34375,109.3125,109.3125,23096.0,2025-02-14 14:30:00-05:00
2025-02-14 19:45:00+00:00,109.296875,109.296875,109.34375,109.28125,109.328125,67420.0,2025-02-14 14:45:00-05:00
2025-02-14 20:00:00+00:00,109.25,109.25,109.296875,109.25,109.296875,50150.0,2025-02-14 15:00:00-05:00
2025-02-14 20:15:00+00:00,109.28125,109.28125,109.28125,109.25,109.265625,19170.0,2025-02-14 15:15:00-05:00
2025-02-14 20:30:00+00:00,109.25,109.25,109.28125,109.25,109.265625,19115.0,2025-02-14 15:30:00-05:00
2025-02-14 20:45:00+00:00,109.28125,109.28125,109.28125,109.25,109.25,32906.0,2025-02-14 15:45:00-05:00
2025-02-14 21:00:00+00:00,109.28125,109.28125,109.296875,109.25,109.265625,16513.0,2025-02-14 16:00:00-05:00
2025-02-14 21:15:00+00:00,109.265625,109.265625,109.28125,109.265625,109.265625,3124.0,2025-02-14 16:15:00-05:00
2025-02-14 21:30:00+00:00,109.28125,109.28125,109.296875,109.265625,109.28125,14390.0,2025-02-14 16:30:00-05:00
2025-02-14 21:45:00+00:00,109.296875,109.296875,109.2969970703125,109.265625,109.28125,13472.0,2025-02-14 16:45:00-05:00
2025-02-16 23:00:00+00:00,109.328125,109.328125,109.34375,109.265625,109.265625,6575.0,2025-02-16 18:00:00-05:00
2025-02-16 23:15:00+00:00,109.3125,109.3125,109.328125,109.296875,109.328125,1841.0,2025-02-16 18:15:00-05:00
2025-02-16 23:30:00+00:00,109.265625,109.265625,109.3125,109.265625,109.3125,2521.0,2025-02-16 18:30:00-05:00
2025-02-16 23:45:00+00:00,109.25,109.25,109.28125,109.25,109.265625,1458.0,2025-02-16 18:45:00-05:00
2025-02-17 00:00:00+00:00,109.234375,109.234375,109.265625,109.234375,109.265625,3580.0,2025-02-16 19:00:00-05:00
2025-02-17 00:15:00+00:00,109.234375,109.234375,109.25,109.21875,109.25,6890.0,2025-02-16 19:15:00-05:00
2025-02-17 00:30:00+00:00,109.203125,109.203125,109.234375,109.203125,109.234375,4718.0,2025-02-16 19:30:00-05:00
2025-02-17 00:45:00+00:00,109.203125,109.203125,109.21875,109.203125,109.203125,1292.0,2025-02-16 19:45:00-05:00
2025-02-17 01:00:00+00:00,109.203125,109.203125,109.21875,109.203125,109.21875,1237.0,2025-02-16 20:00:00-05:00
2025-02-17 01:15:00+00:00,109.21875,109.21875,109.21875,109.1875,109.203125,3873.0,2025-02-16 20:15:00-05:00
2025-02-17 01:30:00+00:00,109.203125,109.203125,109.21875,109.203125,109.21875,750.0,2025-02-16 20:30:00-05:00
2025-02-17 01:45:00+00:00,109.203125,109.203125,109.21875,109.1875,109.203125,5556.0,2025-02-16 20:45:00-05:00
2025-02-17 02:00:00+00:00,109.1875,109.1875,109.203125,109.1875,109.1875,1102.0,2025-02-16 21:00:00-05:00
2025-02-17 02:15:00+00:00,109.1875,109.1875,109.203125,109.1875,109.203125,1481.0,2025-02-16 21:15:00-05:00
2025-02-17 02:30:00+00:00,109.21875,109.21875,109.21875,109.1875,109.1875,1580.0,2025-02-16 21:30:00-05:00
2025-02-17 02:45:00+00:00,109.1875,109.1875,109.21875,109.1875,109.21875,871.0,2025-02-16 21:45:00-05:00
2025-02-17 03:00:00+00:00,109.1875,109.1875,109.203125,109.1875,109.203125,1793.0,2025-02-16 22:00:00-05:00
2025-02-17 03:15:00+00:00,109.1875,109.1875,109.1875,109.171875,109.1875,1436.0,2025-02-16 22:15:00-05:00
2025-02-17 03:30:00+00:00,109.203125,109.203125,109.203125,109.171875,109.171875,3324.0,2025-02-16 22:30:00-05:00
2025-02-17 03:45:00+00:00,109.203125,109.203125,109.203125,109.1875,109.1875,277.0,2025-02-16 22:45:00-05:00
2025-02-17 04:00:00+00:00,109.203125,109.203125,109.203125,109.1875,109.203125,240.0,2025-02-16 23:00:00-05:00
2025-02-17 04:15:00+00:00,109.1875,109.1875,109.203125,109.1875,109.203125,1277.0,2025-02-16 23:15:00-05:00
2025-02-17 04:30:00+00:00,109.203125,109.203125,109.203125,109.1875,109.1875,1276.0,2025-02-16 23:30:00-05:00
2025-02-17 04:45:00+00:00,109.203125,109.203125,109.203125,109.1875,109.203125,350.0,2025-02-16 23:45:00-05:00
2025-02-17 05:00:00+00:00,109.1875,109.1875,109.203125,109.1875,109.203125,962.0,2025-02-17 00:00:00-05:00
2025-02-17 05:15:00+00:00,109.171875,109.171875,109.1875,109.171875,109.1875,505.0,2025-02-17 00:15:00-05:00
2025-02-17 05:30:00+00:00,109.171875,109.171875,109.1875,109.15625,109.171875,3510.0,2025-02-17 00:30:00-05:00
2025-02-17 05:45:00+00:00,109.1875,109.1875,109.1875,109.171875,109.171875,268.0,2025-02-17 00:45:00-05:00
2025-02-17 06:00:00+00:00,109.171875,109.171875,109.1875,109.171875,109.171875,152.0,2025-02-17 01:00:00-05:00
2025-02-17 06:15:00+00:00,109.15625,109.15625,109.1875,109.15625,109.1875,2986.0,2025-02-17 01:15:00-05:00
2025-02-17 06:30:00+00:00,109.171875,109.171875,109.171875,109.15625,109.15625,1401.0,2025-02-17 01:30:00-05:00
2025-02-17 06:45:00+00:00,109.171875,109.171875,109.171875,109.15625,109.15625,3587.0,2025-02-17 01:45:00-05:00
2025-02-17 07:00:00+00:00,109.15625,109.15625,109.171875,109.140625,109.171875,10100.0,2025-02-17 02:00:00-05:00
2025-02-17 07:15:00+00:00,109.125,109.125,109.15625,109.125,109.140625,7168.0,2025-02-17 02:15:00-05:00
2025-02-17 07:30:00+00:00,109.125,109.125,109.140625,109.125,109.140625,1116.0,2025-02-17 02:30:00-05:00
2025-02-17 07:45:00+00:00,109.140625,109.140625,109.140625,109.109375,109.140625,16033.0,2025-02-17 02:45:00-05:00
2025-02-17 08:00:00+00:00,109.125,109.125,109.140625,109.109375,109.125,9539.0,2025-02-17 03:00:00-05:00
2025-02-17 08:15:00+00:00,109.125,109.125,109.140625,109.125,109.125,5448.0,2025-02-17 03:15:00-05:00
2025-02-17 08:30:00+00:00,109.140625,109.140625,109.140625,109.125,109.125,5156.0,2025-02-17 03:30:00-05:00
2025-02-17 08:45:00+00:00,109.140625,109.140625,109.140625,109.125,109.140625,11636.0,2025-02-17 03:45:00-05:00
2025-02-17 09:00:00+00:00,109.140625,109.140625,109.15625,109.125,109.140625,3450.0,2025-02-17 04:00:00-05:00
2025-02-17 09:15:00+00:00,109.125,109.125,109.140625,109.109375,109.125,39034.0,2025-02-17 04:15:00-05:00
2025-02-17 09:30:00+00:00,109.140625,109.140625,109.140625,109.109375,109.125,10279.0,2025-02-17 04:30:00-05:00
2025-02-17 09:45:00+00:00,109.140625,109.140625,109.140625,109.125,109.140625,4618.0,2025-02-17 04:45:00-05:00
2025-02-17 10:00:00+00:00,109.125,109.125,109.140625,109.125,109.140625,5209.0,2025-02-17 05:00:00-05:00
2025-02-17 10:15:00+00:00,109.125,109.125,109.140625,109.125,109.125,1123.0,2025-02-17 05:15:00-05:00
2025-02-17 10:30:00+00:00,109.171875,109.171875,109.171875,109.125,109.140625,7095.0,2025-02-17 05:30:00-05:00
2025-02-17 10:45:00+00:00,109.171875,109.171875,109.1875,109.15625,109.171875,4070.0,2025-02-17 05:45:00-05:00
2025-02-17 11:00:00+00:00,109.171875,109.171875,109.1875,109.15625,109.171875,3763.0,2025-02-17 06:00:00-05:00
2025-02-17 11:15:00+00:00,109.1875,109.1875,109.203125,109.171875,109.18800354003906,11795.0,2025-02-17 06:15:00-05:00
2025-02-17 11:30:00+00:00,109.203125,109.203125,109.203125,109.171875,109.171875,1953.0,2025-02-17 06:30:00-05:00
2025-02-17 11:45:00+00:00,109.234375,109.234375,109.234375,109.1875,109.203125,3694.0,2025-02-17 06:45:00-05:00
2025-02-17 12:00:00+00:00,109.25,109.25,109.25,109.203125,109.234375,12042.0,2025-02-17 07:00:00-05:00
2025-02-17 12:15:00+00:00,109.234375,109.234375,109.25,109.234375,109.25,6105.0,2025-02-17 07:15:00-05:00
2025-02-17 12:30:00+00:00,109.234375,109.234375,109.25,109.21875,109.234375,5300.0,2025-02-17 07:30:00-05:00
2025-02-17 12:45:00+00:00,109.203125,109.203125,109.234375,109.203125,109.21875,1636.0,2025-02-17 07:45:00-05:00
2025-02-17 13:00:00+00:00,109.203125,109.203125,109.21875,109.203125,109.203125,701.0,2025-02-17 08:00:00-05:00
2025-02-17 13:15:00+00:00,109.203125,109.203125,109.21875,109.171875,109.21875,6723.0,2025-02-17 08:15:00-05:00
2025-02-17 13:30:00+00:00,109.234375,109.234375,109.234375,109.1875,109.1875,2065.0,2025-02-17 08:30:00-05:00
2025-02-17 13:45:00+00:00,109.21875,109.21875,109.234375,109.203125,109.21875,4441.0,2025-02-17 08:45:00-05:00
2025-02-17 14:00:00+00:00,109.21875,109.21875,109.25,109.21875,109.234375,1660.0,2025-02-17 09:00:00-05:00
2025-02-17 14:15:00+00:00,109.21875,109.21875,109.25,109.21875,109.234375,2678.0,2025-02-17 09:15:00-05:00
2025-02-17 14:30:00+00:00,109.25,109.25,109.25,109.21875,109.21875,6640.0,2025-02-17 09:30:00-05:00
2025-02-17 14:45:00+00:00,109.234375,109.234375,109.25,109.234375,109.234375,1084.0,2025-02-17 09:45:00-05:00
2025-02-17 15:00:00+00:00,109.25,109.25,109.265625,109.234375,109.25,10472.0,2025-02-17 10:00:00-05:00
2025-02-17 15:15:00+00:00,109.25,109.25,109.265625,109.234375,109.25,3626.0,2025-02-17 10:15:00-05:00
2025-02-17 15:30:00+00:00,109.21875,109.21875,109.25,109.21875,109.234375,6430.0,2025-02-17 10:30:00-05:00
2025-02-17 15:45:00+00:00,109.234375,109.234375,109.25,109.21875,109.234375,847.0,2025-02-17 10:45:00-05:00
2025-02-17 16:00:00+00:00,109.25,109.25,109.265625,109.234375,109.234375,2883.0,2025-02-17 11:00:00-05:00
2025-02-17 16:15:00+00:00,109.21875,109.21875,109.265625,109.21875,109.265625,3121.0,2025-02-17 11:15:00-05:00
2025-02-17 16:30:00+00:00,109.203125,109.203125,109.234375,109.203125,109.234375,2165.0,2025-02-17 11:30:00-05:00
2025-02-17 16:45:00+00:00,109.21875,109.21875,109.21875,109.203125,109.21875,2911.0,2025-02-17 11:45:00-05:00
2025-02-17 17:00:00+00:00,109.203125,109.203125,109.21875,109.203125,109.21875,225.0,2025-02-17 12:00:00-05:00
2025-02-17 17:15:00+00:00,109.21875,109.21875,109.234375,109.203125,109.203125,1608.0,2025-02-17 12:15:00-05:00
2025-02-17 17:30:00+00:00,109.234375,109.234375,109.234375,109.21875,109.234375,790.0,2025-02-17 12:30:00-05:00
2025-02-17 17:45:00+00:00,109.203125,109.203125,109.234375,109.203125,109.21875,2958.0,2025-02-17 12:45:00-05:00
2025-02-17 23:00:00+00:00,109.1875,109.1875,109.265625,109.171875,109.1875,6027.0,2025-02-17 18:00:00-05:00
2025-02-17 23:15:00+00:00,109.171875,109.171875,109.203125,109.171875,109.1875,1382.0,2025-02-17 18:15:00-05:00
2025-02-17 23:30:00+00:00,109.203125,109.203125,109.203125,109.171875,109.171875,4663.0,2025-02-17 18:30:00-05:00
2025-02-17 23:45:00+00:00,109.203125,109.203125,109.203125,109.1875,109.203125,1875.0,2025-02-17 18:45:00-05:00
2025-02-18 00:00:00+00:00,109.203125,109.203125,109.21875,109.1875,109.203125,4333.0,2025-02-17 19:00:00-05:00
2025-02-18 00:15:00+00:00,109.203125,109.203125,109.234375,109.1875,109.203125,2852.0,2025-02-17 19:15:00-05:00
2025-02-18 00:30:00+00:00,109.15625,109.15625,109.203125,109.15625,109.203125,6899.0,2025-02-17 19:30:00-05:00
2025-02-18 00:45:00+00:00,109.15625,109.15625,109.171875,109.140625,109.171875,4681.0,2025-02-17 19:45:00-05:00
2025-02-18 01:00:00+00:00,109.125,109.125,109.15625,109.125,109.140625,4702.0,2025-02-17 20:00:00-05:00
2025-02-18 01:15:00+00:00,109.140625,109.140625,109.15625,109.125,109.125,2737.0,2025-02-17 20:15:00-05:00
2025-02-18 01:30:00+00:00,109.140625,109.140625,109.15625,109.125,109.140625,3027.0,2025-02-17 20:30:00-05:00
2025-02-18 01:45:00+00:00,109.140625,109.140625,109.140625,109.125,109.140625,3505.0,2025-02-17 20:45:00-05:00
2025-02-18 02:00:00+00:00,109.140625,109.140625,109.15625,109.109375,109.140625,19536.0,2025-02-17 21:00:00-05:00
2025-02-18 02:15:00+00:00,109.109375,109.109375,109.140625,109.109375,109.125,4474.0,2025-02-17 21:15:00-05:00
2025-02-18 02:30:00+00:00,109.09375,109.09375,109.140625,109.078125,109.109375,5866.0,2025-02-17 21:30:00-05:00
2025-02-18 02:45:00+00:00,109.09375,109.09375,109.109375,109.09375,109.09375,1110.0,2025-02-17 21:45:00-05:00
2025-02-18 03:00:00+00:00,109.078125,109.078125,109.109375,109.078125,109.09375,3924.0,2025-02-17 22:00:00-05:00
2025-02-18 03:15:00+00:00,109.09375,109.09375,109.09375,109.0625,109.078125,4085.0,2025-02-17 22:15:00-05:00
2025-02-18 03:30:00+00:00,109.046875,109.046875,109.109375,109.03125,109.109375,13504.0,2025-02-17 22:30:00-05:00
2025-02-18 03:45:00+00:00,109.0625,109.0625,109.078125,109.046875,109.046875,4813.0,2025-02-17 22:45:00-05:00
2025-02-18 04:00:00+00:00,109.078125,109.078125,109.09375,109.0625,109.078125,2224.0,2025-02-17 23:00:00-05:00
2025-02-18 04:15:00+00:00,109.09375,109.09375,109.09375,109.078125,109.09375,366.0,2025-02-17 23:15:00-05:00
2025-02-18 04:30:00+00:00,109.0625,109.0625,109.109375,109.046875,109.09375,5372.0,2025-02-17 23:30:00-05:00
2025-02-18 04:45:00+00:00,109.0625,109.0625,109.078125,109.046875,109.0625,2013.0,2025-02-17 23:45:00-05:00
2025-02-18 05:00:00+00:00,109.0625,109.0625,109.078125,109.046875,109.0625,1681.0,2025-02-18 00:00:00-05:00
2025-02-18 05:15:00+00:00,109.0625,109.0625,109.078125,109.046875,109.0625,5599.0,2025-02-18 00:15:00-05:00
2025-02-18 05:30:00+00:00,109.046875,109.046875,109.0625,109.046875,109.046875,2376.0,2025-02-18 00:30:00-05:00
2025-02-18 05:45:00+00:00,109.078125,109.078125,109.078125,109.046875,109.046875,4056.0,2025-02-18 00:45:00-05:00
2025-02-18 06:00:00+00:00,109.078125,109.078125,109.09375,109.0625,109.0625,2727.0,2025-02-18 01:00:00-05:00
2025-02-18 06:15:00+00:00,109.09375,109.09375,109.09375,109.078125,109.09375,1247.0,2025-02-18 01:15:00-05:00
2025-02-18 06:30:00+00:00,109.078125,109.078125,109.09375,109.078125,109.078125,2623.0,2025-02-18 01:30:00-05:00
2025-02-18 06:45:00+00:00,109.09375,109.09375,109.109375,109.078125,109.09375,3736.0,2025-02-18 01:45:00-05:00
2025-02-18 07:00:00+00:00,109.078125,109.078125,109.09375,109.0625,109.078125,8603.0,2025-02-18 02:00:00-05:00
2025-02-18 07:15:00+00:00,109.09375,109.09375,109.109375,109.078125,109.09375,2422.0,2025-02-18 02:15:00-05:00
2025-02-18 07:30:00+00:00,109.109375,109.109375,109.125,109.078125,109.09375,4447.0,2025-02-18 02:30:00-05:00
2025-02-18 07:45:00+00:00,109.078125,109.078125,109.109375,109.078125,109.109375,6779.0,2025-02-18 02:45:00-05:00
2025-02-18 08:00:00+00:00,109.078125,109.078125,109.09375,109.046875,109.078125,18035.0,2025-02-18 03:00:00-05:00
2025-02-18 08:15:00+00:00,109.046875,109.046875,109.09375,109.046875,109.078125,7796.0,2025-02-18 03:15:00-05:00
2025-02-18 08:30:00+00:00,109.078125,109.078125,109.09375,109.03125,109.0625,7174.0,2025-02-18 03:30:00-05:00
2025-02-18 08:45:00+00:00,109.078125,109.078125,109.09375,109.046875,109.09375,7661.0,2025-02-18 03:45:00-05:00
2025-02-18 09:00:00+00:00,109.078125,109.078125,109.09375,109.0625,109.078125,5541.0,2025-02-18 04:00:00-05:00
2025-02-18 09:15:00+00:00,109.078125,109.078125,109.09375,109.0625,109.09375,11957.0,2025-02-18 04:15:00-05:00
2025-02-18 09:30:00+00:00,109.046875,109.046875,109.09375,109.046875,109.078125,8213.0,2025-02-18 04:30:00-05:00
2025-02-18 09:45:00+00:00,109.0625,109.0625,109.0625,109.046875,109.0625,4040.0,2025-02-18 04:45:00-05:00
2025-02-18 10:00:00+00:00,109.046875,109.046875,109.078125,109.046875,109.0625,6470.0,2025-02-18 05:00:00-05:00
2025-02-18 10:15:00+00:00,109.09375,109.09375,109.109375,109.046875,109.046875,8085.0,2025-02-18 05:15:00-05:00
2025-02-18 10:30:00+00:00,109.09375,109.09375,109.125,109.09375,109.09375,7597.0,2025-02-18 05:30:00-05:00
2025-02-18 10:45:00+00:00,109.078125,109.078125,109.109375,109.078125,109.09375,5941.0,2025-02-18 05:45:00-05:00
2025-02-18 11:00:00+00:00,109.046875,109.046875,109.09375,109.046875,109.09375,8068.0,2025-02-18 06:00:00-05:00
2025-02-18 11:15:00+00:00,109.0625,109.0625,109.078125,109.046875,109.046875,5658.0,2025-02-18 06:15:00-05:00
2025-02-18 11:30:00+00:00,109.0625,109.0625,109.09375,109.046875,109.046875,9042.0,2025-02-18 06:30:00-05:00
2025-02-18 11:45:00+00:00,109.015625,109.015625,109.078125,109.015625,109.078125,11093.0,2025-02-18 06:45:00-05:00
2025-02-18 12:00:00+00:00,109.046875,109.046875,109.046875,109.0,109.03125,14815.0,2025-02-18 07:00:00-05:00
2025-02-18 12:15:00+00:00,109.03125,109.03125,109.046875,109.015625,109.03125,12567.0,2025-02-18 07:15:00-05:00
2025-02-18 12:30:00+00:00,109.0,109.0,109.046875,109.0,109.03125,13576.0,2025-02-18 07:30:00-05:00
2025-02-18 12:45:00+00:00,109.03125,109.03125,109.046875,109.0,109.0,12983.0,2025-02-18 07:45:00-05:00
2025-02-18 13:00:00+00:00,109.015625,109.015625,109.046875,108.96875,109.03125,38455.0,2025-02-18 08:00:00-05:00
2025-02-18 13:15:00+00:00,109.03125,109.03125,109.03125,108.984375,109.0,26292.0,2025-02-18 08:15:00-05:00
2025-02-18 13:30:00+00:00,109.0625,109.0625,109.078125,108.984375,109.03125,46105.0,2025-02-18 08:30:00-05:00
2025-02-18 13:45:00+00:00,109.0,109.0,109.078125,108.984375,109.0625,32090.0,2025-02-18 08:45:00-05:00
2025-02-18 14:00:00+00:00,109.0,109.0,109.046875,108.984375,109.015625,22829.0,2025-02-18 09:00:00-05:00
2025-02-18 14:15:00+00:00,108.984375,108.984375,109.015625,108.96875,109.0,26896.0,2025-02-18 09:15:00-05:00
2025-02-18 14:30:00+00:00,109.0,109.0,109.046875,108.96875,109.0,37056.0,2025-02-18 09:30:00-05:00
2025-02-18 14:45:00+00:00,109.046875,109.046875,109.078125,108.984375,109.0,29382.0,2025-02-18 09:45:00-05:00
2025-02-18 15:00:00+00:00,109.03125,109.03125,109.09375,109.0,109.046875,32336.0,2025-02-18 10:00:00-05:00
2025-02-18 15:15:00+00:00,109.046875,109.046875,109.09375,109.015625,109.03125,31180.0,2025-02-18 10:15:00-05:00
2025-02-18 15:30:00+00:00,109.078125,109.078125,109.078125,109.03125,109.046875,17799.0,2025-02-18 10:30:00-05:00
2025-02-18 15:45:00+00:00,109.046875,109.046875,109.09375,109.03125,109.078125,30649.0,2025-02-18 10:45:00-05:00
2025-02-18 16:00:00+00:00,108.984375,108.984375,109.0625,108.984375,109.046875,38095.0,2025-02-18 11:00:00-05:00
2025-02-18 16:15:00+00:00,109.015625,109.015625,109.03125,108.984375,109.0,34015.0,2025-02-18 11:15:00-05:00
2025-02-18 16:30:00+00:00,108.984375,108.984375,109.03125,108.96875,109.015625,21035.0,2025-02-18 11:30:00-05:00
2025-02-18 16:45:00+00:00,108.953125,108.953125,108.984375,108.9375,108.984375,22137.0,2025-02-18 11:45:00-05:00
2025-02-18 17:00:00+00:00,108.9375,108.9375,108.96875,108.90625,108.953125,33839.0,2025-02-18 12:00:00-05:00
2025-02-18 17:15:00+00:00,108.921875,108.921875,108.953125,108.890625,108.9375,26527.0,2025-02-18 12:15:00-05:00
2025-02-18 17:30:00+00:00,108.921875,108.921875,108.9375,108.90625,108.921875,7322.0,2025-02-18 12:30:00-05:00
2025-02-18 17:45:00+00:00,108.890625,108.890625,108.921875,108.890625,108.90625,23925.0,2025-02-18 12:45:00-05:00
2025-02-18 18:00:00+00:00,108.890625,108.890625,108.921875,108.875,108.890625,19808.0,2025-02-18 13:00:00-05:00
2025-02-18 18:15:00+00:00,108.859375,108.859375,108.921875,108.859375,108.875,18069.0,2025-02-18 13:15:00-05:00
2025-02-18 18:30:00+00:00,108.890625,108.890625,108.890625,108.84375,108.859375,44618.0,2025-02-18 13:30:00-05:00
2025-02-18 18:45:00+00:00,108.859375,108.859375,108.890625,108.859375,108.875,12925.0,2025-02-18 13:45:00-05:00
2025-02-18 19:00:00+00:00,108.875,108.875,108.90625,108.859375,108.859375,23465.0,2025-02-18 14:00:00-05:00
2025-02-18 19:15:00+00:00,108.875,108.875,108.90625,108.859375,108.859375,21073.0,2025-02-18 14:15:00-05:00
2025-02-18 19:30:00+00:00,108.859375,108.859375,108.890625,108.859375,108.875,10745.0,2025-02-18 14:30:00-05:00
2025-02-18 19:45:00+00:00,108.859375,108.859375,108.875,108.828125,108.859375,147683.0,2025-02-18 14:45:00-05:00
2025-02-18 20:00:00+00:00,108.8125,108.8125,108.859375,108.8125,108.84375,29934.0,2025-02-18 15:00:00-05:00
2025-02-18 20:15:00+00:00,108.78125,108.78125,108.828125,108.78125,108.8125,45162.0,2025-02-18 15:15:00-05:00
2025-02-18 20:30:00+00:00,108.78125,108.78125,108.828125,108.765625,108.78125,40277.0,2025-02-18 15:30:00-05:00
2025-02-18 20:45:00+00:00,108.78125,108.78125,108.8125,108.765625,108.78125,40804.0,2025-02-18 15:45:00-05:00
2025-02-18 21:00:00+00:00,108.78125,108.78125,108.796875,108.765625,108.78125,22734.0,2025-02-18 16:00:00-05:00
2025-02-18 21:15:00+00:00,108.75,108.75,108.78125,108.734375,108.78125,24560.0,2025-02-18 16:15:00-05:00
2025-02-18 21:30:00+00:00,108.796875,108.796875,108.796875,108.75,108.75,18997.0,2025-02-18 16:30:00-05:00
2025-02-18 21:45:00+00:00,108.796875,108.796875,108.8125,108.78125,108.796875,11040.0,2025-02-18 16:45:00-05:00
2025-02-18 23:00:00+00:00,108.796875,108.796875,108.8125,108.78125,108.796875,2963.0,2025-02-18 18:00:00-05:00
2025-02-18 23:15:00+00:00,108.796875,108.796875,108.8125,108.796875,108.796875,2274.0,2025-02-18 18:15:00-05:00
2025-02-18 23:30:00+00:00,108.78125,108.78125,108.796875,108.78125,108.796875,1065.0,2025-02-18 18:30:00-05:00
2025-02-18 23:45:00+00:00,108.78125,108.78125,108.796875,108.765625,108.78125,2988.0,2025-02-18 18:45:00-05:00
2025-02-19 00:00:00+00:00,108.765625,108.765625,108.78125,108.765625,108.765625,3588.0,2025-02-18 19:00:00-05:00
2025-02-19 00:15:00+00:00,108.84375,108.84375,108.84375,108.75,108.765625,13326.0,2025-02-18 19:15:00-05:00
2025-02-19 00:30:00+00:00,108.828125,108.828125,108.84375,108.8125,108.84375,3019.0,2025-02-18 19:30:00-05:00
2025-02-19 00:45:00+00:00,108.828125,108.828125,108.84375,108.8125,108.828125,3199.0,2025-02-18 19:45:00-05:00
2025-02-19 01:00:00+00:00,108.8125,108.8125,108.84375,108.796875,108.828125,7792.0,2025-02-18 20:00:00-05:00
2025-02-19 01:15:00+00:00,108.8125,108.8125,108.828125,108.8125,108.8125,2017.0,2025-02-18 20:15:00-05:00
2025-02-19 01:30:00+00:00,108.796875,108.796875,108.828125,108.796875,108.8125,2991.0,2025-02-18 20:30:00-05:00
2025-02-19 01:45:00+00:00,108.8125,108.8125,108.84375,108.796875,108.796875,3372.0,2025-02-18 20:45:00-05:00
2025-02-19 02:00:00+00:00,108.828125,108.828125,108.828125,108.796875,108.828125,2105.0,2025-02-18 21:00:00-05:00
2025-02-19 02:15:00+00:00,108.8125,108.8125,108.828125,108.796875,108.828125,2872.0,2025-02-18 21:15:00-05:00
2025-02-19 02:30:00+00:00,108.8125,108.8125,108.828125,108.8125,108.8125,524.0,2025-02-18 21:30:00-05:00
2025-02-19 02:45:00+00:00,108.828125,108.828125,108.828125,108.796875,108.8125,3977.0,2025-02-18 21:45:00-05:00
2025-02-19 03:00:00+00:00,108.8125,108.8125,108.8125,108.796875,108.8125,1947.0,2025-02-18 22:00:00-05:00
2025-02-19 03:15:00+00:00,108.828125,108.828125,108.828125,108.796875,108.8125,1656.0,2025-02-18 22:15:00-05:00
2025-02-19 03:30:00+00:00,108.828125,108.828125,108.84375,108.8125,108.8125,2554.0,2025-02-18 22:30:00-05:00
2025-02-19 03:45:00+00:00,108.8125,108.8125,108.84375,108.8125,108.84375,2759.0,2025-02-18 22:45:00-05:00
2025-02-19 04:00:00+00:00,108.8125,108.8125,108.828125,108.8125,108.828125,2117.0,2025-02-18 23:00:00-05:00
2025-02-19 04:15:00+00:00,108.8125,108.8125,108.828125,108.796875,108.8125,3889.0,2025-02-18 23:15:00-05:00
2025-02-19 04:30:00+00:00,108.8125,108.8125,108.828125,108.8125,108.8125,2487.0,2025-02-18 23:30:00-05:00
2025-02-19 04:45:00+00:00,108.828125,108.828125,108.828125,108.8125,108.8125,1751.0,2025-02-18 23:45:00-05:00
2025-02-19 05:00:00+00:00,108.8125,108.8125,108.828125,108.8125,108.8125,870.0,2025-02-19 00:00:00-05:00
2025-02-19 05:15:00+00:00,108.8125,108.8125,108.828125,108.8125,108.8125,345.0,2025-02-19 00:15:00-05:00
2025-02-19 05:30:00+00:00,108.8125,108.8125,108.84375,108.8125,108.828125,2721.0,2025-02-19 00:30:00-05:00
2025-02-19 05:45:00+00:00,108.8125,108.8125,108.828125,108.8125,108.828125,3379.0,2025-02-19 00:45:00-05:00
2025-02-19 06:00:00+00:00,108.828125,108.828125,108.84375,108.8125,108.8125,4162.0,2025-02-19 01:00:00-05:00
2025-02-19 06:15:00+00:00,108.828125,108.828125,108.828125,108.8125,108.828125,914.0,2025-02-19 01:15:00-05:00
2025-02-19 06:30:00+00:00,108.84375,108.84375,108.84375,108.828125,108.84375,855.0,2025-02-19 01:30:00-05:00
2025-02-19 06:45:00+00:00,108.828125,108.828125,108.84375,108.828125,108.84375,5262.0,2025-02-19 01:45:00-05:00
2025-02-19 07:00:00+00:00,108.78125,108.78125,108.828125,108.78125,108.8125,10827.0,2025-02-19 02:00:00-05:00
2025-02-19 07:15:00+00:00,108.78125,108.78125,108.796875,108.765625,108.78125,8353.0,2025-02-19 02:15:00-05:00
2025-02-19 07:30:00+00:00,108.8125,108.8125,108.8125,108.765625,108.765625,5517.0,2025-02-19 02:30:00-05:00
2025-02-19 07:45:00+00:00,108.8125,108.8125,108.828125,108.796875,108.8125,10413.0,2025-02-19 02:45:00-05:00
2025-02-19 08:00:00+00:00,108.8125,108.8125,108.84375,108.8125,108.828125,11579.0,2025-02-19 03:00:00-05:00
2025-02-19 08:15:00+00:00,108.734375,108.734375,108.8125,108.734375,108.8125,15500.0,2025-02-19 03:15:00-05:00
2025-02-19 08:30:00+00:00,108.765625,108.765625,108.78125,108.71875,108.734375,12992.0,2025-02-19 03:30:00-05:00
2025-02-19 08:45:00+00:00,108.75,108.75,108.78125,108.734375,108.78125,6396.0,2025-02-19 03:45:00-05:00
2025-02-19 09:00:00+00:00,108.71875,108.71875,108.765625,108.71875,108.75,6088.0,2025-02-19 04:00:00-05:00
2025-02-19 09:15:00+00:00,108.75,108.75,108.75,108.703125,108.71900177001952,16686.0,2025-02-19 04:15:00-05:00
2025-02-19 09:30:00+00:00,108.765625,108.765625,108.765625,108.734375,108.734375,11383.0,2025-02-19 04:30:00-05:00
2025-02-19 09:45:00+00:00,108.75,108.75,108.78125,108.75,108.765625,12384.0,2025-02-19 04:45:00-05:00
2025-02-19 10:00:00+00:00,108.75,108.75,108.765625,108.734375,108.75,4643.0,2025-02-19 05:00:00-05:00
2025-02-19 10:15:00+00:00,108.734375,108.734375,108.75,108.71875,108.75,10329.0,2025-02-19 05:15:00-05:00
2025-02-19 10:30:00+00:00,108.765625,108.765625,108.78125,108.71875,108.734375,10943.0,2025-02-19 05:30:00-05:00
2025-02-19 10:45:00+00:00,108.78125,108.78125,108.78125,108.75,108.765625,6945.0,2025-02-19 05:45:00-05:00
2025-02-19 11:00:00+00:00,108.734375,108.734375,108.78125,108.71875,108.78125,20493.0,2025-02-19 06:00:00-05:00
2025-02-19 11:15:00+00:00,108.734375,108.734375,108.734375,108.703125,108.734375,22628.0,2025-02-19 06:15:00-05:00
2025-02-19 11:30:00+00:00,108.703125,108.703125,108.734375,108.6875,108.734375,20888.0,2025-02-19 06:30:00-05:00
2025-02-19 11:45:00+00:00,108.71875,108.71875,108.734375,108.6875,108.71875,46491.0,2025-02-19 06:45:00-05:00
2025-02-19 12:00:00+00:00,108.734375,108.734375,108.75,108.703125,108.71875,24476.0,2025-02-19 07:00:00-05:00
2025-02-19 12:15:00+00:00,108.75,108.75,108.78125,108.734375,108.734375,18293.0,2025-02-19 07:15:00-05:00
2025-02-19 12:30:00+00:00,108.734375,108.734375,108.765625,108.71875,108.765625,15461.0,2025-02-19 07:30:00-05:00
2025-02-19 12:45:00+00:00,108.703125,108.703125,108.75,108.703125,108.734375,74357.0,2025-02-19 07:45:00-05:00
2025-02-19 13:00:00+00:00,108.71875,108.71875,108.75,108.703125,108.71875,83427.0,2025-02-19 08:00:00-05:00
2025-02-19 13:15:00+00:00,108.6875,108.6875,108.75,108.6875,108.71875,26994.0,2025-02-19 08:15:00-05:00
2025-02-19 13:30:00+00:00,108.671875,108.671875,108.71875,108.671875,108.703125,33244.0,2025-02-19 08:30:00-05:00
2025-02-19 13:45:00+00:00,108.703125,108.703125,108.71875,108.671875,108.671875,30408.0,2025-02-19 08:45:00-05:00
2025-02-19 14:00:00+00:00,108.734375,108.734375,108.75,108.6875,108.703125,44326.0,2025-02-19 09:00:00-05:00
2025-02-19 14:15:00+00:00,108.75,108.75,108.765625,108.703125,108.734375,44791.0,2025-02-19 09:15:00-05:00
2025-02-19 14:30:00+00:00,108.796875,108.796875,108.8125,108.734375,108.734375,46203.0,2025-02-19 09:30:00-05:00
2025-02-19 14:45:00+00:00,108.828125,108.828125,108.84375,108.78125,108.796875,51283.0,2025-02-19 09:45:00-05:00
2025-02-19 15:00:00+00:00,108.828125,108.828125,108.875,108.828125,108.84375,61344.0,2025-02-19 10:00:00-05:00
2025-02-19 15:15:00+00:00,108.875,108.875,108.875,108.8125,108.828125,28575.0,2025-02-19 10:15:00-05:00
2025-02-19 15:30:00+00:00,108.859375,108.859375,108.890625,108.828125,108.859375,38509.0,2025-02-19 10:30:00-05:00
2025-02-19 15:45:00+00:00,108.859375,108.859375,108.890625,108.84375,108.859375,225428.0,2025-02-19 10:45:00-05:00
2025-02-19 16:00:00+00:00,108.859375,108.859375,108.875,108.828125,108.859375,64509.0,2025-02-19 11:00:00-05:00
2025-02-19 16:15:00+00:00,108.828125,108.828125,108.875,108.8125,108.859375,36887.0,2025-02-19 11:15:00-05:00
2025-02-19 16:30:00+00:00,108.796875,108.796875,108.828125,108.78125,108.8125,196423.0,2025-02-19 11:30:00-05:00
2025-02-19 16:45:00+00:00,108.796875,108.796875,108.828125,108.796875,108.8125,128257.0,2025-02-19 11:45:00-05:00
2025-02-19 17:00:00+00:00,108.828125,108.828125,108.84375,108.78125,108.8125,105273.0,2025-02-19 12:00:00-05:00
2025-02-19 17:15:00+00:00,108.796875,108.796875,108.84375,108.796875,108.8125,10476.0,2025-02-19 12:15:00-05:00
2025-02-19 17:30:00+00:00,108.796875,108.796875,108.8125,108.78125,108.796875,102724.0,2025-02-19 12:30:00-05:00
2025-02-19 17:45:00+00:00,108.796875,108.796875,108.8125,108.78125,108.78125,14651.0,2025-02-19 12:45:00-05:00
2025-02-19 18:00:00+00:00,108.75,108.75,108.828125,108.75,108.78125,27647.0,2025-02-19 13:00:00-05:00
2025-02-19 18:15:00+00:00,108.796875,108.796875,108.8125,108.75,108.765625,19526.0,2025-02-19 13:15:00-05:00
2025-02-19 18:30:00+00:00,108.828125,108.828125,108.828125,108.78125,108.8125,21007.0,2025-02-19 13:30:00-05:00
2025-02-19 18:45:00+00:00,108.8125,108.8125,108.859375,108.8125,108.828125,41324.0,2025-02-19 13:45:00-05:00
2025-02-19 19:00:00+00:00,108.953125,108.953125,108.96875,108.8125,108.828125,62296.0,2025-02-19 14:00:00-05:00
2025-02-19 19:15:00+00:00,108.953125,108.953125,109.0,108.9375,108.953125,56993.0,2025-02-19 14:15:00-05:00
2025-02-19 19:30:00+00:00,108.953125,108.953125,108.96875,108.90625,108.9375,38036.0,2025-02-19 14:30:00-05:00
2025-02-19 19:45:00+00:00,108.953125,108.953125,108.96875,108.921875,108.96875,50974.0,2025-02-19 14:45:00-05:00
2025-02-19 20:00:00+00:00,108.953125,108.953125,108.96875,108.90625,108.9375,71174.0,2025-02-19 15:00:00-05:00
2025-02-19 20:15:00+00:00,108.953125,108.953125,108.96875,108.9375,108.953125,19354.0,2025-02-19 15:15:00-05:00
2025-02-19 20:30:00+00:00,108.96875,108.96875,108.984375,108.953125,108.96875,19647.0,2025-02-19 15:30:00-05:00
2025-02-19 20:45:00+00:00,108.953125,108.953125,108.984375,108.953125,108.96875,15570.0,2025-02-19 15:45:00-05:00
2025-02-19 21:00:00+00:00,108.96875,108.96875,108.984375,108.9375,108.953125,26329.0,2025-02-19 16:00:00-05:00
2025-02-19 21:15:00+00:00,108.96875,108.96875,108.984375,108.953125,108.96875,8179.0,2025-02-19 16:15:00-05:00
2025-02-19 21:30:00+00:00,108.96875,108.96875,108.984375,108.953125,108.984375,16545.0,2025-02-19 16:30:00-05:00
2025-02-19 21:45:00+00:00,108.953125,108.953125,108.984375,108.953125,108.96875,7440.0,2025-02-19 16:45:00-05:00
2025-02-19 23:00:00+00:00,108.984375,108.984375,108.984375,108.953125,108.953125,2898.0,2025-02-19 18:00:00-05:00
2025-02-19 23:15:00+00:00,108.96875,108.96875,108.984375,108.96875,108.984375,1286.0,2025-02-19 18:15:00-05:00
2025-02-19 23:30:00+00:00,108.96875,108.96875,108.96875,108.953125,108.96875,658.0,2025-02-19 18:30:00-05:00
2025-02-19 23:45:00+00:00,108.96875,108.96875,108.984375,108.953125,108.953125,1788.0,2025-02-19 18:45:00-05:00
2025-02-20 00:00:00+00:00,108.96875,108.96875,108.984375,108.96875,108.96875,3317.0,2025-02-19 19:00:00-05:00
2025-02-20 00:15:00+00:00,108.984375,108.984375,109.0,108.96875,108.984375,4637.0,2025-02-19 19:15:00-05:00
2025-02-20 00:30:00+00:00,108.984375,108.984375,109.0,108.96875,108.984375,3674.0,2025-02-19 19:30:00-05:00
2025-02-20 00:45:00+00:00,109.0,109.0,109.0,108.984375,108.984375,666.0,2025-02-19 19:45:00-05:00
2025-02-20 01:00:00+00:00,109.03125,109.03125,109.046875,108.984375,109.0,5802.0,2025-02-19 20:00:00-05:00
2025-02-20 01:15:00+00:00,109.046875,109.046875,109.0625,109.03125,109.046875,6120.0,2025-02-19 20:15:00-05:00
2025-02-20 01:30:00+00:00,109.0625,109.0625,109.09375,109.046875,109.046875,9728.0,2025-02-19 20:30:00-05:00
2025-02-20 01:45:00+00:00,109.078125,109.078125,109.09375,109.0625,109.0625,2739.0,2025-02-19 20:45:00-05:00
2025-02-20 02:00:00+00:00,109.0625,109.0625,109.09375,109.046875,109.09375,3605.0,2025-02-19 21:00:00-05:00
2025-02-20 02:15:00+00:00,109.046875,109.046875,109.078125,109.046875,109.0625,1231.0,2025-02-19 21:15:00-05:00
2025-02-20 02:30:00+00:00,109.046875,109.046875,109.078125,109.046875,109.0625,7254.0,2025-02-19 21:30:00-05:00
2025-02-20 02:45:00+00:00,109.0625,109.0625,109.078125,109.046875,109.0625,3266.0,2025-02-19 21:45:00-05:00
2025-02-20 03:00:00+00:00,109.09375,109.09375,109.09375,109.0625,109.0625,2998.0,2025-02-19 22:00:00-05:00
2025-02-20 03:15:00+00:00,109.09375,109.09375,109.109375,109.09375,109.09375,6128.0,2025-02-19 22:15:00-05:00
2025-02-20 03:30:00+00:00,109.09375,109.09375,109.109375,109.078125,109.078125,4736.0,2025-02-19 22:30:00-05:00
2025-02-20 03:45:00+00:00,109.0625,109.0625,109.09375,109.046875,109.09375,2242.0,2025-02-19 22:45:00-05:00
2025-02-20 04:00:00+00:00,109.078125,109.078125,109.078125,109.046875,109.0625,1670.0,2025-02-19 23:00:00-05:00
2025-02-20 04:15:00+00:00,109.078125,109.078125,109.09375,109.0625,109.078125,1124.0,2025-02-19 23:15:00-05:00
2025-02-20 04:30:00+00:00,109.078125,109.078125,109.078125,109.0625,109.0625,1611.0,2025-02-19 23:30:00-05:00
2025-02-20 04:45:00+00:00,109.09375,109.09375,109.09375,109.0625,109.0625,1076.0,2025-02-19 23:45:00-05:00
2025-02-20 05:00:00+00:00,109.109375,109.109375,109.109375,109.09375,109.09375,1642.0,2025-02-20 00:00:00-05:00
2025-02-20 05:15:00+00:00,109.109375,109.109375,109.109375,109.09375,109.109375,4664.0,2025-02-20 00:15:00-05:00
2025-02-20 05:30:00+00:00,109.09375,109.09375,109.109375,109.078125,109.109375,4043.0,2025-02-20 00:30:00-05:00
2025-02-20 05:45:00+00:00,109.109375,109.109375,109.109375,109.078125,109.09375,1799.0,2025-02-20 00:45:00-05:00
2025-02-20 06:00:00+00:00,109.109375,109.109375,109.125,109.09375,109.109375,2516.0,2025-02-20 01:00:00-05:00
2025-02-20 06:15:00+00:00,109.125,109.125,109.140625,109.09375,109.109375,3882.0,2025-02-20 01:15:00-05:00
2025-02-20 06:30:00+00:00,109.09375,109.09375,109.125,109.078125,109.109375,2898.0,2025-02-20 01:30:00-05:00
2025-02-20 06:45:00+00:00,109.09375,109.09375,109.109375,109.078125,109.109375,3453.0,2025-02-20 01:45:00-05:00
2025-02-20 07:00:00+00:00,109.140625,109.140625,109.140625,109.09375,109.09375,7887.0,2025-02-20 02:00:00-05:00
2025-02-20 07:15:00+00:00,109.09375,109.09375,109.125,109.09375,109.125,7290.0,2025-02-20 02:15:00-05:00
2025-02-20 07:30:00+00:00,109.09375,109.09375,109.109375,109.078125,109.078125,4765.0,2025-02-20 02:30:00-05:00
2025-02-20 07:45:00+00:00,109.09375,109.09375,109.125,109.078125,109.09375,5288.0,2025-02-20 02:45:00-05:00
2025-02-20 08:00:00+00:00,109.078125,109.078125,109.109375,109.0625,109.09375,12147.0,2025-02-20 03:00:00-05:00
2025-02-20 08:15:00+00:00,109.0625,109.0625,109.09375,109.046875,109.0625,9141.0,2025-02-20 03:15:00-05:00
2025-02-20 08:30:00+00:00,109.0625,109.0625,109.09375,109.046875,109.046875,11006.0,2025-02-20 03:30:00-05:00
2025-02-20 08:45:00+00:00,109.046875,109.046875,109.0625,109.03125,109.046875,7365.0,2025-02-20 03:45:00-05:00
2025-02-20 09:00:00+00:00,109.046875,109.046875,109.0625,109.03125,109.0625,12091.0,2025-02-20 04:00:00-05:00
2025-02-20 09:15:00+00:00,109.03125,109.03125,109.0625,109.03125,109.0625,7474.0,2025-02-20 04:15:00-05:00
2025-02-20 09:30:00+00:00,109.03125,109.03125,109.046875,109.015625,109.046875,9263.0,2025-02-20 04:30:00-05:00
2025-02-20 09:45:00+00:00,109.046875,109.046875,109.0625,109.03125,109.03125,9417.0,2025-02-20 04:45:00-05:00
2025-02-20 10:00:00+00:00,109.0625,109.0625,109.0625,109.03125,109.0625,5296.0,2025-02-20 05:00:00-05:00
2025-02-20 10:15:00+00:00,109.046875,109.046875,109.078125,109.046875,109.0625,3513.0,2025-02-20 05:15:00-05:00
2025-02-20 10:30:00+00:00,109.0625,109.0625,109.0625,109.046875,109.0625,10508.0,2025-02-20 05:30:00-05:00
2025-02-20 10:45:00+00:00,109.03125,109.03125,109.0625,109.015625,109.0625,6210.0,2025-02-20 05:45:00-05:00
2025-02-20 11:00:00+00:00,109.015625,109.015625,109.046875,109.015625,109.03125,2647.0,2025-02-20 06:00:00-05:00
2025-02-20 11:15:00+00:00,109.03125,109.03125,109.03125,109.0,109.03099822998048,7253.0,2025-02-20 06:15:00-05:00
2025-02-20 11:30:00+00:00,109.015625,109.015625,109.03125,109.0,109.03125,2499.0,2025-02-20 06:30:00-05:00
2025-02-20 11:45:00+00:00,109.0,109.0,109.015625,108.96875,109.0,22279.0,2025-02-20 06:45:00-05:00
2025-02-20 12:00:00+00:00,109.09375,109.09375,109.140625,108.984375,109.0,49180.0,2025-02-20 07:00:00-05:00
2025-02-20 12:15:00+00:00,109.125,109.125,109.125,109.046875,109.078125,30591.0,2025-02-20 07:15:00-05:00
2025-02-20 12:30:00+00:00,109.09375,109.09375,109.125,109.078125,109.109375,24358.0,2025-02-20 07:30:00-05:00
2025-02-20 12:45:00+00:00,109.171875,109.171875,109.171875,109.078125,109.109375,45708.0,2025-02-20 07:45:00-05:00
2025-02-20 13:00:00+00:00,109.15625,109.15625,109.203125,109.140625,109.15625,67135.0,2025-02-20 08:00:00-05:00
2025-02-20 13:15:00+00:00,109.1875,109.1875,109.203125,109.140625,109.140625,57558.0,2025-02-20 08:15:00-05:00
2025-02-20 13:30:00+00:00,109.125,109.125,109.1875,109.078125,109.1875,76222.0,2025-02-20 08:30:00-05:00
2025-02-20 13:45:00+00:00,109.0625,109.0625,109.125,109.03125,109.109375,40751.0,2025-02-20 08:45:00-05:00
2025-02-20 14:00:00+00:00,109.046875,109.046875,109.078125,109.015625,109.0625,43202.0,2025-02-20 09:00:00-05:00
2025-02-20 14:15:00+00:00,109.078125,109.078125,109.109375,109.03125,109.03125,19569.0,2025-02-20 09:15:00-05:00
2025-02-20 14:30:00+00:00,109.15625,109.15625,109.15625,109.078125,109.09375,60528.0,2025-02-20 09:30:00-05:00
2025-02-20 14:45:00+00:00,109.15625,109.15625,109.171875,109.125,109.15625,41450.0,2025-02-20 09:45:00-05:00
2025-02-20 15:00:00+00:00,109.15625,109.15625,109.25,109.15625,109.171875,166088.0,2025-02-20 10:00:00-05:00
2025-02-20 15:15:00+00:00,109.140625,109.140625,109.1875,109.140625,109.171875,42715.0,2025-02-20 10:15:00-05:00
2025-02-20 15:30:00+00:00,109.15625,109.15625,109.15625,109.109375,109.140625,59650.0,2025-02-20 10:30:00-05:00
2025-02-20 15:45:00+00:00,109.140625,109.140625,109.1875,109.125,109.15625,39394.0,2025-02-20 10:45:00-05:00
2025-02-20 16:00:00+00:00,109.140625,109.140625,109.1875,109.125,109.140625,48430.0,2025-02-20 11:00:00-05:00
2025-02-20 16:15:00+00:00,109.15625,109.15625,109.1875,109.140625,109.140625,26824.0,2025-02-20 11:15:00-05:00
2025-02-20 16:30:00+00:00,109.15625,109.15625,109.21875,109.140625,109.171875,38498.0,2025-02-20 11:30:00-05:00
2025-02-20 16:45:00+00:00,109.171875,109.171875,109.171875,109.140625,109.15625,19753.0,2025-02-20 11:45:00-05:00
2025-02-20 17:00:00+00:00,109.171875,109.171875,109.171875,109.125,109.15625,34313.0,2025-02-20 12:00:00-05:00
2025-02-20 17:15:00+00:00,109.15625,109.15625,109.1875,109.15625,109.15625,24337.0,2025-02-20 12:15:00-05:00
2025-02-20 17:30:00+00:00,109.171875,109.171875,109.203125,109.15625,109.171875,27366.0,2025-02-20 12:30:00-05:00
2025-02-20 17:45:00+00:00,109.171875,109.171875,109.203125,109.15625,109.171875,30372.0,2025-02-20 12:45:00-05:00
2025-02-20 18:00:00+00:00,109.140625,109.140625,109.1875,109.140625,109.171875,17816.0,2025-02-20 13:00:00-05:00
2025-02-20 18:15:00+00:00,109.15625,109.15625,109.15625,109.109375,109.15625,22683.0,2025-02-20 13:15:00-05:00
2025-02-20 18:30:00+00:00,109.1875,109.1875,109.1875,109.140625,109.15625,12242.0,2025-02-20 13:30:00-05:00
2025-02-20 18:45:00+00:00,109.171875,109.171875,109.1875,109.15625,109.171875,21226.0,2025-02-20 13:45:00-05:00
2025-02-20 19:00:00+00:00,109.15625,109.15625,109.1875,109.140625,109.1875,16674.0,2025-02-20 14:00:00-05:00
2025-02-20 19:15:00+00:00,109.171875,109.171875,109.171875,109.140625,109.15625,8540.0,2025-02-20 14:15:00-05:00
2025-02-20 19:30:00+00:00,109.1875,109.1875,109.1875,109.140625,109.171875,12730.0,2025-02-20 14:30:00-05:00
2025-02-20 19:45:00+00:00,109.171875,109.171875,109.203125,109.15625,109.171875,75938.0,2025-02-20 14:45:00-05:00
2025-02-20 20:00:00+00:00,109.171875,109.171875,109.1875,109.140625,109.171875,26617.0,2025-02-20 15:00:00-05:00
2025-02-20 20:15:00+00:00,109.15625,109.15625,109.171875,109.125,109.15625,28762.0,2025-02-20 15:15:00-05:00
2025-02-20 20:30:00+00:00,109.125,109.125,109.15625,109.125,109.15625,29875.0,2025-02-20 15:30:00-05:00
2025-02-20 20:45:00+00:00,109.125,109.125,109.15625,109.125,109.125,461916.0,2025-02-20 15:45:00-05:00
2025-02-20 21:00:00+00:00,109.109375,109.109375,109.15625,109.109375,109.125,18526.0,2025-02-20 16:00:00-05:00
2025-02-20 21:15:00+00:00,109.140625,109.140625,109.140625,109.109375,109.109375,12580.0,2025-02-20 16:15:00-05:00
2025-02-20 21:30:00+00:00,109.140625,109.140625,109.140625,109.125,109.140625,6877.0,2025-02-20 16:30:00-05:00
2025-02-20 21:45:00+00:00,109.140625,109.140625,109.140625,109.125,109.140625,6943.0,2025-02-20 16:45:00-05:00
2025-02-20 23:00:00+00:00,109.125,109.125,109.140625,109.109375,109.125,227.0,2025-02-20 18:00:00-05:00
2025-02-20 23:15:00+00:00,109.140625,109.140625,109.140625,109.109375,109.109375,2352.0,2025-02-20 18:15:00-05:00
2025-02-20 23:30:00+00:00,109.125,109.125,109.140625,109.109375,109.140625,1769.0,2025-02-20 18:30:00-05:00
2025-02-20 23:45:00+00:00,109.125,109.125,109.140625,109.125,109.125,2660.0,2025-02-20 18:45:00-05:00
2025-02-21 00:00:00+00:00,109.140625,109.140625,109.15625,109.109375,109.125,2639.0,2025-02-20 19:00:00-05:00
2025-02-21 00:15:00+00:00,109.109375,109.109375,109.15625,109.109375,109.140625,3515.0,2025-02-20 19:15:00-05:00
2025-02-21 00:30:00+00:00,109.140625,109.140625,109.140625,109.109375,109.109375,2330.0,2025-02-20 19:30:00-05:00
2025-02-21 00:45:00+00:00,109.125,109.125,109.15625,109.109375,109.140625,2942.0,2025-02-20 19:45:00-05:00
2025-02-21 01:00:00+00:00,109.125,109.125,109.140625,109.109375,109.109375,1851.0,2025-02-20 20:00:00-05:00
2025-02-21 01:15:00+00:00,109.140625,109.140625,109.15625,109.125,109.140625,4952.0,2025-02-20 20:15:00-05:00
2025-02-21 01:30:00+00:00,109.171875,109.171875,109.1875,109.140625,109.140625,6016.0,2025-02-20 20:30:00-05:00
2025-02-21 01:45:00+00:00,109.1875,109.1875,109.21875,109.15625,109.171875,7793.0,2025-02-20 20:45:00-05:00
2025-02-21 02:00:00+00:00,109.171875,109.171875,109.1875,109.15625,109.1875,2406.0,2025-02-20 21:00:00-05:00
2025-02-21 02:15:00+00:00,109.203125,109.203125,109.21875,109.171875,109.171875,4200.0,2025-02-20 21:15:00-05:00
2025-02-21 02:30:00+00:00,109.203125,109.203125,109.21875,109.1875,109.203125,6723.0,2025-02-20 21:30:00-05:00
2025-02-21 02:45:00+00:00,109.21875,109.21875,109.21875,109.203125,109.203125,4870.0,2025-02-20 21:45:00-05:00
2025-02-21 03:00:00+00:00,109.234375,109.234375,109.234375,109.21875,109.21875,3019.0,2025-02-20 22:00:00-05:00
2025-02-21 03:15:00+00:00,109.21875,109.21875,109.234375,109.203125,109.234375,3291.0,2025-02-20 22:15:00-05:00
2025-02-21 03:30:00+00:00,109.21875,109.21875,109.234375,109.203125,109.21875,7598.0,2025-02-20 22:30:00-05:00
2025-02-21 03:45:00+00:00,109.234375,109.234375,109.234375,109.21875,109.21875,554.0,2025-02-20 22:45:00-05:00
2025-02-21 04:00:00+00:00,109.25,109.25,109.265625,109.21875,109.234375,6413.0,2025-02-20 23:00:00-05:00
2025-02-21 04:15:00+00:00,109.265625,109.265625,109.28125,109.25,109.265625,5664.0,2025-02-20 23:15:00-05:00
2025-02-21 04:30:00+00:00,109.265625,109.265625,109.28125,109.265625,109.28125,8479.0,2025-02-20 23:30:00-05:00
2025-02-21 04:45:00+00:00,109.265625,109.265625,109.28125,109.265625,109.265625,1038.0,2025-02-20 23:45:00-05:00
2025-02-21 05:00:00+00:00,109.28125,109.28125,109.28125,109.265625,109.28125,1322.0,2025-02-21 00:00:00-05:00
2025-02-21 05:15:00+00:00,109.25,109.25,109.28125,109.25,109.28125,75156.0,2025-02-21 00:15:00-05:00
2025-02-21 05:30:00+00:00,109.28125,109.28125,109.28125,109.25,109.25,3369.0,2025-02-21 00:30:00-05:00
2025-02-21 05:45:00+00:00,109.265625,109.265625,109.28125,109.25,109.28125,12074.0,2025-02-21 00:45:00-05:00
2025-02-21 06:00:00+00:00,109.265625,109.265625,109.265625,109.25,109.265625,18088.0,2025-02-21 01:00:00-05:00
2025-02-21 06:15:00+00:00,109.25,109.25,109.265625,109.25,109.265625,3671.0,2025-02-21 01:15:00-05:00
2025-02-21 06:30:00+00:00,109.234375,109.234375,109.25,109.21875,109.234375,5889.0,2025-02-21 01:30:00-05:00
2025-02-21 06:45:00+00:00,109.265625,109.265625,109.265625,109.234375,109.234375,6350.0,2025-02-21 01:45:00-05:00
2025-02-21 07:00:00+00:00,109.28125,109.28125,109.296875,109.265625,109.265625,11009.0,2025-02-21 02:00:00-05:00
2025-02-21 07:15:00+00:00,109.234375,109.234375,109.296875,109.234375,109.28125,11679.0,2025-02-21 02:15:00-05:00
2025-02-21 07:30:00+00:00,109.234375,109.234375,109.265625,109.234375,109.25,13518.0,2025-02-21 02:30:00-05:00
2025-02-21 07:45:00+00:00,109.25,109.25,109.25,109.21875,109.21875,10206.0,2025-02-21 02:45:00-05:00
2025-02-21 08:00:00+00:00,109.25,109.25,109.28125,109.21875,109.25,18589.0,2025-02-21 03:00:00-05:00
2025-02-21 08:15:00+00:00,109.3125,109.3125,109.359375,109.25,109.25,68186.0,2025-02-21 03:15:00-05:00
2025-02-21 08:30:00+00:00,109.28125,109.28125,109.3125,109.25,109.3125,44858.0,2025-02-21 03:30:00-05:00
2025-02-21 08:45:00+00:00,109.265625,109.265625,109.3125,109.25,109.28125,22255.0,2025-02-21 03:45:00-05:00
2025-02-21 09:00:00+00:00,109.234375,109.234375,109.265625,109.234375,109.265625,14312.0,2025-02-21 04:00:00-05:00
2025-02-21 09:15:00+00:00,109.21875,109.21875,109.234375,109.203125,109.21900177001952,23808.0,2025-02-21 04:15:00-05:00
2025-02-21 09:30:00+00:00,109.203125,109.203125,109.21875,109.1875,109.21875,94272.0,2025-02-21 04:30:00-05:00
2025-02-21 09:45:00+00:00,109.203125,109.203125,109.203125,109.171875,109.203125,33360.0,2025-02-21 04:45:00-05:00
2025-02-21 10:00:00+00:00,109.171875,109.171875,109.203125,109.171875,109.203125,10889.0,2025-02-21 05:00:00-05:00
2025-02-21 10:15:00+00:00,109.21875,109.21875,109.21875,109.1875,109.1875,12129.0,2025-02-21 05:15:00-05:00
2025-02-21 10:30:00+00:00,109.203125,109.203125,109.21875,109.1875,109.203125,18381.0,2025-02-21 05:30:00-05:00
2025-02-21 10:45:00+00:00,109.21875,109.21875,109.21875,109.1875,109.21875,8810.0,2025-02-21 05:45:00-05:00
2025-02-21 11:00:00+00:00,109.1875,109.1875,109.21875,109.1875,109.203125,10785.0,2025-02-21 06:00:00-05:00
2025-02-21 11:15:00+00:00,109.234375,109.234375,109.234375,109.203125,109.21900177001952,21868.0,2025-02-21 06:15:00-05:00
2025-02-21 11:30:00+00:00,109.25,109.25,109.25,109.21875,109.21875,10704.0,2025-02-21 06:30:00-05:00
2025-02-21 11:45:00+00:00,109.234375,109.234375,109.25,109.21875,109.234375,11101.0,2025-02-21 06:45:00-05:00
2025-02-21 12:00:00+00:00,109.25,109.25,109.265625,109.234375,109.234375,15769.0,2025-02-21 07:00:00-05:00
2025-02-21 12:15:00+00:00,109.25,109.25,109.265625,109.234375,109.25,97546.0,2025-02-21 07:15:00-05:00
2025-02-21 12:30:00+00:00,109.21875,109.21875,109.25,109.203125,109.234375,10601.0,2025-02-21 07:30:00-05:00
2025-02-21 12:45:00+00:00,109.21875,109.21875,109.21875,109.171875,109.21875,23300.0,2025-02-21 07:45:00-05:00
2025-02-21 13:00:00+00:00,109.21875,109.21875,109.234375,109.203125,109.203125,25637.0,2025-02-21 08:00:00-05:00
2025-02-21 13:15:00+00:00,109.203125,109.203125,109.25,109.1875,109.21875,37502.0,2025-02-21 08:15:00-05:00
2025-02-21 13:30:00+00:00,109.125,109.125,109.203125,109.125,109.1875,50173.0,2025-02-21 08:30:00-05:00
2025-02-21 13:45:00+00:00,109.125,109.125,109.15625,109.109375,109.125,32531.0,2025-02-21 08:45:00-05:00
2025-02-21 14:00:00+00:00,109.171875,109.171875,109.203125,109.125,109.125,83818.0,2025-02-21 09:00:00-05:00
2025-02-21 14:15:00+00:00,109.1875,109.1875,109.1875,109.15625,109.1875,48118.0,2025-02-21 09:15:00-05:00
2025-02-21 14:30:00+00:00,109.203125,109.203125,109.21875,109.171875,109.171875,81759.0,2025-02-21 09:30:00-05:00
2025-02-21 14:45:00+00:00,109.390625,109.390625,109.421875,109.21875,109.21875,383863.0,2025-02-21 09:45:00-05:00
2025-02-21 15:00:00+00:00,109.390625,109.390625,109.453125,109.34375,109.390625,95896.0,2025-02-21 10:00:00-05:00
2025-02-21 15:15:00+00:00,109.421875,109.421875,109.453125,109.359375,109.375,68663.0,2025-02-21 10:15:00-05:00
2025-02-21 15:30:00+00:00,109.421875,109.421875,109.453125,109.375,109.421875,67276.0,2025-02-21 10:30:00-05:00
2025-02-21 15:45:00+00:00,109.453125,109.453125,109.46875,109.390625,109.421875,54560.0,2025-02-21 10:45:00-05:00
2025-02-21 16:00:00+00:00,109.421875,109.421875,109.453125,109.40625,109.453125,51646.0,2025-02-21 11:00:00-05:00
2025-02-21 16:15:00+00:00,109.390625,109.390625,109.421875,109.390625,109.40625,35064.0,2025-02-21 11:15:00-05:00
2025-02-21 16:30:00+00:00,109.390625,109.390625,109.421875,109.359375,109.390625,40438.0,2025-02-21 11:30:00-05:00
2025-02-21 16:45:00+00:00,109.390625,109.390625,109.390625,109.359375,109.390625,30157.0,2025-02-21 11:45:00-05:00
2025-02-21 17:00:00+00:00,109.375,109.375,109.421875,109.359375,109.375,35461.0,2025-02-21 12:00:00-05:00
2025-02-21 17:15:00+00:00,109.40625,109.40625,109.421875,109.359375,109.375,49340.0,2025-02-21 12:15:00-05:00
2025-02-21 17:30:00+00:00,109.46875,109.46875,109.484375,109.40625,109.40625,78906.0,2025-02-21 12:30:00-05:00
2025-02-21 17:45:00+00:00,109.5625,109.5625,109.59375,109.484375,109.484375,92483.0,2025-02-21 12:45:00-05:00
2025-02-21 18:00:00+00:00,109.671875,109.671875,109.75,109.5625,109.5625,362295.0,2025-02-21 13:00:00-05:00
2025-02-21 18:15:00+00:00,109.6875,109.6875,109.6875,109.625,109.6875,131981.0,2025-02-21 13:15:00-05:00
2025-02-21 18:30:00+00:00,109.6875,109.6875,109.703125,109.625,109.671875,66477.0,2025-02-21 13:30:00-05:00
2025-02-21 18:45:00+00:00,109.703125,109.703125,109.734375,109.65625,109.6875,76475.0,2025-02-21 13:45:00-05:00
2025-02-21 19:00:00+00:00,109.71875,109.71875,109.734375,109.65625,109.703125,73406.0,2025-02-21 14:00:00-05:00
2025-02-21 19:15:00+00:00,109.734375,109.734375,109.75,109.6875,109.71875,43808.0,2025-02-21 14:15:00-05:00
2025-02-21 19:30:00+00:00,109.671875,109.671875,109.734375,109.65625,109.71875,40553.0,2025-02-21 14:30:00-05:00
2025-02-21 19:45:00+00:00,109.6875,109.6875,109.71875,109.640625,109.671875,146771.0,2025-02-21 14:45:00-05:00
2025-02-21 20:00:00+00:00,109.703125,109.703125,109.734375,109.671875,109.671875,107577.0,2025-02-21 15:00:00-05:00
2025-02-21 20:15:00+00:00,109.6875,109.6875,109.71875,109.671875,109.703125,48875.0,2025-02-21 15:15:00-05:00
2025-02-21 20:30:00+00:00,109.65625,109.65625,109.703125,109.65625,109.6875,40743.0,2025-02-21 15:30:00-05:00
2025-02-21 20:45:00+00:00,109.640625,109.640625,109.6875,109.625,109.65625,56092.0,2025-02-21 15:45:00-05:00
2025-02-21 21:00:00+00:00,109.625,109.625,109.640625,109.59375,109.625,35426.0,2025-02-21 16:00:00-05:00
2025-02-21 21:15:00+00:00,109.609375,109.609375,109.640625,109.59375,109.625,44787.0,2025-02-21 16:15:00-05:00
2025-02-21 21:30:00+00:00,109.59375,109.59375,109.609375,109.578125,109.609375,12747.0,2025-02-21 16:30:00-05:00
2025-02-21 21:45:00+00:00,109.578125,109.578125,109.625,109.5780029296875,109.59375,20440.0,2025-02-21 16:45:00-05:00
2025-02-23 23:00:00+00:00,109.53125,109.53125,109.59375,109.515625,109.546875,9688.0,2025-02-23 18:00:00-05:00
2025-02-23 23:15:00+00:00,109.515625,109.515625,109.53125,109.515625,109.53125,2208.0,2025-02-23 18:15:00-05:00
2025-02-23 23:30:00+00:00,109.53125,109.53125,109.53125,109.5,109.53125,3227.0,2025-02-23 18:30:00-05:00
2025-02-23 23:45:00+00:00,109.53125,109.53125,109.53125,109.515625,109.515625,1352.0,2025-02-23 18:45:00-05:00
2025-02-24 00:00:00+00:00,109.53125,109.53125,109.546875,109.515625,109.53125,3010.0,2025-02-23 19:00:00-05:00
2025-02-24 00:15:00+00:00,109.515625,109.515625,109.5625,109.5,109.546875,6825.0,2025-02-23 19:15:00-05:00
2025-02-24 00:30:00+00:00,109.53125,109.53125,109.5625,109.515625,109.515625,4913.0,2025-02-23 19:30:00-05:00
2025-02-24 00:45:00+00:00,109.53125,109.53125,109.546875,109.53125,109.53125,4359.0,2025-02-23 19:45:00-05:00
2025-02-24 01:00:00+00:00,109.5625,109.5625,109.5625,109.515625,109.53125,5078.0,2025-02-23 20:00:00-05:00
2025-02-24 01:15:00+00:00,109.546875,109.546875,109.578125,109.546875,109.5625,5015.0,2025-02-23 20:15:00-05:00
2025-02-24 01:30:00+00:00,109.5625,109.5625,109.578125,109.5625,109.5625,2482.0,2025-02-23 20:30:00-05:00
2025-02-24 01:45:00+00:00,109.546875,109.546875,109.5625,109.53125,109.5625,1994.0,2025-02-23 20:45:00-05:00
2025-02-24 02:00:00+00:00,109.53125,109.53125,109.546875,109.515625,109.546875,3287.0,2025-02-23 21:00:00-05:00
2025-02-24 02:15:00+00:00,109.53125,109.53125,109.546875,109.515625,109.515625,2299.0,2025-02-23 21:15:00-05:00
2025-02-24 02:30:00+00:00,109.53125,109.53125,109.546875,109.515625,109.53125,3179.0,2025-02-23 21:30:00-05:00
2025-02-24 02:45:00+00:00,109.515625,109.515625,109.546875,109.515625,109.53125,2434.0,2025-02-23 21:45:00-05:00
2025-02-24 03:00:00+00:00,109.515625,109.515625,109.53125,109.5,109.53125,3644.0,2025-02-23 22:00:00-05:00
2025-02-24 03:15:00+00:00,109.515625,109.515625,109.53125,109.5,109.515625,2357.0,2025-02-23 22:15:00-05:00
2025-02-24 03:30:00+00:00,109.5625,109.5625,109.5625,109.53125,109.53125,2729.0,2025-02-23 22:30:00-05:00
2025-02-24 03:45:00+00:00,109.546875,109.546875,109.5625,109.546875,109.546875,641.0,2025-02-23 22:45:00-05:00
2025-02-24 04:00:00+00:00,109.546875,109.546875,109.5625,109.546875,109.546875,2998.0,2025-02-23 23:00:00-05:00
2025-02-24 04:15:00+00:00,109.546875,109.546875,109.5625,109.546875,109.5625,1127.0,2025-02-23 23:15:00-05:00
2025-02-24 04:30:00+00:00,109.5625,109.5625,109.578125,109.546875,109.5625,3783.0,2025-02-23 23:30:00-05:00
2025-02-24 04:45:00+00:00,109.5625,109.5625,109.5625,109.546875,109.546875,12980.0,2025-02-23 23:45:00-05:00
2025-02-24 05:00:00+00:00,109.578125,109.578125,109.578125,109.546875,109.5625,1147.0,2025-02-24 00:00:00-05:00
2025-02-24 05:15:00+00:00,109.546875,109.546875,109.578125,109.546875,109.578125,2056.0,2025-02-24 00:15:00-05:00
2025-02-24 05:30:00+00:00,109.5625,109.5625,109.5625,109.53125,109.5625,3086.0,2025-02-24 00:30:00-05:00
2025-02-24 05:45:00+00:00,109.578125,109.578125,109.578125,109.546875,109.546875,2082.0,2025-02-24 00:45:00-05:00
2025-02-24 06:00:00+00:00,109.546875,109.546875,109.578125,109.53125,109.5625,9600.0,2025-02-24 01:00:00-05:00
2025-02-24 06:15:00+00:00,109.546875,109.546875,109.5625,109.53125,109.5625,3602.0,2025-02-24 01:15:00-05:00
2025-02-24 06:30:00+00:00,109.515625,109.515625,109.546875,109.515625,109.53125,4964.0,2025-02-24 01:30:00-05:00
2025-02-24 06:45:00+00:00,109.515625,109.515625,109.53125,109.5,109.515625,2012.0,2025-02-24 01:45:00-05:00
2025-02-24 07:00:00+00:00,109.515625,109.515625,109.53125,109.5,109.5,7683.0,2025-02-24 02:00:00-05:00
2025-02-24 07:15:00+00:00,109.515625,109.515625,109.53125,109.5,109.5,8043.0,2025-02-24 02:15:00-05:00
2025-02-24 07:30:00+00:00,109.578125,109.578125,109.59375,109.5,109.5,10329.0,2025-02-24 02:30:00-05:00
2025-02-24 07:45:00+00:00,109.5625,109.5625,109.59375,109.53125,109.578125,19178.0,2025-02-24 02:45:00-05:00
2025-02-24 08:00:00+00:00,109.578125,109.578125,109.578125,109.53125,109.546875,14915.0,2025-02-24 03:00:00-05:00
2025-02-24 08:15:00+00:00,109.640625,109.640625,109.65625,109.578125,109.578125,29918.0,2025-02-24 03:15:00-05:00
2025-02-24 08:30:00+00:00,109.609375,109.609375,109.640625,109.59375,109.625,15776.0,2025-02-24 03:30:00-05:00
2025-02-24 08:45:00+00:00,109.625,109.625,109.625,109.5625,109.59375,12317.0,2025-02-24 03:45:00-05:00
2025-02-24 09:00:00+00:00,109.578125,109.578125,109.640625,109.578125,109.625,21892.0,2025-02-24 04:00:00-05:00
2025-02-24 09:15:00+00:00,109.59375,109.59375,109.609375,109.578125,109.59400177001952,20620.0,2025-02-24 04:15:00-05:00
2025-02-24 09:30:00+00:00,109.578125,109.578125,109.59375,109.5625,109.59375,14174.0,2025-02-24 04:30:00-05:00
2025-02-24 09:45:00+00:00,109.59375,109.59375,109.59375,109.5625,109.578125,13058.0,2025-02-24 04:45:00-05:00
2025-02-24 10:00:00+00:00,109.578125,109.578125,109.609375,109.546875,109.59375,24319.0,2025-02-24 05:00:00-05:00
2025-02-24 10:15:00+00:00,109.546875,109.546875,109.578125,109.53125,109.578125,8587.0,2025-02-24 05:15:00-05:00
2025-02-24 10:30:00+00:00,109.53125,109.53125,109.546875,109.515625,109.546875,11060.0,2025-02-24 05:30:00-05:00
2025-02-24 10:45:00+00:00,109.53125,109.53125,109.546875,109.5,109.546875,22611.0,2025-02-24 05:45:00-05:00
2025-02-24 11:00:00+00:00,109.515625,109.515625,109.546875,109.515625,109.515625,3662.0,2025-02-24 06:00:00-05:00
2025-02-24 11:15:00+00:00,109.53125,109.53125,109.546875,109.515625,109.53099822998048,15515.0,2025-02-24 06:15:00-05:00
2025-02-24 11:30:00+00:00,109.53125,109.53125,109.546875,109.515625,109.53125,5767.0,2025-02-24 06:30:00-05:00
2025-02-24 11:45:00+00:00,109.515625,109.515625,109.53125,109.5,109.515625,13940.0,2025-02-24 06:45:00-05:00
2025-02-24 12:00:00+00:00,109.53125,109.53125,109.546875,109.5,109.5,12809.0,2025-02-24 07:00:00-05:00
2025-02-24 12:15:00+00:00,109.515625,109.515625,109.546875,109.5,109.53125,13777.0,2025-02-24 07:15:00-05:00
2025-02-24 12:30:00+00:00,109.484375,109.484375,109.515625,109.46875,109.515625,13085.0,2025-02-24 07:30:00-05:00
2025-02-24 12:45:00+00:00,109.453125,109.453125,109.484375,109.4375,109.484375,62286.0,2025-02-24 07:45:00-05:00
2025-02-24 13:00:00+00:00,109.53125,109.53125,109.546875,109.421875,109.453125,104040.0,2025-02-24 08:00:00-05:00
2025-02-24 13:15:00+00:00,109.53125,109.53125,109.609375,109.515625,109.53125,81888.0,2025-02-24 08:15:00-05:00
2025-02-24 13:30:00+00:00,109.515625,109.515625,109.5625,109.484375,109.53125,44812.0,2025-02-24 08:30:00-05:00
2025-02-24 13:45:00+00:00,109.515625,109.515625,109.53125,109.46875,109.5,49796.0,2025-02-24 08:45:00-05:00
2025-02-24 14:00:00+00:00,109.484375,109.484375,109.546875,109.484375,109.515625,40157.0,2025-02-24 09:00:00-05:00
2025-02-24 14:15:00+00:00,109.515625,109.515625,109.53125,109.46875,109.5,134071.0,2025-02-24 09:15:00-05:00
2025-02-24 14:30:00+00:00,109.609375,109.609375,109.640625,109.484375,109.515625,76877.0,2025-02-24 09:30:00-05:00
2025-02-24 14:45:00+00:00,109.703125,109.703125,109.734375,109.59375,109.609375,87043.0,2025-02-24 09:45:00-05:00
2025-02-24 15:00:00+00:00,109.6875,109.6875,109.765625,109.671875,109.703125,114983.0,2025-02-24 10:00:00-05:00
2025-02-24 15:15:00+00:00,109.71875,109.71875,109.734375,109.671875,109.703125,65647.0,2025-02-24 10:15:00-05:00
2025-02-24 15:30:00+00:00,109.828125,109.828125,109.84375,109.703125,109.71875,161459.0,2025-02-24 10:30:00-05:00
2025-02-24 15:45:00+00:00,109.875,109.875,109.890625,109.796875,109.828125,111582.0,2025-02-24 10:45:00-05:00
2025-02-24 16:00:00+00:00,109.84375,109.84375,109.875,109.796875,109.875,70059.0,2025-02-24 11:00:00-05:00
2025-02-24 16:15:00+00:00,109.765625,109.765625,109.859375,109.75,109.859375,51226.0,2025-02-24 11:15:00-05:00
2025-02-24 16:30:00+00:00,109.75,109.75,109.78125,109.734375,109.75,62116.0,2025-02-24 11:30:00-05:00
2025-02-24 16:45:00+00:00,109.828125,109.828125,109.828125,109.734375,109.75,838871.0,2025-02-24 11:45:00-05:00
2025-02-24 17:00:00+00:00,109.765625,109.765625,109.828125,109.765625,109.828125,61019.0,2025-02-24 12:00:00-05:00
2025-02-24 17:15:00+00:00,109.765625,109.765625,109.78125,109.734375,109.765625,55770.0,2025-02-24 12:15:00-05:00
2025-02-24 17:30:00+00:00,109.765625,109.765625,109.8125,109.765625,109.78125,53961.0,2025-02-24 12:30:00-05:00
2025-02-24 17:45:00+00:00,109.796875,109.796875,109.84375,109.75,109.765625,58875.0,2025-02-24 12:45:00-05:00
2025-02-24 18:00:00+00:00,109.859375,109.859375,109.890625,109.78125,109.796875,74812.0,2025-02-24 13:00:00-05:00
2025-02-24 18:15:00+00:00,109.859375,109.859375,109.875,109.828125,109.875,52944.0,2025-02-24 13:15:00-05:00
2025-02-24 18:30:00+00:00,109.84375,109.84375,109.890625,109.84375,109.859375,44893.0,2025-02-24 13:30:00-05:00
2025-02-24 18:45:00+00:00,109.828125,109.828125,109.859375,109.8125,109.828125,50388.0,2025-02-24 13:45:00-05:00
2025-02-24 19:00:00+00:00,109.828125,109.828125,109.84375,109.796875,109.8125,31159.0,2025-02-24 14:00:00-05:00
2025-02-24 19:15:00+00:00,109.828125,109.828125,109.875,109.828125,109.84375,37810.0,2025-02-24 14:15:00-05:00
2025-02-24 19:30:00+00:00,109.796875,109.796875,109.828125,109.75,109.8125,84053.0,2025-02-24 14:30:00-05:00
2025-02-24 19:45:00+00:00,109.875,109.875,109.875,109.796875,109.796875,202361.0,2025-02-24 14:45:00-05:00
2025-02-24 20:00:00+00:00,109.84375,109.84375,109.90625,109.84375,109.875,93927.0,2025-02-24 15:00:00-05:00
2025-02-24 20:15:00+00:00,109.84375,109.84375,109.875,109.84375,109.84375,639054.0,2025-02-24 15:15:00-05:00
2025-02-24 20:30:00+00:00,109.875,109.875,109.890625,109.84375,109.859375,86965.0,2025-02-24 15:30:00-05:00
2025-02-24 20:45:00+00:00,109.84375,109.84375,109.875,109.8125,109.875,51490.0,2025-02-24 15:45:00-05:00
2025-02-24 21:00:00+00:00,109.828125,109.828125,109.859375,109.8125,109.859375,47950.0,2025-02-24 16:00:00-05:00
2025-02-24 21:15:00+00:00,109.84375,109.84375,109.859375,109.8125,109.828125,22878.0,2025-02-24 16:15:00-05:00
2025-02-24 21:30:00+00:00,109.828125,109.828125,109.859375,109.828125,109.84375,77459.0,2025-02-24 16:30:00-05:00
2025-02-24 21:45:00+00:00,109.8125,109.8125,109.84375,109.8125,109.84375,13718.0,2025-02-24 16:45:00-05:00
2025-02-24 23:00:00+00:00,109.8125,109.8125,109.828125,109.8125,109.8125,7795.0,2025-02-24 18:00:00-05:00
2025-02-24 23:15:00+00:00,109.828125,109.828125,109.84375,109.8125,109.8125,4271.0,2025-02-24 18:15:00-05:00
2025-02-24 23:30:00+00:00,109.84375,109.84375,109.859375,109.828125,109.84375,3770.0,2025-02-24 18:30:00-05:00
2025-02-24 23:45:00+00:00,109.859375,109.859375,109.875,109.828125,109.84375,1904.0,2025-02-24 18:45:00-05:00
2025-02-25 00:00:00+00:00,109.875,109.875,109.890625,109.859375,109.859375,5400.0,2025-02-24 19:00:00-05:00
2025-02-25 00:15:00+00:00,109.921875,109.921875,109.921875,109.859375,109.875,9994.0,2025-02-24 19:15:00-05:00
2025-02-25 00:30:00+00:00,109.921875,109.921875,109.9375,109.90625,109.921875,6826.0,2025-02-24 19:30:00-05:00
2025-02-25 00:45:00+00:00,109.953125,109.953125,109.953125,109.90625,109.90625,7593.0,2025-02-24 19:45:00-05:00
2025-02-25 01:00:00+00:00,109.9375,109.9375,109.96875,109.9375,109.9375,8136.0,2025-02-24 20:00:00-05:00
2025-02-25 01:15:00+00:00,109.953125,109.953125,109.984375,109.9375,109.9375,5156.0,2025-02-24 20:15:00-05:00
2025-02-25 01:30:00+00:00,109.9375,109.9375,109.96875,109.921875,109.953125,5675.0,2025-02-24 20:30:00-05:00
2025-02-25 01:45:00+00:00,109.9375,109.9375,109.953125,109.921875,109.9375,3245.0,2025-02-24 20:45:00-05:00
2025-02-25 02:00:00+00:00,109.953125,109.953125,109.96875,109.9375,109.9375,1218.0,2025-02-24 21:00:00-05:00
2025-02-25 02:15:00+00:00,109.984375,109.984375,110.0,109.953125,109.953125,13051.0,2025-02-24 21:15:00-05:00
2025-02-25 02:30:00+00:00,110.015625,110.015625,110.03125,109.984375,109.984375,10820.0,2025-02-24 21:30:00-05:00
2025-02-25 02:45:00+00:00,110.0,110.0,110.03125,110.0,110.015625,5561.0,2025-02-24 21:45:00-05:00
2025-02-25 03:00:00+00:00,109.984375,109.984375,110.015625,109.984375,110.0,431961.0,2025-02-24 22:00:00-05:00
2025-02-25 03:15:00+00:00,109.96875,109.96875,109.984375,109.96875,109.984375,3682.0,2025-02-24 22:15:00-05:00
2025-02-25 03:30:00+00:00,109.96875,109.96875,110.0,109.96875,109.984375,10179.0,2025-02-24 22:30:00-05:00
2025-02-25 03:45:00+00:00,109.953125,109.953125,109.984375,109.953125,109.984375,2807.0,2025-02-24 22:45:00-05:00
2025-02-25 04:00:00+00:00,109.953125,109.953125,109.96875,109.9375,109.953125,34742.0,2025-02-24 23:00:00-05:00
2025-02-25 04:15:00+00:00,109.96875,109.96875,109.984375,109.953125,109.953125,6925.0,2025-02-24 23:15:00-05:00
2025-02-25 04:30:00+00:00,109.984375,109.984375,110.0,109.96875,109.96875,2238.0,2025-02-24 23:30:00-05:00
2025-02-25 04:45:00+00:00,110.0,110.0,110.0,109.984375,109.984375,2782.0,2025-02-24 23:45:00-05:00
2025-02-25 05:00:00+00:00,109.96875,109.96875,110.0,109.96875,110.0,824.0,2025-02-25 00:00:00-05:00
2025-02-25 05:15:00+00:00,109.984375,109.984375,109.984375,109.96875,109.96875,1604.0,2025-02-25 00:15:00-05:00
2025-02-25 05:30:00+00:00,109.984375,109.984375,110.0,109.96875,109.96875,6174.0,2025-02-25 00:30:00-05:00
2025-02-25 05:45:00+00:00,110.0,110.0,110.015625,109.96875,109.984375,4995.0,2025-02-25 00:45:00-05:00
2025-02-25 06:00:00+00:00,109.96875,109.96875,110.0,109.96875,109.984375,2651.0,2025-02-25 01:00:00-05:00
2025-02-25 06:15:00+00:00,109.953125,109.953125,109.984375,109.953125,109.96875,3656.0,2025-02-25 01:15:00-05:00
2025-02-25 06:30:00+00:00,109.9375,109.9375,109.953125,109.921875,109.9375,6450.0,2025-02-25 01:30:00-05:00
2025-02-25 06:45:00+00:00,109.953125,109.953125,109.96875,109.921875,109.921875,8612.0,2025-02-25 01:45:00-05:00
2025-02-25 07:00:00+00:00,110.015625,110.015625,110.015625,109.953125,109.953125,14857.0,2025-02-25 02:00:00-05:00
2025-02-25 07:15:00+00:00,110.15625,110.15625,110.15625,110.015625,110.015625,408428.0,2025-02-25 02:15:00-05:00
2025-02-25 07:30:00+00:00,110.15625,110.15625,110.1875,110.125,110.140625,48488.0,2025-02-25 02:30:00-05:00
2025-02-25 07:45:00+00:00,110.265625,110.265625,110.265625,110.140625,110.15625,47595.0,2025-02-25 02:45:00-05:00
2025-02-25 08:00:00+00:00,110.15625,110.15625,110.28125,110.140625,110.265625,44923.0,2025-02-25 03:00:00-05:00
2025-02-25 08:15:00+00:00,110.203125,110.203125,110.203125,110.15625,110.171875,19694.0,2025-02-25 03:15:00-05:00
2025-02-25 08:30:00+00:00,110.203125,110.203125,110.21875,110.15625,110.1875,15550.0,2025-02-25 03:30:00-05:00
2025-02-25 08:45:00+00:00,110.234375,110.234375,110.25,110.15625,110.1875,31847.0,2025-02-25 03:45:00-05:00
2025-02-25 09:00:00+00:00,110.21875,110.21875,110.25,110.21875,110.234375,21460.0,2025-02-25 04:00:00-05:00
2025-02-25 09:15:00+00:00,110.203125,110.203125,110.21875,110.1875,110.2030029296875,28374.0,2025-02-25 04:15:00-05:00
2025-02-25 09:30:00+00:00,110.21875,110.21875,110.234375,110.1875,110.203125,15056.0,2025-02-25 04:30:00-05:00
2025-02-25 09:45:00+00:00,110.28125,110.28125,110.28125,110.21875,110.21875,27793.0,2025-02-25 04:45:00-05:00
2025-02-25 10:00:00+00:00,110.25,110.25,110.28125,110.21875,110.265625,43992.0,2025-02-25 05:00:00-05:00
2025-02-25 10:15:00+00:00,110.234375,110.234375,110.25,110.21875,110.234375,66050.0,2025-02-25 05:15:00-05:00
2025-02-25 10:30:00+00:00,110.203125,110.203125,110.25,110.1875,110.234375,25145.0,2025-02-25 05:30:00-05:00
2025-02-25 10:45:00+00:00,110.1875,110.1875,110.21875,110.1875,110.203125,20598.0,2025-02-25 05:45:00-05:00
2025-02-25 11:00:00+00:00,110.21875,110.21875,110.234375,110.1875,110.203125,9923.0,2025-02-25 06:00:00-05:00
2025-02-25 11:15:00+00:00,110.234375,110.234375,110.25,110.21875,110.21900177001952,21713.0,2025-02-25 06:15:00-05:00
2025-02-25 11:30:00+00:00,110.21875,110.21875,110.25,110.21875,110.234375,18524.0,2025-02-25 06:30:00-05:00
2025-02-25 11:45:00+00:00,110.203125,110.203125,110.234375,110.203125,110.203125,28459.0,2025-02-25 06:45:00-05:00
2025-02-25 12:00:00+00:00,110.28125,110.28125,110.296875,110.1875,110.203125,77641.0,2025-02-25 07:00:00-05:00
2025-02-25 12:15:00+00:00,110.375,110.375,110.390625,110.28125,110.28125,58519.0,2025-02-25 07:15:00-05:00
2025-02-25 12:30:00+00:00,110.328125,110.328125,110.390625,110.3125,110.390625,36079.0,2025-02-25 07:30:00-05:00
2025-02-25 12:45:00+00:00,110.328125,110.328125,110.359375,110.3125,110.34375,38914.0,2025-02-25 07:45:00-05:00
2025-02-25 13:00:00+00:00,110.265625,110.265625,110.34375,110.265625,110.328125,50060.0,2025-02-25 08:00:00-05:00
2025-02-25 13:15:00+00:00,110.296875,110.296875,110.328125,110.25,110.28125,47304.0,2025-02-25 08:15:00-05:00
2025-02-25 13:30:00+00:00,110.421875,110.421875,110.421875,110.265625,110.296875,70173.0,2025-02-25 08:30:00-05:00
2025-02-25 13:45:00+00:00,110.4375,110.4375,110.5,110.40625,110.421875,84479.0,2025-02-25 08:45:00-05:00
2025-02-25 14:00:00+00:00,110.375,110.375,110.453125,110.34375,110.4375,78836.0,2025-02-25 09:00:00-05:00
2025-02-25 14:15:00+00:00,110.421875,110.421875,110.421875,110.34375,110.375,52055.0,2025-02-25 09:15:00-05:00
2025-02-25 14:30:00+00:00,110.34375,110.34375,110.4375,110.328125,110.421875,75770.0,2025-02-25 09:30:00-05:00
2025-02-25 14:45:00+00:00,110.453125,110.453125,110.46875,110.34375,110.34375,99598.0,2025-02-25 09:45:00-05:00
2025-02-25 15:00:00+00:00,110.53125,110.53125,110.546875,110.453125,110.453125,833944.0,2025-02-25 10:00:00-05:00
2025-02-25 15:15:00+00:00,110.578125,110.578125,110.59375,110.515625,110.515625,90070.0,2025-02-25 10:15:00-05:00
2025-02-25 15:30:00+00:00,110.578125,110.578125,110.609375,110.5,110.578125,296921.0,2025-02-25 10:30:00-05:00
2025-02-25 15:45:00+00:00,110.5,110.5,110.625,110.46875,110.5625,209391.0,2025-02-25 10:45:00-05:00
2025-02-25 16:00:00+00:00,110.484375,110.484375,110.515625,110.453125,110.515625,89283.0,2025-02-25 11:00:00-05:00
2025-02-25 16:15:00+00:00,110.53125,110.53125,110.53125,110.453125,110.5,74950.0,2025-02-25 11:15:00-05:00
2025-02-25 16:30:00+00:00,110.546875,110.546875,110.578125,110.515625,110.53125,57854.0,2025-02-25 11:30:00-05:00
2025-02-25 16:45:00+00:00,110.4375,110.4375,110.546875,110.421875,110.53125,67364.0,2025-02-25 11:45:00-05:00
2025-02-25 17:00:00+00:00,110.46875,110.46875,110.46875,110.421875,110.421875,94467.0,2025-02-25 12:00:00-05:00
2025-02-25 17:15:00+00:00,110.484375,110.484375,110.515625,110.453125,110.46875,47430.0,2025-02-25 12:15:00-05:00
2025-02-25 17:30:00+00:00,110.5,110.5,110.515625,110.453125,110.484375,142803.0,2025-02-25 12:30:00-05:00
2025-02-25 17:45:00+00:00,110.46875,110.46875,110.53125,110.453125,110.5,36493.0,2025-02-25 12:45:00-05:00
2025-02-25 18:00:00+00:00,110.421875,110.421875,110.515625,110.40625,110.46875,196551.0,2025-02-25 13:00:00-05:00
2025-02-25 18:15:00+00:00,110.453125,110.453125,110.453125,110.40625,110.4375,39224.0,2025-02-25 13:15:00-05:00
2025-02-25 18:30:00+00:00,110.40625,110.40625,110.484375,110.390625,110.453125,51196.0,2025-02-25 13:30:00-05:00
2025-02-25 18:45:00+00:00,110.4375,110.4375,110.4375,110.375,110.40625,24582.0,2025-02-25 13:45:00-05:00
2025-02-25 19:00:00+00:00,110.5,110.5,110.5,110.421875,110.4375,33625.0,2025-02-25 14:00:00-05:00
2025-02-25 19:15:00+00:00,110.46875,110.46875,110.5,110.4375,110.484375,119705.0,2025-02-25 14:15:00-05:00
2025-02-25 19:30:00+00:00,110.46875,110.46875,110.46875,110.421875,110.453125,45413.0,2025-02-25 14:30:00-05:00
2025-02-25 19:45:00+00:00,110.515625,110.515625,110.53125,110.453125,110.46875,260989.0,2025-02-25 14:45:00-05:00
2025-02-25 20:00:00+00:00,110.53125,110.53125,110.578125,110.5,110.515625,120358.0,2025-02-25 15:00:00-05:00
2025-02-25 20:15:00+00:00,110.53125,110.53125,110.546875,110.5,110.53125,29595.0,2025-02-25 15:15:00-05:00
2025-02-25 20:30:00+00:00,110.5625,110.5625,110.578125,110.515625,110.53125,22027.0,2025-02-25 15:30:00-05:00
2025-02-25 20:45:00+00:00,110.5625,110.5625,110.5625,110.515625,110.5625,57944.0,2025-02-25 15:45:00-05:00
2025-02-25 21:00:00+00:00,110.515625,110.515625,110.5625,110.515625,110.5625,35688.0,2025-02-25 16:00:00-05:00
2025-02-25 21:15:00+00:00,110.515625,110.515625,110.53125,110.484375,110.53125,26782.0,2025-02-25 16:15:00-05:00
2025-02-25 21:30:00+00:00,110.5,110.5,110.515625,110.484375,110.5,11868.0,2025-02-25 16:30:00-05:00
2025-02-25 21:45:00+00:00,110.53125,110.53125,110.53125,110.5,110.515625,16156.0,2025-02-25 16:45:00-05:00
2025-02-25 23:00:00+00:00,110.546875,110.546875,110.578125,110.46875,110.515625,98973.0,2025-02-25 18:00:00-05:00
2025-02-25 23:15:00+00:00,110.5625,110.5625,110.578125,110.546875,110.5625,1045.0,2025-02-25 18:15:00-05:00
2025-02-25 23:30:00+00:00,110.578125,110.578125,110.578125,110.5625,110.578125,927.0,2025-02-25 18:30:00-05:00
2025-02-25 23:45:00+00:00,110.546875,110.546875,110.578125,110.53125,110.578125,2220.0,2025-02-25 18:45:00-05:00
2025-02-26 00:00:00+00:00,110.578125,110.578125,110.59375,110.546875,110.546875,2044.0,2025-02-25 19:00:00-05:00
2025-02-26 00:15:00+00:00,110.59375,110.59375,110.59375,110.5625,110.578125,2798.0,2025-02-25 19:15:00-05:00
2025-02-26 00:30:00+00:00,110.5625,110.5625,110.59375,110.5625,110.578125,3393.0,2025-02-25 19:30:00-05:00
2025-02-26 00:45:00+00:00,110.578125,110.578125,110.578125,110.546875,110.5625,3008.0,2025-02-25 19:45:00-05:00
2025-02-26 01:00:00+00:00,110.59375,110.59375,110.609375,110.546875,110.578125,4241.0,2025-02-25 20:00:00-05:00
2025-02-26 01:15:00+00:00,110.5625,110.5625,110.609375,110.546875,110.609375,4045.0,2025-02-25 20:15:00-05:00
2025-02-26 01:30:00+00:00,110.53125,110.53125,110.546875,110.515625,110.546875,3325.0,2025-02-25 20:30:00-05:00
2025-02-26 01:45:00+00:00,110.390625,110.390625,110.53125,110.390625,110.53125,52670.0,2025-02-25 20:45:00-05:00
2025-02-26 02:00:00+00:00,110.34375,110.34375,110.40625,110.34375,110.390625,28760.0,2025-02-25 21:00:00-05:00
2025-02-26 02:15:00+00:00,110.359375,110.359375,110.390625,110.34375,110.359375,12401.0,2025-02-25 21:15:00-05:00
2025-02-26 02:30:00+00:00,110.375,110.375,110.390625,110.359375,110.359375,5575.0,2025-02-25 21:30:00-05:00
2025-02-26 02:45:00+00:00,110.328125,110.328125,110.375,110.3125,110.375,10518.0,2025-02-25 21:45:00-05:00
2025-02-26 03:00:00+00:00,110.328125,110.328125,110.34375,110.3125,110.328125,4252.0,2025-02-25 22:00:00-05:00
2025-02-26 03:15:00+00:00,110.34375,110.34375,110.359375,110.328125,110.34375,6408.0,2025-02-25 22:15:00-05:00
2025-02-26 03:30:00+00:00,110.328125,110.328125,110.34375,110.328125,110.34375,3327.0,2025-02-25 22:30:00-05:00
2025-02-26 03:45:00+00:00,110.34375,110.34375,110.34375,110.328125,110.328125,2766.0,2025-02-25 22:45:00-05:00
2025-02-26 04:00:00+00:00,110.328125,110.328125,110.34375,110.328125,110.34375,1931.0,2025-02-25 23:00:00-05:00
2025-02-26 04:15:00+00:00,110.34375,110.34375,110.34375,110.328125,110.34375,460.0,2025-02-25 23:15:00-05:00
2025-02-26 04:30:00+00:00,110.34375,110.34375,110.359375,110.34375,110.34375,1309.0,2025-02-25 23:30:00-05:00
2025-02-26 04:45:00+00:00,110.328125,110.328125,110.359375,110.3125,110.359375,5734.0,2025-02-25 23:45:00-05:00
2025-02-26 05:00:00+00:00,110.3125,110.3125,110.34375,110.3125,110.34375,7696.0,2025-02-26 00:00:00-05:00
2025-02-26 05:15:00+00:00,110.328125,110.328125,110.34375,110.3125,110.3125,4609.0,2025-02-26 00:15:00-05:00
2025-02-26 05:30:00+00:00,110.296875,110.296875,110.328125,110.296875,110.328125,4031.0,2025-02-26 00:30:00-05:00
2025-02-26 05:45:00+00:00,110.296875,110.296875,110.3125,110.296875,110.3125,3886.0,2025-02-26 00:45:00-05:00
2025-02-26 06:00:00+00:00,110.296875,110.296875,110.3125,110.296875,110.296875,1174.0,2025-02-26 01:00:00-05:00
2025-02-26 06:15:00+00:00,110.296875,110.296875,110.3125,110.28125,110.3125,4580.0,2025-02-26 01:15:00-05:00
2025-02-26 06:30:00+00:00,110.265625,110.265625,110.296875,110.265625,110.28125,2594.0,2025-02-26 01:30:00-05:00
2025-02-26 06:45:00+00:00,110.25,110.25,110.28125,110.25,110.265625,4558.0,2025-02-26 01:45:00-05:00
2025-02-26 07:00:00+00:00,110.328125,110.328125,110.328125,110.25,110.265625,13734.0,2025-02-26 02:00:00-05:00
2025-02-26 07:15:00+00:00,110.328125,110.328125,110.375,110.328125,110.34375,5631.0,2025-02-26 02:15:00-05:00
2025-02-26 07:30:00+00:00,110.375,110.375,110.375,110.328125,110.34375,6182.0,2025-02-26 02:30:00-05:00
2025-02-26 07:45:00+00:00,110.34375,110.34375,110.390625,110.328125,110.375,5559.0,2025-02-26 02:45:00-05:00
2025-02-26 08:00:00+00:00,110.359375,110.359375,110.390625,110.34375,110.359375,10319.0,2025-02-26 03:00:00-05:00
2025-02-26 08:15:00+00:00,110.375,110.375,110.390625,110.34375,110.359375,22825.0,2025-02-26 03:15:00-05:00
2025-02-26 08:30:00+00:00,110.421875,110.421875,110.453125,110.375,110.390625,27557.0,2025-02-26 03:30:00-05:00
2025-02-26 08:45:00+00:00,110.453125,110.453125,110.484375,110.421875,110.4375,14792.0,2025-02-26 03:45:00-05:00
2025-02-26 09:00:00+00:00,110.4375,110.4375,110.46875,110.40625,110.46875,81473.0,2025-02-26 04:00:00-05:00
2025-02-26 09:15:00+00:00,110.421875,110.421875,110.4375,110.390625,110.421875,81952.0,2025-02-26 04:15:00-05:00
2025-02-26 09:30:00+00:00,110.390625,110.390625,110.4375,110.359375,110.40625,85698.0,2025-02-26 04:30:00-05:00
2025-02-26 09:45:00+00:00,110.4375,110.4375,110.453125,110.375,110.390625,165272.0,2025-02-26 04:45:00-05:00
2025-02-26 10:00:00+00:00,110.421875,110.421875,110.46875,110.40625,110.4375,93877.0,2025-02-26 05:00:00-05:00
2025-02-26 10:15:00+00:00,110.453125,110.453125,110.484375,110.40625,110.421875,100047.0,2025-02-26 05:15:00-05:00
2025-02-26 10:30:00+00:00,110.4375,110.4375,110.484375,110.421875,110.4375,5319.0,2025-02-26 05:30:00-05:00
2025-02-26 10:45:00+00:00,110.375,110.375,110.46875,110.359375,110.453125,94445.0,2025-02-26 05:45:00-05:00
2025-02-26 11:00:00+00:00,110.359375,110.359375,110.40625,110.359375,110.390625,96400.0,2025-02-26 06:00:00-05:00
2025-02-26 11:15:00+00:00,110.359375,110.359375,110.375,110.328125,110.375,101081.0,2025-02-26 06:15:00-05:00
2025-02-26 11:30:00+00:00,110.359375,110.359375,110.390625,110.34375,110.359375,7493.0,2025-02-26 06:30:00-05:00
2025-02-26 11:45:00+00:00,110.375,110.375,110.40625,110.34375,110.359375,105477.0,2025-02-26 06:45:00-05:00
2025-02-26 12:00:00+00:00,110.359375,110.359375,110.40625,110.34375,110.375,126545.0,2025-02-26 07:00:00-05:00
2025-02-26 12:15:00+00:00,110.4375,110.4375,110.453125,110.359375,110.375,135408.0,2025-02-26 07:15:00-05:00
2025-02-26 12:30:00+00:00,110.453125,110.453125,110.484375,110.40625,110.40625,16180.0,2025-02-26 07:30:00-05:00
2025-02-26 12:45:00+00:00,110.46875,110.46875,110.53125,110.4375,110.453125,160089.0,2025-02-26 07:45:00-05:00
2025-02-26 13:00:00+00:00,110.515625,110.515625,110.546875,110.4375,110.46875,16742.0,2025-02-26 08:00:00-05:00
2025-02-26 13:15:00+00:00,110.5625,110.5625,110.609375,110.5,110.53125,184422.0,2025-02-26 08:15:00-05:00
2025-02-26 13:30:00+00:00,110.5,110.5,110.609375,110.46875,110.578125,196792.0,2025-02-26 08:30:00-05:00
2025-02-26 13:45:00+00:00,110.53125,110.53125,110.578125,110.5,110.515625,225394.0,2025-02-26 08:45:00-05:00
2025-02-26 14:00:00+00:00,110.5,110.5,110.546875,110.421875,110.515625,248692.0,2025-02-26 09:00:00-05:00
2025-02-26 14:15:00+00:00,110.515625,110.515625,110.546875,110.46875,110.484375,22115.0,2025-02-26 09:15:00-05:00
2025-02-26 14:30:00+00:00,110.53125,110.53125,110.59375,110.5,110.515625,269417.0,2025-02-26 09:30:00-05:00
2025-02-26 14:45:00+00:00,110.46875,110.46875,110.53125,110.421875,110.515625,47444.0,2025-02-26 09:45:00-05:00
2025-02-26 15:00:00+00:00,110.421875,110.421875,110.5,110.390625,110.46875,44459.0,2025-02-26 10:00:00-05:00
2025-02-26 15:15:00+00:00,110.4375,110.4375,110.46875,110.359375,110.4375,322465.0,2025-02-26 10:15:00-05:00
2025-02-26 15:30:00+00:00,110.453125,110.453125,110.5,110.40625,110.4375,317532.0,2025-02-26 10:30:00-05:00
2025-02-26 15:45:00+00:00,110.46875,110.46875,110.484375,110.421875,110.453125,24504.0,2025-02-26 10:45:00-05:00
2025-02-26 16:00:00+00:00,110.484375,110.484375,110.5,110.40625,110.46875,347354.0,2025-02-26 11:00:00-05:00
2025-02-26 16:15:00+00:00,110.515625,110.515625,110.515625,110.453125,110.484375,352837.0,2025-02-26 11:15:00-05:00
2025-02-26 16:30:00+00:00,110.53125,110.53125,110.5625,110.5,110.5,29870.0,2025-02-26 11:30:00-05:00
2025-02-26 16:45:00+00:00,110.59375,110.59375,110.59375,110.515625,110.53125,463108.0,2025-02-26 11:45:00-05:00
2025-02-26 17:00:00+00:00,110.5625,110.5625,110.625,110.53125,110.59375,513184.0,2025-02-26 12:00:00-05:00
2025-02-26 17:15:00+00:00,110.59375,110.59375,110.59375,110.53125,110.578125,440332.0,2025-02-26 12:15:00-05:00
2025-02-26 17:30:00+00:00,110.640625,110.640625,110.6875,110.546875,110.578125,456133.0,2025-02-26 12:30:00-05:00
2025-02-26 17:45:00+00:00,110.625,110.625,110.671875,110.59375,110.640625,501825.0,2025-02-26 12:45:00-05:00
2025-02-26 18:00:00+00:00,110.703125,110.703125,110.71875,110.59375,110.625,43423.0,2025-02-26 13:00:00-05:00
2025-02-26 18:15:00+00:00,110.828125,110.828125,110.828125,110.671875,110.703125,302447.0,2025-02-26 13:15:00-05:00
2025-02-26 18:30:00+00:00,110.796875,110.796875,110.859375,110.75,110.828125,31996.0,2025-02-26 13:30:00-05:00
2025-02-26 18:45:00+00:00,110.84375,110.84375,110.859375,110.734375,110.828125,619924.0,2025-02-26 13:45:00-05:00
2025-02-26 19:00:00+00:00,110.8125,110.8125,110.890625,110.765625,110.84375,25917.0,2025-02-26 14:00:00-05:00
2025-02-26 19:15:00+00:00,110.859375,110.859375,110.875,110.765625,110.859375,669444.0,2025-02-26 14:15:00-05:00
2025-02-26 19:30:00+00:00,110.859375,110.859375,110.875,110.78125,110.84375,135179.0,2025-02-26 14:30:00-05:00
2025-02-26 19:45:00+00:00,110.84375,110.84375,110.90625,110.8125,110.8125,694080.0,2025-02-26 14:45:00-05:00
2025-02-26 20:00:00+00:00,110.875,110.875,110.90625,110.828125,110.828125,804166.0,2025-02-26 15:00:00-05:00
2025-02-26 20:15:00+00:00,110.921875,110.921875,110.921875,110.8125,110.859375,22775.0,2025-02-26 15:15:00-05:00
2025-02-26 20:30:00+00:00,110.875,110.875,110.921875,110.828125,110.90625,29311.0,2025-02-26 15:30:00-05:00
2025-02-26 20:45:00+00:00,110.8125,110.8125,110.890625,110.78125,110.84375,62995.0,2025-02-26 15:45:00-05:00
2025-02-26 21:00:00+00:00,110.859375,110.859375,110.921875,110.796875,110.8125,9561.0,2025-02-26 16:00:00-05:00
2025-02-26 21:15:00+00:00,110.828125,110.828125,110.90625,110.78125,110.859375,1709670.0,2025-02-26 16:15:00-05:00
2025-02-26 21:30:00+00:00,110.828125,110.828125,110.84375,110.78125,110.78125,28065.0,2025-02-26 16:30:00-05:00
2025-02-26 21:45:00+00:00,110.8125,110.8125,110.84375,110.765625,110.796875,3893.0,2025-02-26 16:45:00-05:00
2025-02-26 23:00:00+00:00,110.796875,110.796875,110.8125,110.75,110.796875,9188.0,2025-02-26 18:00:00-05:00
2025-02-26 23:15:00+00:00,110.8125,110.8125,110.8125,110.75,110.796875,7907.0,2025-02-26 18:15:00-05:00
2025-02-26 23:30:00+00:00,110.75,110.75,110.8125,110.734375,110.8125,5923.0,2025-02-26 18:30:00-05:00
2025-02-26 23:45:00+00:00,110.703125,110.703125,110.796875,110.703125,110.796875,14984.0,2025-02-26 18:45:00-05:00
2025-02-27 00:00:00+00:00,110.703125,110.703125,110.75,110.671875,110.703125,25169.0,2025-02-26 19:00:00-05:00
2025-02-27 00:15:00+00:00,110.765625,110.765625,110.78125,110.703125,110.734375,36181.0,2025-02-26 19:15:00-05:00
2025-02-27 00:30:00+00:00,110.75,110.75,110.765625,110.71875,110.71875,39594.0,2025-02-26 19:30:00-05:00
2025-02-27 00:45:00+00:00,110.6875,110.6875,110.75,110.6875,110.75,2885.0,2025-02-26 19:45:00-05:00
2025-02-27 01:00:00+00:00,110.71875,110.71875,110.75,110.671875,110.734375,44444.0,2025-02-26 20:00:00-05:00
2025-02-27 01:15:00+00:00,110.703125,110.703125,110.734375,110.65625,110.6875,8119.0,2025-02-26 20:15:00-05:00
2025-02-27 01:30:00+00:00,110.71875,110.71875,110.71875,110.65625,110.703125,1482.0,2025-02-26 20:30:00-05:00
2025-02-27 01:45:00+00:00,110.6875,110.6875,110.71875,110.65625,110.703125,68.0,2025-02-26 20:45:00-05:00
2025-02-27 02:00:00+00:00,110.703125,110.703125,110.71875,110.671875,110.71875,58250.0,2025-02-26 21:00:00-05:00
2025-02-27 02:15:00+00:00,110.6875,110.6875,110.703125,110.640625,110.6875,3330.0,2025-02-26 21:15:00-05:00
2025-02-27 02:30:00+00:00,110.703125,110.703125,110.703125,110.640625,110.671875,6435.0,2025-02-26 21:30:00-05:00
2025-02-27 02:45:00+00:00,110.6875,110.6875,110.71875,110.640625,110.6875,3330.0,2025-02-26 21:45:00-05:00
2025-02-27 03:00:00+00:00,110.703125,110.703125,110.71875,110.65625,110.65625,2488.0,2025-02-26 22:00:00-05:00
2025-02-27 03:15:00+00:00,110.703125,110.703125,110.71875,110.65625,110.6875,72886.0,2025-02-26 22:15:00-05:00
2025-02-27 03:30:00+00:00,110.6875,110.6875,110.71875,110.640625,110.703125,1620.0,2025-02-26 22:30:00-05:00
2025-02-27 03:45:00+00:00,110.640625,110.640625,110.6875,110.625,110.6875,3820.0,2025-02-26 22:45:00-05:00
2025-02-27 04:00:00+00:00,110.6875,110.6875,110.703125,110.640625,110.671875,162230.0,2025-02-26 23:00:00-05:00
2025-02-27 04:15:00+00:00,110.703125,110.703125,110.71875,110.640625,110.65625,1425.0,2025-02-26 23:15:00-05:00
2025-02-27 04:30:00+00:00,110.71875,110.71875,110.71875,110.65625,110.703125,1725.0,2025-02-26 23:30:00-05:00
2025-02-27 04:45:00+00:00,110.6875,110.6875,110.71875,110.65625,110.703125,84389.0,2025-02-26 23:45:00-05:00
2025-02-27 05:00:00+00:00,110.671875,110.671875,110.6875,110.65625,110.6875,1272.0,2025-02-27 00:00:00-05:00
2025-02-27 05:15:00+00:00,110.65625,110.65625,110.6875,110.640625,110.6875,4811.0,2025-02-27 00:15:00-05:00
2025-02-27 05:30:00+00:00,110.640625,110.640625,110.6875,110.640625,110.671875,94110.0,2025-02-27 00:30:00-05:00
2025-02-27 05:45:00+00:00,110.6875,110.6875,110.703125,110.625,110.640625,102404.0,2025-02-27 00:45:00-05:00
2025-02-27 06:00:00+00:00,110.671875,110.671875,110.703125,110.640625,110.671875,3751.0,2025-02-27 01:00:00-05:00
2025-02-27 06:15:00+00:00,110.671875,110.671875,110.71875,110.65625,110.6875,104567.0,2025-02-27 01:15:00-05:00
2025-02-27 06:30:00+00:00,110.671875,110.671875,110.71875,110.671875,110.703125,105427.0,2025-02-27 01:30:00-05:00
2025-02-27 06:45:00+00:00,110.765625,110.765625,110.765625,110.671875,110.71875,113901.0,2025-02-27 01:45:00-05:00
2025-02-27 07:00:00+00:00,110.75,110.75,110.765625,110.703125,110.71875,121835.0,2025-02-27 02:00:00-05:00
2025-02-27 07:15:00+00:00,110.671875,110.671875,110.75,110.65625,110.75,125186.0,2025-02-27 02:15:00-05:00
2025-02-27 07:30:00+00:00,110.6875,110.6875,110.734375,110.65625,110.703125,137557.0,2025-02-27 02:30:00-05:00
2025-02-27 07:45:00+00:00,110.671875,110.671875,110.703125,110.609375,110.640625,152556.0,2025-02-27 02:45:00-05:00
2025-02-27 08:00:00+00:00,110.640625,110.640625,110.703125,110.578125,110.671875,28946.0,2025-02-27 03:00:00-05:00
2025-02-27 08:15:00+00:00,110.609375,110.609375,110.65625,110.5625,110.625,14414.0,2025-02-27 03:15:00-05:00
2025-02-27 08:30:00+00:00,110.59375,110.59375,110.625,110.53125,110.625,29252.0,2025-02-27 03:30:00-05:00
2025-02-27 08:45:00+00:00,110.5625,110.5625,110.59375,110.515625,110.59375,25202.0,2025-02-27 03:45:00-05:00
2025-02-27 09:00:00+00:00,110.5,110.5,110.5625,110.46875,110.546875,23408.0,2025-02-27 04:00:00-05:00
2025-02-27 09:15:00+00:00,110.515625,110.515625,110.53125,110.484375,110.515625,276305.0,2025-02-27 04:15:00-05:00
2025-02-27 09:30:00+00:00,110.515625,110.515625,110.53125,110.484375,110.515625,14343.0,2025-02-27 04:30:00-05:00
2025-02-27 09:45:00+00:00,110.5,110.5,110.515625,110.4375,110.5,19749.0,2025-02-27 04:45:00-05:00
2025-02-27 10:00:00+00:00,110.484375,110.484375,110.515625,110.453125,110.5,10678.0,2025-02-27 05:00:00-05:00
2025-02-27 10:15:00+00:00,110.453125,110.453125,110.484375,110.421875,110.484375,25832.0,2025-02-27 05:15:00-05:00
2025-02-27 10:30:00+00:00,110.453125,110.453125,110.484375,110.4375,110.4375,9055.0,2025-02-27 05:30:00-05:00
2025-02-27 10:45:00+00:00,110.46875,110.46875,110.484375,110.421875,110.453125,352259.0,2025-02-27 05:45:00-05:00
2025-02-27 11:00:00+00:00,110.46875,110.46875,110.484375,110.4375,110.484375,12978.0,2025-02-27 06:00:00-05:00
2025-02-27 11:15:00+00:00,110.484375,110.484375,110.5,110.4375,110.46875,11548.0,2025-02-27 06:15:00-05:00
2025-02-27 11:30:00+00:00,110.515625,110.515625,110.515625,110.4375,110.46875,13804.0,2025-02-27 06:30:00-05:00
2025-02-27 11:45:00+00:00,110.515625,110.515625,110.53125,110.46875,110.46875,10276.0,2025-02-27 06:45:00-05:00
2025-02-27 12:00:00+00:00,110.546875,110.546875,110.5625,110.5,110.5,17707.0,2025-02-27 07:00:00-05:00
2025-02-27 12:15:00+00:00,110.546875,110.546875,110.578125,110.5,110.546875,426611.0,2025-02-27 07:15:00-05:00
2025-02-27 12:30:00+00:00,110.578125,110.578125,110.59375,110.53125,110.546875,29127.0,2025-02-27 07:30:00-05:00
2025-02-27 12:45:00+00:00,110.59375,110.59375,110.625,110.53125,110.578125,33176.0,2025-02-27 07:45:00-05:00
2025-02-27 13:00:00+00:00,110.640625,110.640625,110.640625,110.5625,110.59375,27094.0,2025-02-27 08:00:00-05:00
2025-02-27 13:15:00+00:00,110.671875,110.671875,110.6875,110.59375,110.640625,534213.0,2025-02-27 08:15:00-05:00
2025-02-27 13:30:00+00:00,110.59375,110.59375,110.859375,110.515625,110.65625,155221.0,2025-02-27 08:30:00-05:00
2025-02-27 13:45:00+00:00,110.625,110.625,110.71875,110.546875,110.578125,127242.0,2025-02-27 08:45:00-05:00
2025-02-27 14:00:00+00:00,110.59375,110.59375,110.6875,110.53125,110.640625,796011.0,2025-02-27 09:00:00-05:00
2025-02-27 14:15:00+00:00,110.515625,110.515625,110.625,110.484375,110.625,892615.0,2025-02-27 09:15:00-05:00
2025-02-27 14:30:00+00:00,110.625,110.625,110.625,110.453125,110.515625,977144.0,2025-02-27 09:30:00-05:00
2025-02-27 14:45:00+00:00,110.703125,110.703125,110.71875,110.5625,110.578125,95159.0,2025-02-27 09:45:00-05:00
2025-02-27 15:00:00+00:00,110.625,110.625,110.78125,110.578125,110.65625,1157042.0,2025-02-27 10:00:00-05:00
2025-02-27 15:15:00+00:00,110.59375,110.59375,110.625,110.5,110.625,97319.0,2025-02-27 10:15:00-05:00
2025-02-27 15:30:00+00:00,110.609375,110.609375,110.625,110.515625,110.578125,95337.0,2025-02-27 10:30:00-05:00
2025-02-27 15:45:00+00:00,110.609375,110.609375,110.640625,110.546875,110.609375,66124.0,2025-02-27 10:45:00-05:00
2025-02-27 16:00:00+00:00,110.59375,110.59375,110.671875,110.5625,110.609375,1418238.0,2025-02-27 11:00:00-05:00
2025-02-27 16:15:00+00:00,110.65625,110.65625,110.671875,110.5625,110.625,1469272.0,2025-02-27 11:15:00-05:00
2025-02-27 16:30:00+00:00,110.703125,110.703125,110.71875,110.609375,110.625,56227.0,2025-02-27 11:30:00-05:00
2025-02-27 16:45:00+00:00,110.6875,110.6875,110.71875,110.625,110.71875,1549858.0,2025-02-27 11:45:00-05:00
2025-02-27 17:00:00+00:00,110.59375,110.59375,110.6875,110.59375,110.671875,24747.0,2025-02-27 12:00:00-05:00
2025-02-27 17:15:00+00:00,110.578125,110.578125,110.640625,110.578125,110.625,3668.0,2025-02-27 12:15:00-05:00
2025-02-27 17:30:00+00:00,110.609375,110.609375,110.640625,110.5625,110.59375,1617852.0,2025-02-27 12:30:00-05:00
2025-02-27 17:45:00+00:00,110.5625,110.5625,110.609375,110.515625,110.59375,1631954.0,2025-02-27 12:45:00-05:00
2025-02-27 18:00:00+00:00,110.59375,110.59375,110.609375,110.53125,110.53125,24963.0,2025-02-27 13:00:00-05:00
2025-02-27 18:15:00+00:00,110.578125,110.578125,110.609375,110.546875,110.59375,30115.0,2025-02-27 13:15:00-05:00
2025-02-27 18:30:00+00:00,110.5625,110.5625,110.59375,110.53125,110.546875,18259.0,2025-02-27 13:30:00-05:00
2025-02-27 18:45:00+00:00,110.578125,110.578125,110.59375,110.515625,110.546875,23439.0,2025-02-27 13:45:00-05:00
2025-02-27 19:00:00+00:00,110.609375,110.609375,110.609375,110.546875,110.546875,21496.0,2025-02-27 14:00:00-05:00
2025-02-27 19:15:00+00:00,110.5625,110.5625,110.609375,110.53125,110.59375,1749975.0,2025-02-27 14:15:00-05:00
2025-02-27 19:30:00+00:00,110.671875,110.671875,110.671875,110.53125,110.5625,38160.0,2025-02-27 14:30:00-05:00
2025-02-27 19:45:00+00:00,110.65625,110.65625,110.671875,110.59375,110.65625,86177.0,2025-02-27 14:45:00-05:00
2025-02-27 20:00:00+00:00,110.65625,110.65625,110.71875,110.609375,110.609375,40212.0,2025-02-27 15:00:00-05:00
2025-02-27 20:15:00+00:00,110.703125,110.703125,110.734375,110.625,110.640625,1932695.0,2025-02-27 15:15:00-05:00
2025-02-27 20:30:00+00:00,110.71875,110.71875,110.734375,110.609375,110.640625,42079.0,2025-02-27 15:30:00-05:00
2025-02-27 20:45:00+00:00,110.75,110.75,110.78125,110.609375,110.671875,2017281.0,2025-02-27 15:45:00-05:00
2025-02-27 21:00:00+00:00,110.765625,110.765625,110.78125,110.65625,110.75,52810.0,2025-02-27 16:00:00-05:00
2025-02-27 21:15:00+00:00,110.71875,110.71875,110.796875,110.71875,110.78125,23961.0,2025-02-27 16:15:00-05:00
2025-02-27 21:30:00+00:00,110.796875,110.796875,110.8125,110.71875,110.71875,2106892.0,2025-02-27 16:30:00-05:00
2025-02-27 21:45:00+00:00,110.828125,110.828125,110.828125,110.734375,110.734375,15509.0,2025-02-27 16:45:00-05:00
2025-02-27 23:00:00+00:00,110.796875,110.796875,110.828125,110.765625,110.8125,8945.0,2025-02-27 18:00:00-05:00
2025-02-27 23:15:00+00:00,110.78125,110.78125,110.84375,110.78125,110.796875,4579.0,2025-02-27 18:15:00-05:00
2025-02-27 23:30:00+00:00,110.828125,110.828125,110.84375,110.8125,110.828125,4968.0,2025-02-27 18:30:00-05:00
2025-02-27 23:45:00+00:00,110.84375,110.84375,110.84375,110.796875,110.8125,2077.0,2025-02-27 18:45:00-05:00
2025-02-28 00:00:00+00:00,110.859375,110.859375,110.875,110.796875,110.828125,5967.0,2025-02-27 19:00:00-05:00
2025-02-28 00:15:00+00:00,110.984375,110.984375,111.0,110.84375,110.859375,22747.0,2025-02-27 19:15:00-05:00
2025-02-28 00:30:00+00:00,110.984375,110.984375,110.984375,110.921875,110.9375,8350.0,2025-02-27 19:30:00-05:00
2025-02-28 00:45:00+00:00,111.046875,111.046875,111.046875,110.9375,110.96875,73078.0,2025-02-27 19:45:00-05:00
2025-02-28 01:00:00+00:00,110.96875,110.96875,111.046875,110.9375,111.03125,11207.0,2025-02-27 20:00:00-05:00
2025-02-28 01:15:00+00:00,111.0,111.0,111.0,110.953125,110.96875,7486.0,2025-02-27 20:15:00-05:00
2025-02-28 01:30:00+00:00,111.03125,111.03125,111.0625,110.96875,111.0,15675.0,2025-02-27 20:30:00-05:00
2025-02-28 01:45:00+00:00,111.0625,111.0625,111.0625,111.0,111.03125,9969.0,2025-02-27 20:45:00-05:00
2025-02-28 02:00:00+00:00,111.078125,111.078125,111.09375,111.015625,111.03125,16976.0,2025-02-27 21:00:00-05:00
2025-02-28 02:15:00+00:00,111.0625,111.0625,111.09375,111.03125,111.078125,5981.0,2025-02-27 21:15:00-05:00
2025-02-28 02:30:00+00:00,111.0625,111.0625,111.078125,111.015625,111.078125,9056.0,2025-02-27 21:30:00-05:00
2025-02-28 02:45:00+00:00,111.078125,111.078125,111.078125,111.03125,111.0625,3237.0,2025-02-27 21:45:00-05:00
2025-02-28 03:00:00+00:00,111.046875,111.046875,111.078125,111.015625,111.03125,3875.0,2025-02-27 22:00:00-05:00
2025-02-28 03:15:00+00:00,111.03125,111.03125,111.078125,111.015625,111.046875,7101.0,2025-02-27 22:15:00-05:00
2025-02-28 03:30:00+00:00,111.0625,111.0625,111.0625,111.0,111.03125,6111.0,2025-02-27 22:30:00-05:00
2025-02-28 03:45:00+00:00,111.0625,111.0625,111.109375,111.046875,111.078125,9832.0,2025-02-27 22:45:00-05:00
2025-02-28 04:00:00+00:00,111.078125,111.078125,111.09375,111.03125,111.078125,5555.0,2025-02-27 23:00:00-05:00
2025-02-28 04:15:00+00:00,111.03125,111.03125,111.09375,111.0,111.078125,6856.0,2025-02-27 23:15:00-05:00
2025-02-28 04:30:00+00:00,111.03125,111.03125,111.046875,111.0,111.03125,5371.0,2025-02-27 23:30:00-05:00
2025-02-28 04:45:00+00:00,111.09375,111.09375,111.109375,111.015625,111.03125,13335.0,2025-02-27 23:45:00-05:00
2025-02-28 05:00:00+00:00,111.0625,111.0625,111.109375,111.03125,111.09375,7982.0,2025-02-28 00:00:00-05:00
2025-02-28 05:15:00+00:00,111.078125,111.078125,111.09375,111.03125,111.046875,3135.0,2025-02-28 00:15:00-05:00
2025-02-28 05:30:00+00:00,111.0625,111.0625,111.09375,111.03125,111.078125,7737.0,2025-02-28 00:30:00-05:00
2025-02-28 05:45:00+00:00,111.046875,111.046875,111.078125,111.015625,111.03125,3095.0,2025-02-28 00:45:00-05:00
2025-02-28 06:00:00+00:00,111.046875,111.046875,111.046875,111.0,111.046875,2576.0,2025-02-28 01:00:00-05:00
2025-02-28 06:15:00+00:00,111.015625,111.015625,111.0625,111.0,111.0625,245334.0,2025-02-28 01:15:00-05:00
2025-02-28 06:30:00+00:00,111.015625,111.015625,111.0625,111.0,111.015625,10400.0,2025-02-28 01:30:00-05:00
2025-02-28 06:45:00+00:00,111.0625,111.0625,111.078125,111.0,111.0625,262122.0,2025-02-28 01:45:00-05:00
2025-02-28 07:00:00+00:00,111.046875,111.046875,111.078125,110.984375,111.0625,12301.0,2025-02-28 02:00:00-05:00
2025-02-28 07:15:00+00:00,111.046875,111.046875,111.0625,110.984375,111.046875,298085.0,2025-02-28 02:15:00-05:00
2025-02-28 07:30:00+00:00,111.03125,111.03125,111.09375,111.0,111.046875,8199.0,2025-02-28 02:30:00-05:00
2025-02-28 07:45:00+00:00,110.96875,110.96875,111.078125,110.921875,111.015625,30916.0,2025-02-28 02:45:00-05:00
2025-02-28 08:00:00+00:00,111.0,111.0,111.0,110.921875,110.96875,17232.0,2025-02-28 03:00:00-05:00
2025-02-28 08:15:00+00:00,110.921875,110.921875,111.015625,110.890625,111.0,9656.0,2025-02-28 03:15:00-05:00
2025-02-28 08:30:00+00:00,110.953125,110.953125,110.96875,110.890625,110.953125,394049.0,2025-02-28 03:30:00-05:00
2025-02-28 08:45:00+00:00,110.953125,110.953125,110.984375,110.90625,110.9375,14048.0,2025-02-28 03:45:00-05:00
2025-02-28 09:00:00+00:00,110.90625,110.90625,110.96875,110.890625,110.953125,14732.0,2025-02-28 04:00:00-05:00
2025-02-28 09:15:00+00:00,110.90625,110.90625,110.921875,110.84375,110.90625,24551.0,2025-02-28 04:15:00-05:00
2025-02-28 09:30:00+00:00,110.875,110.875,110.90625,110.828125,110.890625,16603.0,2025-02-28 04:30:00-05:00
2025-02-28 09:45:00+00:00,110.90625,110.90625,110.90625,110.8125,110.859375,21511.0,2025-02-28 04:45:00-05:00
2025-02-28 10:00:00+00:00,110.9375,110.9375,110.953125,110.875,110.890625,13318.0,2025-02-28 05:00:00-05:00
2025-02-28 10:15:00+00:00,110.9375,110.9375,110.953125,110.890625,110.9375,505764.0,2025-02-28 05:15:00-05:00
2025-02-28 10:30:00+00:00,110.890625,110.890625,110.9375,110.875,110.9375,7597.0,2025-02-28 05:30:00-05:00
2025-02-28 10:45:00+00:00,110.890625,110.890625,110.921875,110.84375,110.875,12558.0,2025-02-28 05:45:00-05:00
2025-02-28 11:00:00+00:00,110.875,110.875,110.921875,110.84375,110.890625,535211.0,2025-02-28 06:00:00-05:00
2025-02-28 11:15:00+00:00,110.875,110.875,110.890625,110.84375,110.875,13629.0,2025-02-28 06:15:00-05:00
2025-02-28 11:30:00+00:00,110.84375,110.84375,110.890625,110.8125,110.859375,20248.0,2025-02-28 06:30:00-05:00
2025-02-28 11:45:00+00:00,110.828125,110.828125,110.859375,110.796875,110.859375,18647.0,2025-02-28 06:45:00-05:00
2025-02-28 12:00:00+00:00,110.875,110.875,110.875,110.796875,110.828125,19750.0,2025-02-28 07:00:00-05:00
2025-02-28 12:15:00+00:00,110.890625,110.890625,110.90625,110.84375,110.859375,25039.0,2025-02-28 07:15:00-05:00
2025-02-28 12:30:00+00:00,110.9375,110.9375,110.953125,110.84375,110.875,26545.0,2025-02-28 07:30:00-05:00
2025-02-28 12:45:00+00:00,110.875,110.875,110.953125,110.84375,110.9375,17152.0,2025-02-28 07:45:00-05:00
2025-02-28 13:00:00+00:00,110.875,110.875,110.890625,110.796875,110.859375,38983.0,2025-02-28 08:00:00-05:00
2025-02-28 13:15:00+00:00,110.890625,110.890625,110.921875,110.828125,110.859375,40154.0,2025-02-28 08:15:00-05:00
2025-02-28 13:30:00+00:00,110.84375,110.84375,110.90625,110.703125,110.90625,136144.0,2025-02-28 08:30:00-05:00
2025-02-28 13:45:00+00:00,111.0,111.0,111.03125,110.828125,110.84375,85205.0,2025-02-28 08:45:00-05:00
2025-02-28 14:00:00+00:00,110.90625,110.90625,111.015625,110.875,111.015625,67158.0,2025-02-28 09:00:00-05:00
2025-02-28 14:15:00+00:00,111.015625,111.015625,111.015625,110.875,110.90625,1091260.0,2025-02-28 09:15:00-05:00
2025-02-28 14:30:00+00:00,110.921875,110.921875,111.09375,110.90625,111.0,78726.0,2025-02-28 09:30:00-05:00
2025-02-28 14:45:00+00:00,111.0,111.0,111.046875,110.890625,110.953125,82268.0,2025-02-28 09:45:00-05:00
2025-02-28 15:00:00+00:00,110.96875,110.96875,111.046875,110.9375,111.015625,1335392.0,2025-02-28 10:00:00-05:00
2025-02-28 15:15:00+00:00,110.875,110.875,111.0,110.84375,110.953125,65981.0,2025-02-28 10:15:00-05:00
2025-02-28 15:30:00+00:00,110.921875,110.921875,110.9375,110.796875,110.875,52170.0,2025-02-28 10:30:00-05:00
2025-02-28 15:45:00+00:00,110.953125,110.953125,110.953125,110.875,110.90625,1534564.0,2025-02-28 10:45:00-05:00
2025-02-28 16:00:00+00:00,111.09375,111.09375,111.09375,110.875,110.9375,93813.0,2025-02-28 11:00:00-05:00
2025-02-28 16:15:00+00:00,111.140625,111.140625,111.1875,111.0625,111.078125,119667.0,2025-02-28 11:15:00-05:00
2025-02-28 16:30:00+00:00,111.015625,111.015625,111.09375,110.96875,111.09375,88662.0,2025-02-28 11:30:00-05:00
2025-02-28 16:45:00+00:00,110.953125,110.953125,111.015625,110.921875,111.015625,54151.0,2025-02-28 11:45:00-05:00
2025-02-28 17:00:00+00:00,111.03125,111.03125,111.046875,110.921875,110.96875,1902580.0,2025-02-28 12:00:00-05:00
2025-02-28 17:15:00+00:00,111.078125,111.078125,111.078125,110.984375,111.03125,41099.0,2025-02-28 12:15:00-05:00
2025-02-28 17:30:00+00:00,111.0625,111.0625,111.078125,111.0,111.0625,1995380.0,2025-02-28 12:30:00-05:00
2025-02-28 17:45:00+00:00,111.125,111.125,111.125,111.03125,111.0625,57463.0,2025-02-28 12:45:00-05:00
2025-02-28 18:00:00+00:00,111.09375,111.09375,111.140625,111.0625,111.09375,26586.0,2025-02-28 13:00:00-05:00
2025-02-28 18:15:00+00:00,111.0625,111.0625,111.171875,111.03125,111.109375,2131221.0,2025-02-28 13:15:00-05:00
2025-02-28 18:30:00+00:00,111.109375,111.109375,111.109375,111.015625,111.046875,37611.0,2025-02-28 13:30:00-05:00
2025-02-28 18:45:00+00:00,111.21875,111.21875,111.21875,111.078125,111.09375,60574.0,2025-02-28 13:45:00-05:00
2025-02-28 19:00:00+00:00,111.15625,111.15625,111.234375,111.09375,111.203125,54840.0,2025-02-28 14:00:00-05:00
2025-02-28 19:15:00+00:00,111.09375,111.09375,111.171875,111.0625,111.140625,30637.0,2025-02-28 14:15:00-05:00
2025-02-28 19:30:00+00:00,111.0625,111.0625,111.140625,111.03125,111.09375,29251.0,2025-02-28 14:30:00-05:00
2025-02-28 19:45:00+00:00,111.09375,111.09375,111.125,111.015625,111.046875,192309.0,2025-02-28 14:45:00-05:00
2025-02-28 20:00:00+00:00,111.078125,111.078125,111.109375,111.03125,111.078125,2597154.0,2025-02-28 15:00:00-05:00
2025-02-28 20:15:00+00:00,111.078125,111.078125,111.109375,111.03125,111.078125,48677.0,2025-02-28 15:15:00-05:00
2025-02-28 20:30:00+00:00,111.171875,111.171875,111.1875,111.046875,111.0625,60548.0,2025-02-28 15:30:00-05:00
2025-02-28 20:45:00+00:00,111.25,111.25,111.296875,111.078125,111.171875,457873.0,2025-02-28 15:45:00-05:00
2025-02-28 21:00:00+00:00,111.203125,111.203125,111.25,111.125,111.234375,171039.0,2025-02-28 16:00:00-05:00
2025-02-28 21:15:00+00:00,111.21875,111.21875,111.234375,111.140625,111.203125,3359005.0,2025-02-28 16:15:00-05:00
2025-02-28 21:30:00+00:00,111.21875,111.21875,111.234375,111.15625,111.203125,20766.0,2025-02-28 16:30:00-05:00
2025-02-28 21:45:00+00:00,111.171875,111.171875,111.25,111.15625,111.21875,33666.0,2025-02-28 16:45:00-05:00
2025-03-02 23:00:00+00:00,110.921875,110.921875,111.0625,110.90625,111.03125,26127.0,2025-03-02 18:00:00-05:00
2025-03-02 23:15:00+00:00,110.9375,110.9375,110.96875,110.890625,110.921875,47773.0,2025-03-02 18:15:00-05:00
2025-03-02 23:30:00+00:00,110.953125,110.953125,110.96875,110.921875,110.9375,3630.0,2025-03-02 18:30:00-05:00
2025-03-02 23:45:00+00:00,110.9375,110.9375,110.96875,110.890625,110.96875,62472.0,2025-03-02 18:45:00-05:00
2025-03-03 00:00:00+00:00,110.96875,110.96875,110.984375,110.90625,110.953125,5160.0,2025-03-02 19:00:00-05:00
2025-03-03 00:15:00+00:00,110.9375,110.9375,110.984375,110.890625,110.96875,18107.0,2025-03-02 19:15:00-05:00
2025-03-03 00:30:00+00:00,110.9375,110.9375,110.953125,110.890625,110.9375,88490.0,2025-03-02 19:30:00-05:00
2025-03-03 00:45:00+00:00,110.921875,110.921875,110.953125,110.90625,110.921875,5718.0,2025-03-02 19:45:00-05:00
2025-03-03 01:00:00+00:00,110.921875,110.921875,110.96875,110.890625,110.921875,9504.0,2025-03-02 20:00:00-05:00
2025-03-03 01:15:00+00:00,110.90625,110.90625,110.9375,110.875,110.921875,5399.0,2025-03-02 20:15:00-05:00
2025-03-03 01:30:00+00:00,110.96875,110.96875,110.96875,110.890625,110.90625,4626.0,2025-03-02 20:30:00-05:00
2025-03-03 01:45:00+00:00,110.9375,110.9375,110.96875,110.921875,110.953125,3548.0,2025-03-02 20:45:00-05:00
2025-03-03 02:00:00+00:00,110.921875,110.921875,110.953125,110.90625,110.953125,3364.0,2025-03-02 21:00:00-05:00
2025-03-03 02:15:00+00:00,110.9375,110.9375,110.953125,110.90625,110.921875,3481.0,2025-03-02 21:15:00-05:00
2025-03-03 02:30:00+00:00,110.96875,110.96875,110.984375,110.921875,110.9375,2154.0,2025-03-02 21:30:00-05:00
2025-03-03 02:45:00+00:00,111.0,111.0,111.0,110.921875,110.96875,5429.0,2025-03-02 21:45:00-05:00
2025-03-03 03:00:00+00:00,110.96875,110.96875,111.046875,110.953125,111.0,2916.0,2025-03-02 22:00:00-05:00
2025-03-03 03:15:00+00:00,111.0,111.0,111.03125,110.96875,111.0,141795.0,2025-03-02 22:15:00-05:00
2025-03-03 03:30:00+00:00,111.0,111.0,111.03125,110.984375,111.015625,145379.0,2025-03-02 22:30:00-05:00
2025-03-03 03:45:00+00:00,111.03125,111.03125,111.03125,111.0,111.0,2693.0,2025-03-02 22:45:00-05:00
2025-03-03 04:00:00+00:00,110.984375,110.984375,111.03125,110.984375,111.015625,1589.0,2025-03-02 23:00:00-05:00
2025-03-03 04:15:00+00:00,111.015625,111.015625,111.03125,110.984375,110.984375,150614.0,2025-03-02 23:15:00-05:00
2025-03-03 04:30:00+00:00,111.03125,111.03125,111.03125,110.984375,110.984375,152240.0,2025-03-02 23:30:00-05:00
2025-03-03 04:45:00+00:00,111.0,111.0,111.046875,110.984375,111.03125,1980.0,2025-03-02 23:45:00-05:00
2025-03-03 05:00:00+00:00,111.046875,111.046875,111.046875,110.96875,111.0,159151.0,2025-03-03 00:00:00-05:00
2025-03-03 05:15:00+00:00,111.015625,111.015625,111.046875,110.984375,111.03125,160463.0,2025-03-03 00:15:00-05:00
2025-03-03 05:30:00+00:00,111.03125,111.03125,111.03125,110.984375,110.984375,166974.0,2025-03-03 00:30:00-05:00
2025-03-03 05:45:00+00:00,110.984375,110.984375,111.03125,110.96875,111.03125,2111.0,2025-03-03 00:45:00-05:00
2025-03-03 06:00:00+00:00,111.0,111.0,111.046875,110.96875,111.03125,416.0,2025-03-03 01:00:00-05:00
2025-03-03 06:15:00+00:00,111.015625,111.015625,111.0625,110.984375,111.0,175186.0,2025-03-03 01:15:00-05:00
2025-03-03 06:30:00+00:00,111.03125,111.03125,111.0625,111.0,111.0625,180103.0,2025-03-03 01:30:00-05:00
2025-03-03 06:45:00+00:00,111.0,111.0,111.03125,110.96875,111.015625,6226.0,2025-03-03 01:45:00-05:00
2025-03-03 07:00:00+00:00,111.015625,111.015625,111.03125,110.984375,111.015625,10628.0,2025-03-03 02:00:00-05:00
2025-03-03 07:15:00+00:00,111.046875,111.046875,111.046875,110.984375,111.015625,10289.0,2025-03-03 02:15:00-05:00
2025-03-03 07:30:00+00:00,110.96875,110.96875,111.0625,110.9375,111.046875,219616.0,2025-03-03 02:30:00-05:00
2025-03-03 07:45:00+00:00,110.96875,110.96875,110.984375,110.921875,110.96875,11053.0,2025-03-03 02:45:00-05:00
2025-03-03 08:00:00+00:00,110.96875,110.96875,111.015625,110.9375,110.984375,19176.0,2025-03-03 03:00:00-05:00
2025-03-03 08:15:00+00:00,111.015625,111.015625,111.015625,110.921875,110.96875,12715.0,2025-03-03 03:15:00-05:00
2025-03-03 08:30:00+00:00,110.984375,110.984375,111.03125,110.953125,111.015625,6490.0,2025-03-03 03:30:00-05:00
2025-03-03 08:45:00+00:00,111.03125,111.03125,111.03125,110.953125,111.0,291550.0,2025-03-03 03:45:00-05:00
2025-03-03 09:00:00+00:00,111.078125,111.078125,111.09375,111.015625,111.03125,16247.0,2025-03-03 04:00:00-05:00
2025-03-03 09:15:00+00:00,111.03125,111.03125,111.046875,110.984375,111.01599884033205,348441.0,2025-03-03 04:15:00-05:00
2025-03-03 09:30:00+00:00,110.984375,110.984375,111.03125,110.9375,111.03125,22399.0,2025-03-03 04:30:00-05:00
2025-03-03 09:45:00+00:00,110.984375,110.984375,110.984375,110.9375,110.984375,12220.0,2025-03-03 04:45:00-05:00
2025-03-03 10:00:00+00:00,110.9375,110.9375,110.984375,110.921875,110.984375,20475.0,2025-03-03 05:00:00-05:00
2025-03-03 10:15:00+00:00,110.921875,110.921875,110.953125,110.890625,110.953125,8977.0,2025-03-03 05:15:00-05:00
2025-03-03 10:30:00+00:00,110.890625,110.890625,110.9375,110.859375,110.90625,27654.0,2025-03-03 05:30:00-05:00
2025-03-03 10:45:00+00:00,110.890625,110.890625,110.90625,110.84375,110.875,12983.0,2025-03-03 05:45:00-05:00
2025-03-03 11:00:00+00:00,110.875,110.875,110.921875,110.84375,110.890625,25002.0,2025-03-03 06:00:00-05:00
2025-03-03 11:15:00+00:00,110.859375,110.859375,110.890625,110.828125,110.875,21690.0,2025-03-03 06:15:00-05:00
2025-03-03 11:30:00+00:00,110.90625,110.90625,110.921875,110.84375,110.859375,24645.0,2025-03-03 06:30:00-05:00
2025-03-03 11:45:00+00:00,110.890625,110.890625,110.921875,110.859375,110.90625,20355.0,2025-03-03 06:45:00-05:00
2025-03-03 12:00:00+00:00,110.90625,110.90625,110.9375,110.859375,110.890625,16992.0,2025-03-03 07:00:00-05:00
2025-03-03 12:15:00+00:00,110.921875,110.921875,110.9375,110.875,110.875,565215.0,2025-03-03 07:15:00-05:00
2025-03-03 12:30:00+00:00,110.9375,110.9375,110.9375,110.875,110.921875,25446.0,2025-03-03 07:30:00-05:00
2025-03-03 12:45:00+00:00,110.9375,110.9375,110.96875,110.890625,110.921875,21687.0,2025-03-03 07:45:00-05:00
2025-03-03 13:00:00+00:00,110.84375,110.84375,110.9375,110.828125,110.921875,22999.0,2025-03-03 08:00:00-05:00
2025-03-03 13:15:00+00:00,110.90625,110.90625,110.9375,110.828125,110.84375,23228.0,2025-03-03 08:15:00-05:00
2025-03-03 13:30:00+00:00,110.953125,110.953125,110.984375,110.90625,110.9375,707384.0,2025-03-03 08:30:00-05:00
2025-03-03 13:45:00+00:00,111.0,111.0,111.015625,110.90625,110.953125,47171.0,2025-03-03 08:45:00-05:00
2025-03-03 14:00:00+00:00,110.953125,110.953125,111.046875,110.90625,111.0,56805.0,2025-03-03 09:00:00-05:00
2025-03-03 14:15:00+00:00,110.921875,110.921875,110.96875,110.859375,110.96875,41521.0,2025-03-03 09:15:00-05:00
2025-03-03 14:30:00+00:00,111.0,111.0,111.015625,110.890625,110.921875,53216.0,2025-03-03 09:30:00-05:00
2025-03-03 14:45:00+00:00,111.046875,111.046875,111.078125,110.9375,111.015625,56920.0,2025-03-03 09:45:00-05:00
2025-03-03 15:00:00+00:00,111.359375,111.359375,111.40625,110.921875,111.046875,207993.0,2025-03-03 10:00:00-05:00
2025-03-03 15:15:00+00:00,111.296875,111.296875,111.40625,111.265625,111.375,105345.0,2025-03-03 10:15:00-05:00
2025-03-03 15:30:00+00:00,111.296875,111.296875,111.359375,111.234375,111.3125,81629.0,2025-03-03 10:30:00-05:00
2025-03-03 15:45:00+00:00,111.265625,111.265625,111.3125,111.21875,111.296875,66327.0,2025-03-03 10:45:00-05:00
2025-03-03 16:00:00+00:00,111.203125,111.203125,111.265625,111.15625,111.25,58436.0,2025-03-03 11:00:00-05:00
2025-03-03 16:15:00+00:00,111.34375,111.34375,111.34375,111.203125,111.203125,58628.0,2025-03-03 11:15:00-05:00
2025-03-03 16:30:00+00:00,111.328125,111.328125,111.375,111.28125,111.328125,57833.0,2025-03-03 11:30:00-05:00
2025-03-03 16:45:00+00:00,111.296875,111.296875,111.328125,111.21875,111.328125,53486.0,2025-03-03 11:45:00-05:00
2025-03-03 17:00:00+00:00,111.28125,111.28125,111.3125,111.234375,111.296875,43174.0,2025-03-03 12:00:00-05:00
2025-03-03 17:15:00+00:00,111.234375,111.234375,111.3125,111.203125,111.28125,23598.0,2025-03-03 12:15:00-05:00
2025-03-03 17:30:00+00:00,111.296875,111.296875,111.3125,111.203125,111.234375,24647.0,2025-03-03 12:30:00-05:00
2025-03-03 17:45:00+00:00,111.34375,111.34375,111.359375,111.265625,111.3125,32678.0,2025-03-03 12:45:00-05:00
2025-03-03 18:00:00+00:00,111.40625,111.40625,111.4375,111.28125,111.34375,37279.0,2025-03-03 13:00:00-05:00
2025-03-03 18:15:00+00:00,111.4375,111.4375,111.4375,111.359375,111.421875,51700.0,2025-03-03 13:15:00-05:00
2025-03-03 18:30:00+00:00,111.421875,111.421875,111.46875,111.390625,111.40625,45008.0,2025-03-03 13:30:00-05:00
2025-03-03 18:45:00+00:00,111.390625,111.390625,111.453125,111.34375,111.421875,53942.0,2025-03-03 13:45:00-05:00
2025-03-03 19:00:00+00:00,111.390625,111.390625,111.40625,111.3125,111.375,31915.0,2025-03-03 14:00:00-05:00
2025-03-03 19:15:00+00:00,111.375,111.375,111.421875,111.328125,111.40625,27344.0,2025-03-03 14:15:00-05:00
2025-03-03 19:30:00+00:00,111.34375,111.34375,111.375,111.296875,111.359375,26753.0,2025-03-03 14:30:00-05:00
2025-03-03 19:45:00+00:00,111.40625,111.40625,111.453125,111.296875,111.359375,147530.0,2025-03-03 14:45:00-05:00
2025-03-03 20:00:00+00:00,111.46875,111.46875,111.484375,111.359375,111.40625,78791.0,2025-03-03 15:00:00-05:00
2025-03-03 20:15:00+00:00,111.53125,111.53125,111.546875,111.453125,111.484375,2353248.0,2025-03-03 15:15:00-05:00
2025-03-03 20:30:00+00:00,111.640625,111.640625,111.65625,111.46875,111.53125,2413695.0,2025-03-03 15:30:00-05:00
2025-03-03 20:45:00+00:00,111.5625,111.5625,111.65625,111.5,111.65625,92154.0,2025-03-03 15:45:00-05:00
2025-03-03 21:00:00+00:00,111.546875,111.546875,111.578125,111.46875,111.578125,33551.0,2025-03-03 16:00:00-05:00
2025-03-03 21:15:00+00:00,111.53125,111.53125,111.546875,111.46875,111.53125,21965.0,2025-03-03 16:15:00-05:00
2025-03-03 21:30:00+00:00,111.5625,111.5625,111.578125,111.46875,111.53125,21994.0,2025-03-03 16:30:00-05:00
2025-03-03 21:45:00+00:00,111.5625,111.5625,111.59375,111.546875,111.546875,36825.0,2025-03-03 16:45:00-05:00
2025-03-03 23:00:00+00:00,111.578125,111.578125,111.59375,111.53125,111.5625,1918.0,2025-03-03 18:00:00-05:00
2025-03-03 23:15:00+00:00,111.59375,111.59375,111.59375,111.53125,111.546875,1448.0,2025-03-03 18:15:00-05:00
2025-03-03 23:30:00+00:00,111.640625,111.640625,111.65625,111.5625,111.578125,10719.0,2025-03-03 18:30:00-05:00
2025-03-03 23:45:00+00:00,111.671875,111.671875,111.703125,111.59375,111.640625,10476.0,2025-03-03 18:45:00-05:00
2025-03-04 00:00:00+00:00,111.734375,111.734375,111.734375,111.640625,111.671875,9156.0,2025-03-03 19:00:00-05:00
2025-03-04 00:15:00+00:00,111.78125,111.78125,111.796875,111.640625,111.734375,61185.0,2025-03-03 19:15:00-05:00
2025-03-04 00:30:00+00:00,111.859375,111.859375,111.859375,111.71875,111.78125,83297.0,2025-03-03 19:30:00-05:00
2025-03-04 00:45:00+00:00,111.796875,111.796875,111.890625,111.78125,111.859375,24844.0,2025-03-03 19:45:00-05:00
2025-03-04 01:00:00+00:00,111.8125,111.8125,111.828125,111.71875,111.78125,17020.0,2025-03-03 20:00:00-05:00
2025-03-04 01:15:00+00:00,111.84375,111.84375,111.84375,111.734375,111.8125,10268.0,2025-03-03 20:15:00-05:00
2025-03-04 01:30:00+00:00,111.8125,111.8125,111.890625,111.796875,111.84375,9985.0,2025-03-03 20:30:00-05:00
2025-03-04 01:45:00+00:00,111.828125,111.828125,111.859375,111.78125,111.8125,159430.0,2025-03-03 20:45:00-05:00
2025-03-04 02:00:00+00:00,111.765625,111.765625,111.84375,111.734375,111.828125,9154.0,2025-03-03 21:00:00-05:00
2025-03-04 02:15:00+00:00,111.75,111.75,111.765625,111.71875,111.765625,176215.0,2025-03-03 21:15:00-05:00
2025-03-04 02:30:00+00:00,111.703125,111.703125,111.75,111.640625,111.734375,11305.0,2025-03-03 21:30:00-05:00
2025-03-04 02:45:00+00:00,111.6875,111.6875,111.703125,111.640625,111.703125,8743.0,2025-03-03 21:45:00-05:00
2025-03-04 03:00:00+00:00,111.6875,111.6875,111.734375,111.640625,111.6875,11205.0,2025-03-03 22:00:00-05:00
2025-03-04 03:15:00+00:00,111.6875,111.6875,111.703125,111.65625,111.6875,6493.0,2025-03-03 22:15:00-05:00
2025-03-04 03:30:00+00:00,111.671875,111.671875,111.6875,111.609375,111.671875,15482.0,2025-03-03 22:30:00-05:00
2025-03-04 03:45:00+00:00,111.65625,111.65625,111.6875,111.625,111.671875,4838.0,2025-03-03 22:45:00-05:00
2025-03-04 04:00:00+00:00,111.671875,111.671875,111.6875,111.640625,111.671875,4001.0,2025-03-03 23:00:00-05:00
2025-03-04 04:15:00+00:00,111.65625,111.65625,111.6875,111.625,111.671875,3879.0,2025-03-03 23:15:00-05:00
2025-03-04 04:30:00+00:00,111.703125,111.703125,111.71875,111.640625,111.671875,248652.0,2025-03-03 23:30:00-05:00
2025-03-04 04:45:00+00:00,111.671875,111.671875,111.703125,111.640625,111.703125,3413.0,2025-03-03 23:45:00-05:00
2025-03-04 05:00:00+00:00,111.640625,111.640625,111.703125,111.59375,111.6875,12147.0,2025-03-04 00:00:00-05:00
2025-03-04 05:15:00+00:00,111.625,111.625,111.65625,111.59375,111.625,5599.0,2025-03-04 00:15:00-05:00
2025-03-04 05:30:00+00:00,111.640625,111.640625,111.640625,111.609375,111.640625,3348.0,2025-03-04 00:30:00-05:00
2025-03-04 05:45:00+00:00,111.59375,111.59375,111.65625,111.578125,111.640625,4247.0,2025-03-04 00:45:00-05:00
2025-03-04 06:00:00+00:00,111.59375,111.59375,111.625,111.5625,111.59375,4734.0,2025-03-04 01:00:00-05:00
2025-03-04 06:15:00+00:00,111.546875,111.546875,111.609375,111.546875,111.59375,1823.0,2025-03-04 01:15:00-05:00
2025-03-04 06:30:00+00:00,111.625,111.625,111.625,111.5625,111.578125,300143.0,2025-03-04 01:30:00-05:00
2025-03-04 06:45:00+00:00,111.578125,111.578125,111.625,111.546875,111.609375,7985.0,2025-03-04 01:45:00-05:00
2025-03-04 07:00:00+00:00,111.6875,111.6875,111.703125,111.546875,111.578125,14991.0,2025-03-04 02:00:00-05:00
2025-03-04 07:15:00+00:00,111.75,111.75,111.75,111.625,111.6875,19674.0,2025-03-04 02:15:00-05:00
2025-03-04 07:30:00+00:00,111.453125,111.453125,111.75,111.390625,111.75,96454.0,2025-03-04 02:30:00-05:00
2025-03-04 07:45:00+00:00,111.5,111.5,111.546875,111.421875,111.4375,37674.0,2025-03-04 02:45:00-05:00
2025-03-04 08:00:00+00:00,111.59375,111.59375,111.65625,111.453125,111.484375,44371.0,2025-03-04 03:00:00-05:00
2025-03-04 08:15:00+00:00,111.578125,111.578125,111.609375,111.5,111.609375,28639.0,2025-03-04 03:15:00-05:00
2025-03-04 08:30:00+00:00,111.46875,111.46875,111.5625,111.421875,111.53125,56526.0,2025-03-04 03:30:00-05:00
2025-03-04 08:45:00+00:00,111.53125,111.53125,111.5625,111.421875,111.453125,32300.0,2025-03-04 03:45:00-05:00
2025-03-04 09:00:00+00:00,111.515625,111.515625,111.578125,111.484375,111.53125,19135.0,2025-03-04 04:00:00-05:00
2025-03-04 09:15:00+00:00,111.625,111.625,111.625,111.515625,111.53099822998048,30029.0,2025-03-04 04:15:00-05:00
2025-03-04 09:30:00+00:00,111.5625,111.5625,111.625,111.53125,111.609375,22316.0,2025-03-04 04:30:00-05:00
2025-03-04 09:45:00+00:00,111.546875,111.546875,111.578125,111.515625,111.546875,14806.0,2025-03-04 04:45:00-05:00
2025-03-04 10:00:00+00:00,111.578125,111.578125,111.59375,111.53125,111.546875,19743.0,2025-03-04 05:00:00-05:00
2025-03-04 10:15:00+00:00,111.578125,111.578125,111.59375,111.53125,111.578125,17559.0,2025-03-04 05:15:00-05:00
2025-03-04 10:30:00+00:00,111.5625,111.5625,111.59375,111.53125,111.578125,21433.0,2025-03-04 05:30:00-05:00
2025-03-04 10:45:00+00:00,111.546875,111.546875,111.5625,111.5,111.5625,22477.0,2025-03-04 05:45:00-05:00
2025-03-04 11:00:00+00:00,111.546875,111.546875,111.5625,111.484375,111.546875,828266.0,2025-03-04 06:00:00-05:00
2025-03-04 11:15:00+00:00,111.53125,111.53125,111.578125,111.515625,111.546875,15463.0,2025-03-04 06:15:00-05:00
2025-03-04 11:30:00+00:00,111.515625,111.515625,111.578125,111.5,111.53125,17245.0,2025-03-04 06:30:00-05:00
2025-03-04 11:45:00+00:00,111.546875,111.546875,111.546875,111.5,111.515625,17359.0,2025-03-04 06:45:00-05:00
2025-03-04 12:00:00+00:00,111.71875,111.71875,111.71875,111.5625,111.5625,44294.0,2025-03-04 07:00:00-05:00
2025-03-04 12:15:00+00:00,111.8125,111.8125,111.8125,111.671875,111.71875,50461.0,2025-03-04 07:15:00-05:00
2025-03-04 12:30:00+00:00,111.703125,111.703125,111.8125,111.65625,111.8125,35170.0,2025-03-04 07:30:00-05:00
2025-03-04 12:45:00+00:00,111.703125,111.703125,111.734375,111.640625,111.71875,26263.0,2025-03-04 07:45:00-05:00
2025-03-04 13:00:00+00:00,111.671875,111.671875,111.734375,111.625,111.6875,60866.0,2025-03-04 08:00:00-05:00
2025-03-04 13:15:00+00:00,111.765625,111.765625,111.78125,111.65625,111.671875,51305.0,2025-03-04 08:15:00-05:00
2025-03-04 13:30:00+00:00,111.734375,111.734375,111.78125,111.6875,111.765625,1180861.0,2025-03-04 08:30:00-05:00
2025-03-04 13:45:00+00:00,111.8125,111.8125,111.8125,111.703125,111.765625,1258014.0,2025-03-04 08:45:00-05:00
2025-03-04 14:00:00+00:00,111.640625,111.640625,111.8125,111.609375,111.8125,90033.0,2025-03-04 09:00:00-05:00
2025-03-04 14:15:00+00:00,111.765625,111.765625,111.765625,111.609375,111.640625,84992.0,2025-03-04 09:15:00-05:00
2025-03-04 14:30:00+00:00,111.796875,111.796875,111.84375,111.71875,111.71875,134452.0,2025-03-04 09:30:00-05:00
2025-03-04 14:45:00+00:00,111.765625,111.765625,111.828125,111.6875,111.796875,84136.0,2025-03-04 09:45:00-05:00
2025-03-04 15:00:00+00:00,111.953125,111.953125,111.96875,111.765625,111.765625,136544.0,2025-03-04 10:00:00-05:00
2025-03-04 15:15:00+00:00,111.890625,111.890625,112.03125,111.796875,111.953125,1900966.0,2025-03-04 10:15:00-05:00
2025-03-04 15:30:00+00:00,111.703125,111.703125,111.890625,111.640625,111.875,116652.0,2025-03-04 10:30:00-05:00
2025-03-04 15:45:00+00:00,111.765625,111.765625,111.796875,111.640625,111.703125,90215.0,2025-03-04 10:45:00-05:00
2025-03-04 16:00:00+00:00,111.796875,111.796875,111.90625,111.71875,111.765625,69446.0,2025-03-04 11:00:00-05:00
2025-03-04 16:15:00+00:00,111.8125,111.8125,111.828125,111.671875,111.796875,59909.0,2025-03-04 11:15:00-05:00
2025-03-04 16:30:00+00:00,111.5625,111.5625,111.8125,111.5625,111.8125,51846.0,2025-03-04 11:30:00-05:00
2025-03-04 16:45:00+00:00,111.5625,111.5625,111.640625,111.515625,111.609375,2388103.0,2025-03-04 11:45:00-05:00
2025-03-04 17:00:00+00:00,111.59375,111.59375,111.640625,111.515625,111.546875,38206.0,2025-03-04 12:00:00-05:00
2025-03-04 17:15:00+00:00,111.46875,111.46875,111.59375,111.4375,111.59375,65262.0,2025-03-04 12:15:00-05:00
2025-03-04 17:30:00+00:00,111.609375,111.609375,111.609375,111.453125,111.484375,67422.0,2025-03-04 12:30:00-05:00
2025-03-04 17:45:00+00:00,111.5625,111.5625,111.625,111.5,111.59375,32804.0,2025-03-04 12:45:00-05:00
2025-03-04 18:00:00+00:00,111.34375,111.34375,111.609375,111.28125,111.5625,138174.0,2025-03-04 13:00:00-05:00
2025-03-04 18:15:00+00:00,111.375,111.375,111.453125,111.296875,111.34375,80828.0,2025-03-04 13:15:00-05:00
2025-03-04 18:30:00+00:00,111.390625,111.390625,111.421875,111.328125,111.375,61153.0,2025-03-04 13:30:00-05:00
2025-03-04 18:45:00+00:00,111.359375,111.359375,111.421875,111.296875,111.390625,40910.0,2025-03-04 13:45:00-05:00
2025-03-04 19:00:00+00:00,111.265625,111.265625,111.375,111.25,111.34375,75000.0,2025-03-04 14:00:00-05:00
2025-03-04 19:15:00+00:00,111.28125,111.28125,111.328125,111.203125,111.265625,81298.0,2025-03-04 14:15:00-05:00
2025-03-04 19:30:00+00:00,111.25,111.25,111.359375,111.234375,111.28125,50487.0,2025-03-04 14:30:00-05:00
2025-03-04 19:45:00+00:00,111.25,111.25,111.28125,111.203125,111.25,78582.0,2025-03-04 14:45:00-05:00
2025-03-04 20:00:00+00:00,111.28125,111.28125,111.328125,111.25,111.265625,47819.0,2025-03-04 15:00:00-05:00
2025-03-04 20:15:00+00:00,111.21875,111.21875,111.28125,111.125,111.28125,61276.0,2025-03-04 15:15:00-05:00
2025-03-04 20:30:00+00:00,111.296875,111.296875,111.3125,111.203125,111.21875,61880.0,2025-03-04 15:30:00-05:00
2025-03-04 20:45:00+00:00,111.3125,111.3125,111.375,111.265625,111.28125,65515.0,2025-03-04 15:45:00-05:00
2025-03-04 21:00:00+00:00,111.1875,111.1875,111.328125,111.171875,111.328125,52318.0,2025-03-04 16:00:00-05:00
2025-03-04 21:15:00+00:00,111.0,111.0,111.203125,110.9375,111.203125,116338.0,2025-03-04 16:15:00-05:00
2025-03-04 21:30:00+00:00,111.0,111.0,111.046875,110.96875,111.0,41546.0,2025-03-04 16:30:00-05:00
2025-03-04 21:45:00+00:00,110.96875,110.96875,111.015625,110.953125,111.0,24774.0,2025-03-04 16:45:00-05:00
2025-03-04 23:00:00+00:00,110.953125,110.953125,110.953125,110.890625,110.90625,1269.0,2025-03-04 18:00:00-05:00
2025-03-04 23:15:00+00:00,111.0,111.0,111.03125,110.953125,110.953125,7297.0,2025-03-04 18:15:00-05:00
2025-03-04 23:30:00+00:00,111.015625,111.015625,111.03125,110.984375,111.015625,6356.0,2025-03-04 18:30:00-05:00
2025-03-04 23:45:00+00:00,111.0625,111.0625,111.09375,111.03125,111.03125,12366.0,2025-03-04 18:45:00-05:00
2025-03-05 00:00:00+00:00,111.09375,111.09375,111.125,111.046875,111.0625,7148.0,2025-03-04 19:00:00-05:00
2025-03-05 00:15:00+00:00,111.125,111.125,111.171875,111.09375,111.109375,9386.0,2025-03-04 19:15:00-05:00
2025-03-05 00:30:00+00:00,111.078125,111.078125,111.15625,111.078125,111.125,11556.0,2025-03-04 19:30:00-05:00
2025-03-05 00:45:00+00:00,111.046875,111.046875,111.109375,111.046875,111.0625,5860.0,2025-03-04 19:45:00-05:00
2025-03-05 01:00:00+00:00,111.09375,111.09375,111.109375,111.03125,111.0625,8732.0,2025-03-04 20:00:00-05:00
2025-03-05 01:15:00+00:00,110.90625,110.90625,111.09375,110.84375,111.09375,58437.0,2025-03-04 20:15:00-05:00
2025-03-05 01:30:00+00:00,110.890625,110.890625,110.984375,110.875,110.90625,34575.0,2025-03-04 20:30:00-05:00
2025-03-05 01:45:00+00:00,110.9375,110.9375,110.96875,110.890625,110.90625,7796.0,2025-03-04 20:45:00-05:00
2025-03-05 02:00:00+00:00,110.96875,110.96875,110.984375,110.90625,110.953125,9278.0,2025-03-04 21:00:00-05:00
2025-03-05 02:15:00+00:00,110.96875,110.96875,111.0,110.9375,110.96875,8062.0,2025-03-04 21:15:00-05:00
2025-03-05 02:30:00+00:00,110.96875,110.96875,110.984375,110.9375,110.96875,5839.0,2025-03-04 21:30:00-05:00
2025-03-05 02:45:00+00:00,110.984375,110.984375,110.984375,110.921875,110.96875,5485.0,2025-03-04 21:45:00-05:00
2025-03-05 03:00:00+00:00,110.984375,110.984375,111.046875,110.96875,110.984375,13883.0,2025-03-04 22:00:00-05:00
2025-03-05 03:15:00+00:00,111.0,111.0,111.015625,110.984375,111.0,2167.0,2025-03-04 22:15:00-05:00
2025-03-05 03:30:00+00:00,110.953125,110.953125,111.015625,110.9375,111.015625,7388.0,2025-03-04 22:30:00-05:00
2025-03-05 03:45:00+00:00,110.953125,110.953125,110.953125,110.90625,110.953125,244881.0,2025-03-04 22:45:00-05:00
2025-03-05 04:00:00+00:00,111.03125,111.03125,111.046875,110.953125,110.953125,16018.0,2025-03-04 23:00:00-05:00
2025-03-05 04:15:00+00:00,111.078125,111.078125,111.078125,111.015625,111.046875,6061.0,2025-03-04 23:15:00-05:00
2025-03-05 04:30:00+00:00,111.09375,111.09375,111.09375,111.046875,111.078125,6567.0,2025-03-04 23:30:00-05:00
2025-03-05 04:45:00+00:00,111.109375,111.109375,111.109375,111.078125,111.09375,7148.0,2025-03-04 23:45:00-05:00
2025-03-05 05:00:00+00:00,111.0625,111.0625,111.09375,111.046875,111.09375,5188.0,2025-03-05 00:00:00-05:00
2025-03-05 05:15:00+00:00,111.109375,111.109375,111.109375,111.078125,111.078125,3725.0,2025-03-05 00:15:00-05:00
2025-03-05 05:30:00+00:00,111.09375,111.09375,111.109375,111.078125,111.09375,915.0,2025-03-05 00:30:00-05:00
2025-03-05 05:45:00+00:00,111.0625,111.0625,111.09375,111.046875,111.078125,3034.0,2025-03-05 00:45:00-05:00
2025-03-05 06:00:00+00:00,111.0625,111.0625,111.078125,111.046875,111.0625,5054.0,2025-03-05 01:00:00-05:00
2025-03-05 06:15:00+00:00,111.109375,111.109375,111.125,111.046875,111.0625,6999.0,2025-03-05 01:15:00-05:00
2025-03-05 06:30:00+00:00,111.09375,111.09375,111.125,111.078125,111.109375,9300.0,2025-03-05 01:30:00-05:00
2025-03-05 06:45:00+00:00,111.078125,111.078125,111.109375,111.046875,111.09375,8818.0,2025-03-05 01:45:00-05:00
2025-03-05 07:00:00+00:00,111.03125,111.03125,111.078125,111.0,111.078125,18311.0,2025-03-05 02:00:00-05:00
2025-03-05 07:15:00+00:00,110.953125,110.953125,111.046875,110.9375,111.03125,13760.0,2025-03-05 02:15:00-05:00
2025-03-05 07:30:00+00:00,110.921875,110.921875,110.96875,110.890625,110.953125,27317.0,2025-03-05 02:30:00-05:00
2025-03-05 07:45:00+00:00,111.015625,111.015625,111.015625,110.921875,110.921875,21676.0,2025-03-05 02:45:00-05:00
2025-03-05 08:00:00+00:00,111.03125,111.03125,111.09375,110.984375,111.015625,25550.0,2025-03-05 03:00:00-05:00
2025-03-05 08:15:00+00:00,111.046875,111.046875,111.0625,110.96875,111.015625,23404.0,2025-03-05 03:15:00-05:00
2025-03-05 08:30:00+00:00,111.140625,111.140625,111.15625,111.03125,111.0625,39904.0,2025-03-05 03:30:00-05:00
2025-03-05 08:45:00+00:00,111.140625,111.140625,111.140625,111.09375,111.140625,18901.0,2025-03-05 03:45:00-05:00
2025-03-05 09:00:00+00:00,111.15625,111.15625,111.171875,111.09375,111.140625,29051.0,2025-03-05 04:00:00-05:00
2025-03-05 09:15:00+00:00,111.0625,111.0625,111.171875,111.03125,111.15625,27926.0,2025-03-05 04:15:00-05:00
2025-03-05 09:30:00+00:00,111.046875,111.046875,111.078125,111.0,111.0625,11559.0,2025-03-05 04:30:00-05:00
2025-03-05 09:45:00+00:00,111.03125,111.03125,111.0625,110.984375,111.03125,14953.0,2025-03-05 04:45:00-05:00
2025-03-05 10:00:00+00:00,110.984375,110.984375,111.015625,110.921875,111.015625,21078.0,2025-03-05 05:00:00-05:00
2025-03-05 10:15:00+00:00,111.046875,111.046875,111.0625,110.96875,110.96875,24579.0,2025-03-05 05:15:00-05:00
2025-03-05 10:30:00+00:00,110.984375,110.984375,111.046875,110.953125,111.046875,13545.0,2025-03-05 05:30:00-05:00
2025-03-05 10:45:00+00:00,111.03125,111.03125,111.03125,110.9375,110.984375,9703.0,2025-03-05 05:45:00-05:00
2025-03-05 11:00:00+00:00,111.0,111.0,111.046875,110.96875,111.046875,10062.0,2025-03-05 06:00:00-05:00
2025-03-05 11:15:00+00:00,111.046875,111.046875,111.09375,111.0,111.01599884033203,19838.0,2025-03-05 06:15:00-05:00
2025-03-05 11:30:00+00:00,111.109375,111.109375,111.140625,111.0,111.046875,30087.0,2025-03-05 06:30:00-05:00
2025-03-05 11:45:00+00:00,111.15625,111.15625,111.203125,111.0625,111.109375,31678.0,2025-03-05 06:45:00-05:00
2025-03-05 12:00:00+00:00,111.203125,111.203125,111.21875,111.09375,111.15625,781803.0,2025-03-05 07:00:00-05:00
2025-03-05 12:15:00+00:00,111.140625,111.140625,111.25,111.125,111.203125,31448.0,2025-03-05 07:15:00-05:00
2025-03-05 12:30:00+00:00,111.09375,111.09375,111.15625,111.046875,111.15625,31312.0,2025-03-05 07:30:00-05:00
2025-03-05 12:45:00+00:00,111.0625,111.0625,111.15625,111.015625,111.109375,34641.0,2025-03-05 07:45:00-05:00
2025-03-05 13:00:00+00:00,111.015625,111.015625,111.078125,110.890625,111.078125,78347.0,2025-03-05 08:00:00-05:00
2025-03-05 13:15:00+00:00,111.28125,111.28125,111.296875,111.046875,111.046875,118053.0,2025-03-05 08:15:00-05:00
2025-03-05 13:30:00+00:00,111.25,111.25,111.328125,111.21875,111.28125,71758.0,2025-03-05 08:30:00-05:00
2025-03-05 13:45:00+00:00,111.328125,111.328125,111.390625,111.25,111.25,84446.0,2025-03-05 08:45:00-05:00
2025-03-05 14:00:00+00:00,111.3125,111.3125,111.421875,111.28125,111.328125,66203.0,2025-03-05 09:00:00-05:00
2025-03-05 14:15:00+00:00,111.359375,111.359375,111.390625,111.25,111.3125,47198.0,2025-03-05 09:15:00-05:00
2025-03-05 14:30:00+00:00,111.421875,111.421875,111.4375,111.296875,111.34375,78772.0,2025-03-05 09:30:00-05:00
2025-03-05 14:45:00+00:00,111.4375,111.4375,111.46875,111.3125,111.421875,91732.0,2025-03-05 09:45:00-05:00
2025-03-05 15:00:00+00:00,111.15625,111.15625,111.421875,111.0,111.421875,227075.0,2025-03-05 10:00:00-05:00
2025-03-05 15:15:00+00:00,111.15625,111.15625,111.234375,111.09375,111.15625,113494.0,2025-03-05 10:15:00-05:00
2025-03-05 15:30:00+00:00,111.046875,111.046875,111.1875,111.03125,111.125,75019.0,2025-03-05 10:30:00-05:00
2025-03-05 15:45:00+00:00,110.90625,110.90625,111.046875,110.875,111.046875,94013.0,2025-03-05 10:45:00-05:00
2025-03-05 16:00:00+00:00,111.0625,111.0625,111.109375,110.90625,110.90625,87267.0,2025-03-05 11:00:00-05:00
2025-03-05 16:15:00+00:00,111.171875,111.171875,111.203125,111.03125,111.0625,61477.0,2025-03-05 11:15:00-05:00
2025-03-05 16:30:00+00:00,111.203125,111.203125,111.21875,111.09375,111.171875,60287.0,2025-03-05 11:30:00-05:00
2025-03-05 16:45:00+00:00,111.0,111.0,111.203125,110.921875,111.1875,2365479.0,2025-03-05 11:45:00-05:00
2025-03-05 17:00:00+00:00,111.03125,111.03125,111.109375,110.953125,111.015625,61201.0,2025-03-05 12:00:00-05:00
2025-03-05 17:15:00+00:00,110.984375,110.984375,111.03125,110.921875,111.015625,44177.0,2025-03-05 12:15:00-05:00
2025-03-05 17:30:00+00:00,110.953125,110.953125,111.015625,110.90625,111.0,40622.0,2025-03-05 12:30:00-05:00
2025-03-05 17:45:00+00:00,110.84375,110.84375,110.96875,110.8125,110.96875,76211.0,2025-03-05 12:45:00-05:00
2025-03-05 18:00:00+00:00,110.875,110.875,110.96875,110.796875,110.84375,87501.0,2025-03-05 13:00:00-05:00
2025-03-05 18:15:00+00:00,110.828125,110.828125,110.90625,110.796875,110.859375,49860.0,2025-03-05 13:15:00-05:00
2025-03-05 18:30:00+00:00,110.921875,110.921875,110.9375,110.828125,110.84375,52819.0,2025-03-05 13:30:00-05:00
2025-03-05 18:45:00+00:00,110.84375,110.84375,110.90625,110.828125,110.90625,49507.0,2025-03-05 13:45:00-05:00
2025-03-05 19:00:00+00:00,110.78125,110.78125,110.875,110.75,110.84375,80411.0,2025-03-05 14:00:00-05:00
2025-03-05 19:15:00+00:00,110.796875,110.796875,110.8125,110.734375,110.78125,47672.0,2025-03-05 14:15:00-05:00
2025-03-05 19:30:00+00:00,110.796875,110.796875,110.828125,110.765625,110.78125,37406.0,2025-03-05 14:30:00-05:00
2025-03-05 19:45:00+00:00,110.875,110.875,110.890625,110.796875,110.8125,130227.0,2025-03-05 14:45:00-05:00
2025-03-05 20:00:00+00:00,110.8125,110.8125,110.890625,110.765625,110.859375,66931.0,2025-03-05 15:00:00-05:00
2025-03-05 20:15:00+00:00,110.765625,110.765625,110.828125,110.75,110.8125,55826.0,2025-03-05 15:15:00-05:00
2025-03-05 20:30:00+00:00,110.78125,110.78125,110.796875,110.75,110.765625,25251.0,2025-03-05 15:30:00-05:00
2025-03-05 20:45:00+00:00,110.765625,110.765625,110.84375,110.75,110.78125,44837.0,2025-03-05 15:45:00-05:00
2025-03-05 21:00:00+00:00,110.6875,110.6875,110.78125,110.6875,110.765625,53707.0,2025-03-05 16:00:00-05:00
2025-03-05 21:15:00+00:00,110.734375,110.734375,110.75,110.671875,110.6875,26470.0,2025-03-05 16:15:00-05:00
2025-03-05 21:30:00+00:00,110.78125,110.78125,110.78125,110.734375,110.75,22800.0,2025-03-05 16:30:00-05:00
2025-03-05 21:45:00+00:00,110.75,110.75,110.78125,110.734375,110.765625,5775.0,2025-03-05 16:45:00-05:00
2025-03-05 23:00:00+00:00,110.75,110.75,110.78125,110.734375,110.75,6735.0,2025-03-05 18:00:00-05:00
2025-03-05 23:15:00+00:00,110.734375,110.734375,110.765625,110.71875,110.765625,2452.0,2025-03-05 18:15:00-05:00
2025-03-05 23:30:00+00:00,110.6875,110.6875,110.75,110.65625,110.75,7893.0,2025-03-05 18:30:00-05:00
2025-03-05 23:45:00+00:00,110.671875,110.671875,110.703125,110.65625,110.6875,4180.0,2025-03-05 18:45:00-05:00
2025-03-06 00:00:00+00:00,110.609375,110.609375,110.6875,110.59375,110.6875,9320.0,2025-03-05 19:00:00-05:00
2025-03-06 00:15:00+00:00,110.5625,110.5625,110.609375,110.5,110.609375,19488.0,2025-03-05 19:15:00-05:00
2025-03-06 00:30:00+00:00,110.578125,110.578125,110.59375,110.5625,110.578125,5353.0,2025-03-05 19:30:00-05:00
2025-03-06 00:45:00+00:00,110.53125,110.53125,110.578125,110.515625,110.578125,11194.0,2025-03-05 19:45:00-05:00
2025-03-06 01:00:00+00:00,110.546875,110.546875,110.546875,110.484375,110.53125,9221.0,2025-03-05 20:00:00-05:00
2025-03-06 01:15:00+00:00,110.5625,110.5625,110.578125,110.53125,110.546875,5897.0,2025-03-05 20:15:00-05:00
2025-03-06 01:30:00+00:00,110.59375,110.59375,110.59375,110.53125,110.5625,6250.0,2025-03-05 20:30:00-05:00
2025-03-06 01:45:00+00:00,110.5625,110.5625,110.59375,110.546875,110.578125,3996.0,2025-03-05 20:45:00-05:00
2025-03-06 02:00:00+00:00,110.53125,110.53125,110.5625,110.5,110.546875,8407.0,2025-03-05 21:00:00-05:00
2025-03-06 02:15:00+00:00,110.453125,110.453125,110.53125,110.4375,110.515625,17775.0,2025-03-05 21:15:00-05:00
2025-03-06 02:30:00+00:00,110.484375,110.484375,110.484375,110.421875,110.4375,13363.0,2025-03-05 21:30:00-05:00
2025-03-06 02:45:00+00:00,110.5,110.5,110.515625,110.46875,110.484375,6657.0,2025-03-05 21:45:00-05:00
2025-03-06 03:00:00+00:00,110.484375,110.484375,110.5,110.453125,110.484375,4409.0,2025-03-05 22:00:00-05:00
2025-03-06 03:15:00+00:00,110.453125,110.453125,110.5,110.453125,110.484375,2709.0,2025-03-05 22:15:00-05:00
2025-03-06 03:30:00+00:00,110.46875,110.46875,110.515625,110.453125,110.46875,5932.0,2025-03-05 22:30:00-05:00
2025-03-06 03:45:00+00:00,110.46875,110.46875,110.484375,110.453125,110.46875,3666.0,2025-03-05 22:45:00-05:00
2025-03-06 04:00:00+00:00,110.453125,110.453125,110.484375,110.4375,110.46875,5260.0,2025-03-05 23:00:00-05:00
2025-03-06 04:15:00+00:00,110.453125,110.453125,110.46875,110.453125,110.453125,3571.0,2025-03-05 23:15:00-05:00
2025-03-06 04:30:00+00:00,110.46875,110.46875,110.46875,110.453125,110.453125,683.0,2025-03-05 23:30:00-05:00
2025-03-06 04:45:00+00:00,110.46875,110.46875,110.46875,110.453125,110.453125,69.0,2025-03-05 23:45:00-05:00
2025-03-06 05:00:00+00:00,110.46875,110.46875,110.46875,110.4375,110.453125,5001.0,2025-03-06 00:00:00-05:00
2025-03-06 05:15:00+00:00,110.46875,110.46875,110.484375,110.453125,110.453125,4959.0,2025-03-06 00:15:00-05:00
2025-03-06 05:30:00+00:00,110.453125,110.453125,110.484375,110.453125,110.46875,4311.0,2025-03-06 00:30:00-05:00
2025-03-06 05:45:00+00:00,110.46875,110.46875,110.484375,110.453125,110.453125,5595.0,2025-03-06 00:45:00-05:00
2025-03-06 06:00:00+00:00,110.515625,110.515625,110.53125,110.46875,110.46875,7188.0,2025-03-06 01:00:00-05:00
2025-03-06 06:15:00+00:00,110.5,110.5,110.53125,110.484375,110.53125,10602.0,2025-03-06 01:15:00-05:00
2025-03-06 06:30:00+00:00,110.53125,110.53125,110.546875,110.484375,110.515625,8935.0,2025-03-06 01:30:00-05:00
2025-03-06 06:45:00+00:00,110.53125,110.53125,110.546875,110.5,110.53125,9758.0,2025-03-06 01:45:00-05:00
2025-03-06 07:00:00+00:00,110.53125,110.53125,110.546875,110.484375,110.53125,11930.0,2025-03-06 02:00:00-05:00
2025-03-06 07:15:00+00:00,110.5,110.5,110.53125,110.484375,110.53125,11661.0,2025-03-06 02:15:00-05:00
2025-03-06 07:30:00+00:00,110.484375,110.484375,110.515625,110.4375,110.5,16010.0,2025-03-06 02:30:00-05:00
2025-03-06 07:45:00+00:00,110.4375,110.4375,110.5,110.390625,110.484375,30423.0,2025-03-06 02:45:00-05:00
2025-03-06 08:00:00+00:00,110.5,110.5,110.53125,110.40625,110.4375,29779.0,2025-03-06 03:00:00-05:00
2025-03-06 08:15:00+00:00,110.515625,110.515625,110.5625,110.453125,110.5,27748.0,2025-03-06 03:15:00-05:00
2025-03-06 08:30:00+00:00,110.5625,110.5625,110.578125,110.5,110.53125,24702.0,2025-03-06 03:30:00-05:00
2025-03-06 08:45:00+00:00,110.515625,110.515625,110.578125,110.5,110.5625,22567.0,2025-03-06 03:45:00-05:00
2025-03-06 09:00:00+00:00,110.5625,110.5625,110.5625,110.515625,110.515625,20182.0,2025-03-06 04:00:00-05:00
2025-03-06 09:15:00+00:00,110.609375,110.609375,110.625,110.546875,110.5625,34832.0,2025-03-06 04:15:00-05:00
2025-03-06 09:30:00+00:00,110.640625,110.640625,110.640625,110.59375,110.609375,17895.0,2025-03-06 04:30:00-05:00
2025-03-06 09:45:00+00:00,110.625,110.625,110.640625,110.59375,110.640625,23149.0,2025-03-06 04:45:00-05:00
2025-03-06 10:00:00+00:00,110.640625,110.640625,110.6875,110.609375,110.640625,18804.0,2025-03-06 05:00:00-05:00
2025-03-06 10:15:00+00:00,110.640625,110.640625,110.65625,110.59375,110.640625,8709.0,2025-03-06 05:15:00-05:00
2025-03-06 10:30:00+00:00,110.671875,110.671875,110.671875,110.578125,110.640625,14649.0,2025-03-06 05:30:00-05:00
2025-03-06 10:45:00+00:00,110.6875,110.6875,110.703125,110.609375,110.65625,13765.0,2025-03-06 05:45:00-05:00
2025-03-06 11:00:00+00:00,110.6875,110.6875,110.703125,110.625,110.671875,15549.0,2025-03-06 06:00:00-05:00
2025-03-06 11:15:00+00:00,110.703125,110.703125,110.71875,110.671875,110.703125,13753.0,2025-03-06 06:15:00-05:00
2025-03-06 11:30:00+00:00,110.65625,110.65625,110.71875,110.65625,110.703125,15087.0,2025-03-06 06:30:00-05:00
2025-03-06 11:45:00+00:00,110.609375,110.609375,110.671875,110.609375,110.65625,16392.0,2025-03-06 06:45:00-05:00
2025-03-06 12:00:00+00:00,110.59375,110.59375,110.640625,110.53125,110.609375,31156.0,2025-03-06 07:00:00-05:00
2025-03-06 12:15:00+00:00,110.578125,110.578125,110.65625,110.5625,110.578125,23959.0,2025-03-06 07:15:00-05:00
2025-03-06 12:30:00+00:00,110.75,110.75,110.8125,110.578125,110.578125,58206.0,2025-03-06 07:30:00-05:00
2025-03-06 12:45:00+00:00,110.828125,110.828125,110.859375,110.75,110.765625,60048.0,2025-03-06 07:45:00-05:00
2025-03-06 13:00:00+00:00,110.890625,110.890625,110.921875,110.8125,110.828125,59459.0,2025-03-06 08:00:00-05:00
2025-03-06 13:15:00+00:00,110.90625,110.90625,110.9375,110.8125,110.890625,80256.0,2025-03-06 08:15:00-05:00
2025-03-06 13:30:00+00:00,110.703125,110.703125,110.890625,110.6875,110.890625,109553.0,2025-03-06 08:30:00-05:00
2025-03-06 13:45:00+00:00,110.78125,110.78125,110.796875,110.6875,110.71875,82834.0,2025-03-06 08:45:00-05:00
2025-03-06 14:00:00+00:00,110.71875,110.71875,110.859375,110.6875,110.78125,104638.0,2025-03-06 09:00:00-05:00
2025-03-06 14:15:00+00:00,110.734375,110.734375,110.78125,110.671875,110.71875,72219.0,2025-03-06 09:15:00-05:00
2025-03-06 14:30:00+00:00,110.8125,110.8125,110.9375,110.703125,110.734375,102607.0,2025-03-06 09:30:00-05:00
2025-03-06 14:45:00+00:00,110.75,110.75,110.828125,110.65625,110.8125,73794.0,2025-03-06 09:45:00-05:00
2025-03-06 15:00:00+00:00,110.578125,110.578125,110.765625,110.546875,110.734375,112591.0,2025-03-06 10:00:00-05:00
2025-03-06 15:15:00+00:00,110.40625,110.40625,110.59375,110.390625,110.5625,130605.0,2025-03-06 10:15:00-05:00
2025-03-06 15:30:00+00:00,110.453125,110.453125,110.5,110.390625,110.40625,89937.0,2025-03-06 10:30:00-05:00
2025-03-06 15:45:00+00:00,110.5,110.5,110.5625,110.40625,110.4375,65594.0,2025-03-06 10:45:00-05:00
2025-03-06 16:00:00+00:00,110.421875,110.421875,110.515625,110.390625,110.5,65875.0,2025-03-06 11:00:00-05:00
2025-03-06 16:15:00+00:00,110.484375,110.484375,110.53125,110.390625,110.421875,92432.0,2025-03-06 11:15:00-05:00
2025-03-06 16:30:00+00:00,110.578125,110.578125,110.59375,110.421875,110.46875,95756.0,2025-03-06 11:30:00-05:00
2025-03-06 16:45:00+00:00,110.609375,110.609375,110.640625,110.546875,110.578125,70682.0,2025-03-06 11:45:00-05:00
2025-03-06 17:00:00+00:00,110.671875,110.671875,110.71875,110.546875,110.625,75641.0,2025-03-06 12:00:00-05:00
2025-03-06 17:15:00+00:00,110.71875,110.71875,110.734375,110.609375,110.671875,62555.0,2025-03-06 12:15:00-05:00
2025-03-06 17:30:00+00:00,110.71875,110.71875,110.734375,110.671875,110.71875,47150.0,2025-03-06 12:30:00-05:00
2025-03-06 17:45:00+00:00,110.6875,110.6875,110.828125,110.671875,110.734375,75647.0,2025-03-06 12:45:00-05:00
2025-03-06 18:00:00+00:00,110.78125,110.78125,110.78125,110.6875,110.703125,50240.0,2025-03-06 13:00:00-05:00
2025-03-06 18:15:00+00:00,110.734375,110.734375,110.78125,110.6875,110.78125,39442.0,2025-03-06 13:15:00-05:00
2025-03-06 18:30:00+00:00,110.8125,110.8125,110.828125,110.671875,110.734375,47761.0,2025-03-06 13:30:00-05:00
2025-03-06 18:45:00+00:00,110.8125,110.8125,110.828125,110.75,110.8125,39609.0,2025-03-06 13:45:00-05:00
2025-03-06 19:00:00+00:00,110.796875,110.796875,110.828125,110.75,110.8125,34150.0,2025-03-06 14:00:00-05:00
2025-03-06 19:15:00+00:00,110.828125,110.828125,110.84375,110.765625,110.8125,33162.0,2025-03-06 14:15:00-05:00
2025-03-06 19:30:00+00:00,110.796875,110.796875,110.859375,110.78125,110.828125,31305.0,2025-03-06 14:30:00-05:00
2025-03-06 19:45:00+00:00,110.796875,110.796875,110.8125,110.71875,110.78125,113582.0,2025-03-06 14:45:00-05:00
2025-03-06 20:00:00+00:00,110.734375,110.734375,110.84375,110.734375,110.796875,82660.0,2025-03-06 15:00:00-05:00
2025-03-06 20:15:00+00:00,110.78125,110.78125,110.8125,110.734375,110.75,48557.0,2025-03-06 15:15:00-05:00
2025-03-06 20:30:00+00:00,110.78125,110.78125,110.828125,110.75,110.78125,48788.0,2025-03-06 15:30:00-05:00
2025-03-06 20:45:00+00:00,110.75,110.75,110.8125,110.734375,110.796875,38147.0,2025-03-06 15:45:00-05:00
2025-03-06 21:00:00+00:00,110.765625,110.765625,110.765625,110.71875,110.75,26203.0,2025-03-06 16:00:00-05:00
2025-03-06 21:15:00+00:00,110.796875,110.796875,110.796875,110.734375,110.75,13738.0,2025-03-06 16:15:00-05:00
2025-03-06 21:30:00+00:00,110.8125,110.8125,110.84375,110.796875,110.796875,31523.0,2025-03-06 16:30:00-05:00
2025-03-06 21:45:00+00:00,110.828125,110.828125,110.84375,110.8125,110.8125,10633.0,2025-03-06 16:45:00-05:00
2025-03-06 23:00:00+00:00,110.828125,110.828125,110.859375,110.8125,110.828125,5051.0,2025-03-06 18:00:00-05:00
2025-03-06 23:15:00+00:00,110.84375,110.84375,110.84375,110.828125,110.828125,2939.0,2025-03-06 18:15:00-05:00
2025-03-06 23:30:00+00:00,110.8125,110.8125,110.84375,110.8125,110.84375,2637.0,2025-03-06 18:30:00-05:00
2025-03-06 23:45:00+00:00,110.828125,110.828125,110.84375,110.796875,110.8125,2580.0,2025-03-06 18:45:00-05:00
2025-03-07 00:00:00+00:00,110.828125,110.828125,110.84375,110.8125,110.828125,4309.0,2025-03-06 19:00:00-05:00
2025-03-07 00:15:00+00:00,111.0,111.0,111.0,110.8125,110.84375,14362.0,2025-03-06 19:15:00-05:00
2025-03-07 00:30:00+00:00,110.921875,110.921875,111.0,110.90625,110.984375,7004.0,2025-03-06 19:30:00-05:00
2025-03-07 00:45:00+00:00,110.96875,110.96875,110.984375,110.90625,110.921875,6233.0,2025-03-06 19:45:00-05:00
2025-03-07 01:00:00+00:00,110.96875,110.96875,111.0,110.9375,110.96875,7964.0,2025-03-06 20:00:00-05:00
2025-03-07 01:15:00+00:00,110.9375,110.9375,111.0,110.921875,110.984375,4064.0,2025-03-06 20:15:00-05:00
2025-03-07 01:30:00+00:00,110.9375,110.9375,110.96875,110.9375,110.9375,2514.0,2025-03-06 20:30:00-05:00
2025-03-07 01:45:00+00:00,110.984375,110.984375,110.984375,110.9375,110.9375,5091.0,2025-03-06 20:45:00-05:00
2025-03-07 02:00:00+00:00,110.96875,110.96875,110.984375,110.9375,110.984375,3958.0,2025-03-06 21:00:00-05:00
2025-03-07 02:15:00+00:00,110.984375,110.984375,111.0,110.953125,110.96875,2270.0,2025-03-06 21:15:00-05:00
2025-03-07 02:30:00+00:00,110.984375,110.984375,111.015625,110.96875,110.984375,4254.0,2025-03-06 21:30:00-05:00
2025-03-07 02:45:00+00:00,111.0,111.0,111.0,110.96875,110.984375,1728.0,2025-03-06 21:45:00-05:00
2025-03-07 03:00:00+00:00,111.0,111.0,111.03125,110.984375,111.0,4289.0,2025-03-06 22:00:00-05:00
2025-03-07 03:15:00+00:00,111.0,111.0,111.03125,111.0,111.015625,3244.0,2025-03-06 22:15:00-05:00
2025-03-07 03:30:00+00:00,111.015625,111.015625,111.015625,110.984375,111.0,89113.0,2025-03-06 22:30:00-05:00
2025-03-07 03:45:00+00:00,111.03125,111.03125,111.03125,110.984375,111.0,4626.0,2025-03-06 22:45:00-05:00
2025-03-07 04:00:00+00:00,111.0,111.0,111.03125,111.0,111.015625,4279.0,2025-03-06 23:00:00-05:00
2025-03-07 04:15:00+00:00,110.984375,110.984375,111.015625,110.984375,111.0,734.0,2025-03-06 23:15:00-05:00
2025-03-07 04:30:00+00:00,111.015625,111.015625,111.015625,110.984375,110.984375,1267.0,2025-03-06 23:30:00-05:00
2025-03-07 04:45:00+00:00,111.0,111.0,111.03125,111.0,111.0,1024.0,2025-03-06 23:45:00-05:00
2025-03-07 05:00:00+00:00,111.015625,111.015625,111.0625,111.0,111.015625,5889.0,2025-03-07 00:00:00-05:00
2025-03-07 05:15:00+00:00,111.0,111.0,111.015625,111.0,111.015625,5197.0,2025-03-07 00:15:00-05:00
2025-03-07 05:30:00+00:00,111.03125,111.03125,111.046875,111.0,111.015625,3075.0,2025-03-07 00:30:00-05:00
2025-03-07 05:45:00+00:00,111.09375,111.09375,111.09375,111.03125,111.046875,6166.0,2025-03-07 00:45:00-05:00
2025-03-07 06:00:00+00:00,111.046875,111.046875,111.09375,111.046875,111.09375,3319.0,2025-03-07 01:00:00-05:00
2025-03-07 06:15:00+00:00,111.046875,111.046875,111.0625,111.03125,111.046875,4589.0,2025-03-07 01:15:00-05:00
2025-03-07 06:30:00+00:00,111.078125,111.078125,111.09375,111.015625,111.0625,5104.0,2025-03-07 01:30:00-05:00
2025-03-07 06:45:00+00:00,111.078125,111.078125,111.09375,111.03125,111.078125,5556.0,2025-03-07 01:45:00-05:00
2025-03-07 07:00:00+00:00,111.015625,111.015625,111.0625,110.96875,111.0625,13463.0,2025-03-07 02:00:00-05:00
2025-03-07 07:15:00+00:00,110.953125,110.953125,111.03125,110.9375,111.015625,7649.0,2025-03-07 02:15:00-05:00
2025-03-07 07:30:00+00:00,110.96875,110.96875,110.984375,110.921875,110.96875,7284.0,2025-03-07 02:30:00-05:00
2025-03-07 07:45:00+00:00,110.953125,110.953125,110.96875,110.90625,110.96875,9134.0,2025-03-07 02:45:00-05:00
2025-03-07 08:00:00+00:00,110.90625,110.90625,110.9375,110.890625,110.9375,16389.0,2025-03-07 03:00:00-05:00
2025-03-07 08:15:00+00:00,110.921875,110.921875,110.96875,110.890625,110.90625,11900.0,2025-03-07 03:15:00-05:00
2025-03-07 08:30:00+00:00,110.96875,110.96875,111.0,110.890625,110.90625,17765.0,2025-03-07 03:30:00-05:00
2025-03-07 08:45:00+00:00,111.015625,111.015625,111.03125,110.9375,110.96875,9712.0,2025-03-07 03:45:00-05:00
2025-03-07 09:00:00+00:00,110.984375,110.984375,111.03125,110.953125,111.015625,10124.0,2025-03-07 04:00:00-05:00
2025-03-07 09:15:00+00:00,110.953125,110.953125,110.953125,110.890625,110.90599822998048,14359.0,2025-03-07 04:15:00-05:00
2025-03-07 09:30:00+00:00,110.90625,110.90625,110.953125,110.890625,110.953125,9190.0,2025-03-07 04:30:00-05:00
2025-03-07 09:45:00+00:00,110.90625,110.90625,110.953125,110.890625,110.890625,12165.0,2025-03-07 04:45:00-05:00
2025-03-07 10:00:00+00:00,110.890625,110.890625,110.90625,110.859375,110.890625,12519.0,2025-03-07 05:00:00-05:00
2025-03-07 10:15:00+00:00,110.921875,110.921875,110.953125,110.890625,110.890625,9289.0,2025-03-07 05:15:00-05:00
2025-03-07 10:30:00+00:00,110.921875,110.921875,110.9375,110.890625,110.921875,12646.0,2025-03-07 05:30:00-05:00
2025-03-07 10:45:00+00:00,110.90625,110.90625,110.921875,110.890625,110.921875,9115.0,2025-03-07 05:45:00-05:00
2025-03-07 11:00:00+00:00,110.921875,110.921875,110.921875,110.859375,110.890625,15629.0,2025-03-07 06:00:00-05:00
2025-03-07 11:15:00+00:00,110.90625,110.90625,110.9375,110.890625,110.921875,12740.0,2025-03-07 06:15:00-05:00
2025-03-07 11:30:00+00:00,110.953125,110.953125,110.96875,110.890625,110.90625,14635.0,2025-03-07 06:30:00-05:00
2025-03-07 11:45:00+00:00,110.90625,110.90625,110.9375,110.859375,110.9375,14428.0,2025-03-07 06:45:00-05:00
2025-03-07 12:00:00+00:00,110.984375,110.984375,111.0,110.90625,110.90625,13313.0,2025-03-07 07:00:00-05:00
2025-03-07 12:15:00+00:00,111.015625,111.015625,111.015625,110.953125,110.984375,26703.0,2025-03-07 07:15:00-05:00
2025-03-07 12:30:00+00:00,110.984375,110.984375,111.03125,110.953125,111.015625,23508.0,2025-03-07 07:30:00-05:00
2025-03-07 12:45:00+00:00,111.03125,111.03125,111.03125,110.9375,110.984375,21162.0,2025-03-07 07:45:00-05:00
2025-03-07 13:00:00+00:00,111.046875,111.046875,111.0625,110.984375,111.015625,52734.0,2025-03-07 08:00:00-05:00
2025-03-07 13:15:00+00:00,111.0625,111.0625,111.078125,110.984375,111.046875,56525.0,2025-03-07 08:15:00-05:00
2025-03-07 13:30:00+00:00,111.0625,111.0625,111.3125,110.75,111.03125,271553.0,2025-03-07 08:30:00-05:00
2025-03-07 13:45:00+00:00,111.328125,111.328125,111.359375,111.03125,111.0625,141323.0,2025-03-07 08:45:00-05:00
2025-03-07 14:00:00+00:00,111.25,111.25,111.34375,111.1875,111.3125,122247.0,2025-03-07 09:00:00-05:00
2025-03-07 14:15:00+00:00,111.21875,111.21875,111.28125,111.125,111.25,88492.0,2025-03-07 09:15:00-05:00
2025-03-07 14:30:00+00:00,111.0625,111.0625,111.234375,111.0,111.21875,147442.0,2025-03-07 09:30:00-05:00
2025-03-07 14:45:00+00:00,111.078125,111.078125,111.09375,110.9375,111.0625,99019.0,2025-03-07 09:45:00-05:00
2025-03-07 15:00:00+00:00,111.046875,111.046875,111.125,110.9375,111.09375,83956.0,2025-03-07 10:00:00-05:00
2025-03-07 15:15:00+00:00,111.0,111.0,111.125,111.0,111.046875,59173.0,2025-03-07 10:15:00-05:00
2025-03-07 15:30:00+00:00,111.15625,111.15625,111.25,111.015625,111.015625,86535.0,2025-03-07 10:30:00-05:00
2025-03-07 15:45:00+00:00,111.015625,111.015625,111.171875,110.921875,111.171875,161928.0,2025-03-07 10:45:00-05:00
2025-03-07 16:00:00+00:00,111.046875,111.046875,111.078125,110.953125,111.015625,65387.0,2025-03-07 11:00:00-05:00
2025-03-07 16:15:00+00:00,111.125,111.125,111.171875,111.03125,111.03125,66228.0,2025-03-07 11:15:00-05:00
2025-03-07 16:30:00+00:00,111.15625,111.15625,111.203125,111.078125,111.109375,51319.0,2025-03-07 11:30:00-05:00
2025-03-07 16:45:00+00:00,111.203125,111.203125,111.265625,111.125,111.15625,49976.0,2025-03-07 11:45:00-05:00
2025-03-07 17:00:00+00:00,111.21875,111.21875,111.25,111.125,111.1875,54309.0,2025-03-07 12:00:00-05:00
2025-03-07 17:15:00+00:00,111.109375,111.109375,111.234375,111.109375,111.21875,41166.0,2025-03-07 12:15:00-05:00
2025-03-07 17:30:00+00:00,111.015625,111.015625,111.109375,111.0,111.109375,63815.0,2025-03-07 12:30:00-05:00
2025-03-07 17:45:00+00:00,110.953125,110.953125,111.015625,110.84375,111.0,96116.0,2025-03-07 12:45:00-05:00
2025-03-07 18:00:00+00:00,110.765625,110.765625,110.953125,110.75,110.9375,66019.0,2025-03-07 13:00:00-05:00
2025-03-07 18:15:00+00:00,110.703125,110.703125,110.765625,110.6875,110.765625,75218.0,2025-03-07 13:15:00-05:00
2025-03-07 18:30:00+00:00,110.65625,110.65625,110.765625,110.59375,110.71875,68415.0,2025-03-07 13:30:00-05:00
2025-03-07 18:45:00+00:00,110.5625,110.5625,110.671875,110.5625,110.640625,52691.0,2025-03-07 13:45:00-05:00
2025-03-07 19:00:00+00:00,110.53125,110.53125,110.578125,110.5,110.5625,70825.0,2025-03-07 14:00:00-05:00
2025-03-07 19:15:00+00:00,110.5,110.5,110.5625,110.46875,110.515625,60764.0,2025-03-07 14:15:00-05:00
2025-03-07 19:30:00+00:00,110.53125,110.53125,110.546875,110.46875,110.515625,43821.0,2025-03-07 14:30:00-05:00
2025-03-07 19:45:00+00:00,110.5625,110.5625,110.59375,110.5,110.53125,78019.0,2025-03-07 14:45:00-05:00
2025-03-07 20:00:00+00:00,110.578125,110.578125,110.625,110.546875,110.578125,54144.0,2025-03-07 15:00:00-05:00
2025-03-07 20:15:00+00:00,110.578125,110.578125,110.609375,110.5625,110.578125,30428.0,2025-03-07 15:15:00-05:00
2025-03-07 20:30:00+00:00,110.578125,110.578125,110.640625,110.5625,110.59375,27940.0,2025-03-07 15:30:00-05:00
2025-03-07 20:45:00+00:00,110.59375,110.59375,110.609375,110.53125,110.59375,34770.0,2025-03-07 15:45:00-05:00
2025-03-07 21:00:00+00:00,110.65625,110.65625,110.703125,110.59375,110.59375,43385.0,2025-03-07 16:00:00-05:00
2025-03-07 21:15:00+00:00,110.625,110.625,110.65625,110.609375,110.65625,10242.0,2025-03-07 16:15:00-05:00
2025-03-07 21:30:00+00:00,110.65625,110.65625,110.65625,110.625,110.625,6810.0,2025-03-07 16:30:00-05:00
2025-03-07 21:45:00+00:00,110.65625,110.65625,110.671875,110.625,110.640625,13934.0,2025-03-07 16:45:00-05:00
2025-03-09 22:00:00+00:00,110.90625,110.90625,110.96875,110.75,110.765625,20368.0,2025-03-09 18:00:00-04:00
2025-03-09 22:15:00+00:00,110.84375,110.84375,110.921875,110.84375,110.90625,8798.0,2025-03-09 18:15:00-04:00
2025-03-09 22:30:00+00:00,110.859375,110.859375,110.890625,110.84375,110.859375,5355.0,2025-03-09 18:30:00-04:00
2025-03-09 22:45:00+00:00,110.890625,110.890625,110.890625,110.84375,110.859375,1820.0,2025-03-09 18:45:00-04:00
2025-03-09 23:00:00+00:00,111.0,111.0,111.0,110.875,110.890625,15601.0,2025-03-09 19:00:00-04:00
2025-03-09 23:15:00+00:00,110.953125,110.953125,111.0,110.953125,111.0,9715.0,2025-03-09 19:15:00-04:00
2025-03-09 23:30:00+00:00,110.96875,110.96875,110.96875,110.953125,110.953125,4273.0,2025-03-09 19:30:00-04:00
2025-03-09 23:45:00+00:00,110.96875,110.96875,110.984375,110.953125,110.96875,2436.0,2025-03-09 19:45:00-04:00
2025-03-10 00:00:00+00:00,110.921875,110.921875,111.0,110.90625,110.953125,7974.0,2025-03-09 20:00:00-04:00
2025-03-10 00:15:00+00:00,110.90625,110.90625,110.984375,110.90625,110.921875,8908.0,2025-03-09 20:15:00-04:00
2025-03-10 00:30:00+00:00,110.921875,110.921875,110.953125,110.90625,110.921875,6493.0,2025-03-09 20:30:00-04:00
2025-03-10 00:45:00+00:00,110.859375,110.859375,110.9375,110.84375,110.9375,5728.0,2025-03-09 20:45:00-04:00
2025-03-10 01:00:00+00:00,110.84375,110.84375,110.875,110.828125,110.859375,8463.0,2025-03-09 21:00:00-04:00
2025-03-10 01:15:00+00:00,110.859375,110.859375,110.875,110.84375,110.84375,3054.0,2025-03-09 21:15:00-04:00
2025-03-10 01:30:00+00:00,110.828125,110.828125,110.859375,110.828125,110.859375,2824.0,2025-03-09 21:30:00-04:00
2025-03-10 01:45:00+00:00,110.78125,110.78125,110.84375,110.78125,110.84375,11413.0,2025-03-09 21:45:00-04:00
2025-03-10 02:00:00+00:00,110.8125,110.8125,110.828125,110.78125,110.78125,2625.0,2025-03-09 22:00:00-04:00
2025-03-10 02:15:00+00:00,110.828125,110.828125,110.84375,110.8125,110.828125,3740.0,2025-03-09 22:15:00-04:00
2025-03-10 02:30:00+00:00,110.796875,110.796875,110.84375,110.796875,110.828125,6199.0,2025-03-09 22:30:00-04:00
2025-03-10 02:45:00+00:00,110.8125,110.8125,110.828125,110.796875,110.796875,2030.0,2025-03-09 22:45:00-04:00
2025-03-10 03:00:00+00:00,110.828125,110.828125,110.84375,110.8125,110.8125,3355.0,2025-03-09 23:00:00-04:00
2025-03-10 03:15:00+00:00,110.8125,110.8125,110.84375,110.8125,110.84375,1553.0,2025-03-09 23:15:00-04:00
2025-03-10 03:30:00+00:00,110.78125,110.78125,110.84375,110.765625,110.84375,6149.0,2025-03-09 23:30:00-04:00
2025-03-10 03:45:00+00:00,110.796875,110.796875,110.8125,110.765625,110.78125,2112.0,2025-03-09 23:45:00-04:00
2025-03-10 04:00:00+00:00,110.8125,110.8125,110.828125,110.796875,110.8125,2946.0,2025-03-10 00:00:00-04:00
2025-03-10 04:15:00+00:00,110.8125,110.8125,110.828125,110.796875,110.828125,3145.0,2025-03-10 00:15:00-04:00
2025-03-10 04:30:00+00:00,110.828125,110.828125,110.828125,110.8125,110.828125,3383.0,2025-03-10 00:30:00-04:00
2025-03-10 04:45:00+00:00,110.78125,110.78125,110.828125,110.75,110.828125,5108.0,2025-03-10 00:45:00-04:00
2025-03-10 05:00:00+00:00,110.8125,110.8125,110.8125,110.78125,110.78125,1868.0,2025-03-10 01:00:00-04:00
2025-03-10 05:15:00+00:00,110.796875,110.796875,110.828125,110.78125,110.8125,5456.0,2025-03-10 01:15:00-04:00
2025-03-10 05:30:00+00:00,110.796875,110.796875,110.796875,110.78125,110.78125,2258.0,2025-03-10 01:30:00-04:00
2025-03-10 05:45:00+00:00,110.8125,110.8125,110.8125,110.78125,110.796875,2997.0,2025-03-10 01:45:00-04:00
2025-03-10 06:00:00+00:00,110.78125,110.78125,110.828125,110.765625,110.8125,3599.0,2025-03-10 02:00:00-04:00
2025-03-10 06:15:00+00:00,110.75,110.75,110.78125,110.75,110.78125,6967.0,2025-03-10 02:15:00-04:00
2025-03-10 06:30:00+00:00,110.703125,110.703125,110.765625,110.703125,110.75,9835.0,2025-03-10 02:30:00-04:00
2025-03-10 06:45:00+00:00,110.734375,110.734375,110.75,110.703125,110.71875,6182.0,2025-03-10 02:45:00-04:00
2025-03-10 07:00:00+00:00,110.765625,110.765625,110.78125,110.703125,110.734375,12754.0,2025-03-10 03:00:00-04:00
2025-03-10 07:15:00+00:00,110.765625,110.765625,110.78125,110.75,110.75,7807.0,2025-03-10 03:15:00-04:00
2025-03-10 07:30:00+00:00,110.8125,110.8125,110.8125,110.734375,110.765625,7995.0,2025-03-10 03:30:00-04:00
2025-03-10 07:45:00+00:00,110.84375,110.84375,110.875,110.8125,110.8125,20334.0,2025-03-10 03:45:00-04:00
2025-03-10 08:00:00+00:00,110.9375,110.9375,110.9375,110.8125,110.84375,26573.0,2025-03-10 04:00:00-04:00
2025-03-10 08:15:00+00:00,110.9375,110.9375,110.984375,110.90625,110.921875,19361.0,2025-03-10 04:15:00-04:00
2025-03-10 08:30:00+00:00,111.046875,111.046875,111.046875,110.921875,110.921875,28217.0,2025-03-10 04:30:00-04:00
2025-03-10 08:45:00+00:00,111.078125,111.078125,111.09375,111.015625,111.03125,27052.0,2025-03-10 04:45:00-04:00
2025-03-10 09:00:00+00:00,111.078125,111.078125,111.078125,111.015625,111.0625,21160.0,2025-03-10 05:00:00-04:00
2025-03-10 09:15:00+00:00,111.015625,111.015625,111.078125,110.96875,111.078125,22250.0,2025-03-10 05:15:00-04:00
2025-03-10 09:30:00+00:00,110.953125,110.953125,111.015625,110.953125,111.0,11109.0,2025-03-10 05:30:00-04:00
2025-03-10 09:45:00+00:00,110.984375,110.984375,111.03125,110.9375,110.96875,36152.0,2025-03-10 05:45:00-04:00
2025-03-10 10:00:00+00:00,111.03125,111.03125,111.03125,110.9375,110.984375,8847.0,2025-03-10 06:00:00-04:00
2025-03-10 10:15:00+00:00,111.078125,111.078125,111.09375,111.046875,111.0469970703125,24764.0,2025-03-10 06:15:00-04:00
2025-03-10 10:30:00+00:00,111.078125,111.078125,111.078125,111.046875,111.078125,14011.0,2025-03-10 06:30:00-04:00
2025-03-10 10:45:00+00:00,111.09375,111.09375,111.109375,111.03125,111.078125,16727.0,2025-03-10 06:45:00-04:00
2025-03-10 11:00:00+00:00,111.0625,111.0625,111.140625,111.03125,111.09375,44706.0,2025-03-10 07:00:00-04:00
2025-03-10 11:15:00+00:00,111.03125,111.03125,111.078125,111.0,111.0625,20377.0,2025-03-10 07:15:00-04:00
2025-03-10 11:30:00+00:00,111.0625,111.0625,111.09375,111.0,111.03125,24389.0,2025-03-10 07:30:00-04:00
2025-03-10 11:45:00+00:00,111.078125,111.078125,111.09375,111.0,111.0625,21053.0,2025-03-10 07:45:00-04:00
2025-03-10 12:00:00+00:00,111.140625,111.140625,111.140625,111.046875,111.0625,32264.0,2025-03-10 08:00:00-04:00
2025-03-10 12:15:00+00:00,111.203125,111.203125,111.203125,111.09375,111.140625,45421.0,2025-03-10 08:15:00-04:00
2025-03-10 12:30:00+00:00,111.125,111.125,111.21875,111.109375,111.203125,56416.0,2025-03-10 08:30:00-04:00
2025-03-10 12:45:00+00:00,111.03125,111.03125,111.140625,110.984375,111.125,53929.0,2025-03-10 08:45:00-04:00
2025-03-10 13:00:00+00:00,111.046875,111.046875,111.09375,110.96875,111.015625,44733.0,2025-03-10 09:00:00-04:00
2025-03-10 13:15:00+00:00,111.140625,111.140625,111.140625,111.03125,111.046875,36551.0,2025-03-10 09:15:00-04:00
2025-03-10 13:30:00+00:00,111.0625,111.0625,111.171875,111.015625,111.140625,89463.0,2025-03-10 09:30:00-04:00
2025-03-10 13:45:00+00:00,111.140625,111.140625,111.203125,111.03125,111.0625,80011.0,2025-03-10 09:45:00-04:00
2025-03-10 14:00:00+00:00,111.171875,111.171875,111.25,111.140625,111.140625,103805.0,2025-03-10 10:00:00-04:00
2025-03-10 14:15:00+00:00,111.265625,111.265625,111.28125,111.15625,111.171875,75158.0,2025-03-10 10:15:00-04:00
2025-03-10 14:30:00+00:00,111.265625,111.265625,111.3125,111.21875,111.265625,61484.0,2025-03-10 10:30:00-04:00
2025-03-10 14:45:00+00:00,111.34375,111.34375,111.390625,111.234375,111.28125,85150.0,2025-03-10 10:45:00-04:00
2025-03-10 15:00:00+00:00,111.296875,111.296875,111.359375,111.265625,111.359375,67386.0,2025-03-10 11:00:00-04:00
2025-03-10 15:15:00+00:00,111.203125,111.203125,111.296875,111.171875,111.296875,63876.0,2025-03-10 11:15:00-04:00
2025-03-10 15:30:00+00:00,111.28125,111.28125,111.296875,111.125,111.203125,69561.0,2025-03-10 11:30:00-04:00
2025-03-10 15:45:00+00:00,111.28125,111.28125,111.296875,111.203125,111.265625,38026.0,2025-03-10 11:45:00-04:00
2025-03-10 16:00:00+00:00,111.234375,111.234375,111.296875,111.1875,111.265625,31957.0,2025-03-10 12:00:00-04:00
2025-03-10 16:15:00+00:00,111.21875,111.21875,111.328125,111.203125,111.234375,36694.0,2025-03-10 12:15:00-04:00
2025-03-10 16:30:00+00:00,111.21875,111.21875,111.234375,111.140625,111.21875,44840.0,2025-03-10 12:30:00-04:00
2025-03-10 16:45:00+00:00,111.171875,111.171875,111.234375,111.15625,111.21875,25254.0,2025-03-10 12:45:00-04:00
2025-03-10 17:00:00+00:00,111.21875,111.21875,111.234375,111.140625,111.15625,40483.0,2025-03-10 13:00:00-04:00
2025-03-10 17:15:00+00:00,111.21875,111.21875,111.234375,111.15625,111.203125,29703.0,2025-03-10 13:15:00-04:00
2025-03-10 17:30:00+00:00,111.28125,111.28125,111.28125,111.1875,111.21875,32189.0,2025-03-10 13:30:00-04:00
2025-03-10 17:45:00+00:00,111.265625,111.265625,111.28125,111.21875,111.265625,24328.0,2025-03-10 13:45:00-04:00
2025-03-10 18:00:00+00:00,111.21875,111.21875,111.265625,111.171875,111.265625,47384.0,2025-03-10 14:00:00-04:00
2025-03-10 18:15:00+00:00,111.21875,111.21875,111.25,111.140625,111.203125,25605.0,2025-03-10 14:15:00-04:00
2025-03-10 18:30:00+00:00,111.265625,111.265625,111.28125,111.171875,111.21875,25892.0,2025-03-10 14:30:00-04:00
2025-03-10 18:45:00+00:00,111.34375,111.34375,111.34375,111.203125,111.25,83848.0,2025-03-10 14:45:00-04:00
2025-03-10 19:00:00+00:00,111.328125,111.328125,111.421875,111.3125,111.328125,91663.0,2025-03-10 15:00:00-04:00
2025-03-10 19:15:00+00:00,111.296875,111.296875,111.359375,111.25,111.34375,50585.0,2025-03-10 15:15:00-04:00
2025-03-10 19:30:00+00:00,111.3125,111.3125,111.3125,111.234375,111.296875,45610.0,2025-03-10 15:30:00-04:00
2025-03-10 19:45:00+00:00,111.25,111.25,111.3125,111.234375,111.3125,66948.0,2025-03-10 15:45:00-04:00
2025-03-10 20:00:00+00:00,111.234375,111.234375,111.28125,111.21875,111.25,25559.0,2025-03-10 16:00:00-04:00
2025-03-10 20:15:00+00:00,111.234375,111.234375,111.265625,111.21875,111.21875,27841.0,2025-03-10 16:15:00-04:00
2025-03-10 20:30:00+00:00,111.3125,111.3125,111.3125,111.234375,111.25,25627.0,2025-03-10 16:30:00-04:00
2025-03-10 20:45:00+00:00,111.34375,111.34375,111.34375,111.3125,111.3125,13445.0,2025-03-10 16:45:00-04:00
2025-03-10 22:00:00+00:00,111.46875,111.46875,111.46875,111.359375,111.359375,8537.0,2025-03-10 18:00:00-04:00
2025-03-10 22:15:00+00:00,111.453125,111.453125,111.515625,111.4375,111.453125,11257.0,2025-03-10 18:15:00-04:00
2025-03-10 22:30:00+00:00,111.453125,111.453125,111.46875,111.421875,111.453125,2925.0,2025-03-10 18:30:00-04:00
2025-03-10 22:45:00+00:00,111.46875,111.46875,111.484375,111.4375,111.453125,4363.0,2025-03-10 18:45:00-04:00
2025-03-10 23:00:00+00:00,111.515625,111.515625,111.53125,111.46875,111.46875,4210.0,2025-03-10 19:00:00-04:00
2025-03-10 23:15:00+00:00,111.515625,111.515625,111.5625,111.515625,111.53125,5080.0,2025-03-10 19:15:00-04:00
2025-03-10 23:30:00+00:00,111.53125,111.53125,111.5625,111.515625,111.53125,10448.0,2025-03-10 19:30:00-04:00
2025-03-10 23:45:00+00:00,111.4375,111.4375,111.53125,111.4375,111.53125,3812.0,2025-03-10 19:45:00-04:00
2025-03-11 00:00:00+00:00,111.484375,111.484375,111.515625,111.4375,111.4375,5660.0,2025-03-10 20:00:00-04:00
2025-03-11 00:15:00+00:00,111.484375,111.484375,111.5,111.40625,111.484375,10819.0,2025-03-10 20:15:00-04:00
2025-03-11 00:30:00+00:00,111.515625,111.515625,111.53125,111.484375,111.484375,8036.0,2025-03-10 20:30:00-04:00
2025-03-11 00:45:00+00:00,111.703125,111.703125,111.765625,111.53125,111.53125,46071.0,2025-03-10 20:45:00-04:00
2025-03-11 01:00:00+00:00,111.734375,111.734375,111.78125,111.671875,111.6875,27346.0,2025-03-10 21:00:00-04:00
2025-03-11 01:15:00+00:00,111.671875,111.671875,111.765625,111.65625,111.75,15615.0,2025-03-10 21:15:00-04:00
2025-03-11 01:30:00+00:00,111.640625,111.640625,111.671875,111.59375,111.671875,15802.0,2025-03-10 21:30:00-04:00
2025-03-11 01:45:00+00:00,111.640625,111.640625,111.703125,111.625,111.640625,12064.0,2025-03-10 21:45:00-04:00
2025-03-11 02:00:00+00:00,111.578125,111.578125,111.671875,111.53125,111.65625,16240.0,2025-03-10 22:00:00-04:00
2025-03-11 02:15:00+00:00,111.546875,111.546875,111.578125,111.515625,111.578125,13936.0,2025-03-10 22:15:00-04:00
2025-03-11 02:30:00+00:00,111.578125,111.578125,111.59375,111.53125,111.546875,7083.0,2025-03-10 22:30:00-04:00
2025-03-11 02:45:00+00:00,111.578125,111.578125,111.609375,111.5625,111.59375,5918.0,2025-03-10 22:45:00-04:00
2025-03-11 03:00:00+00:00,111.546875,111.546875,111.578125,111.53125,111.578125,12124.0,2025-03-10 23:00:00-04:00
2025-03-11 03:15:00+00:00,111.515625,111.515625,111.5625,111.5,111.53125,6922.0,2025-03-10 23:15:00-04:00
2025-03-11 03:30:00+00:00,111.515625,111.515625,111.53125,111.5,111.515625,3606.0,2025-03-10 23:30:00-04:00
2025-03-11 03:45:00+00:00,111.53125,111.53125,111.53125,111.5,111.5,3464.0,2025-03-10 23:45:00-04:00
2025-03-11 04:00:00+00:00,111.546875,111.546875,111.5625,111.5,111.515625,9220.0,2025-03-11 00:00:00-04:00
2025-03-11 04:15:00+00:00,111.53125,111.53125,111.546875,111.515625,111.546875,3844.0,2025-03-11 00:15:00-04:00
2025-03-11 04:30:00+00:00,111.609375,111.609375,111.609375,111.53125,111.53125,3034.0,2025-03-11 00:30:00-04:00
2025-03-11 04:45:00+00:00,111.59375,111.59375,111.609375,111.5625,111.59375,2810.0,2025-03-11 00:45:00-04:00
2025-03-11 05:00:00+00:00,111.546875,111.546875,111.625,111.546875,111.578125,4499.0,2025-03-11 01:00:00-04:00
2025-03-11 05:15:00+00:00,111.546875,111.546875,111.5625,111.53125,111.5625,1481.0,2025-03-11 01:15:00-04:00
2025-03-11 05:30:00+00:00,111.5,111.5,111.546875,111.5,111.53125,3930.0,2025-03-11 01:30:00-04:00
2025-03-11 05:45:00+00:00,111.5,111.5,111.53125,111.5,111.5,3215.0,2025-03-11 01:45:00-04:00
2025-03-11 06:00:00+00:00,111.46875,111.46875,111.515625,111.453125,111.5,6979.0,2025-03-11 02:00:00-04:00
2025-03-11 06:15:00+00:00,111.4375,111.4375,111.484375,111.390625,111.453125,21521.0,2025-03-11 02:15:00-04:00
2025-03-11 06:30:00+00:00,111.4375,111.4375,111.46875,111.421875,111.4375,7052.0,2025-03-11 02:30:00-04:00
2025-03-11 06:45:00+00:00,111.484375,111.484375,111.5,111.4375,111.4375,7242.0,2025-03-11 02:45:00-04:00
2025-03-11 07:00:00+00:00,111.46875,111.46875,111.515625,111.453125,111.484375,10466.0,2025-03-11 03:00:00-04:00
2025-03-11 07:15:00+00:00,111.4375,111.4375,111.484375,111.40625,111.453125,15898.0,2025-03-11 03:15:00-04:00
2025-03-11 07:30:00+00:00,111.546875,111.546875,111.5625,111.40625,111.40625,19883.0,2025-03-11 03:30:00-04:00
2025-03-11 07:45:00+00:00,111.5625,111.5625,111.609375,111.546875,111.5625,21844.0,2025-03-11 03:45:00-04:00
2025-03-11 08:00:00+00:00,111.578125,111.578125,111.609375,111.546875,111.578125,18095.0,2025-03-11 04:00:00-04:00
2025-03-11 08:15:00+00:00,111.4375,111.4375,111.5,111.4375,111.46900177001953,30661.0,2025-03-11 04:15:00-04:00
2025-03-11 08:30:00+00:00,111.4375,111.4375,111.484375,111.421875,111.453125,15770.0,2025-03-11 04:30:00-04:00
2025-03-11 08:45:00+00:00,111.390625,111.390625,111.453125,111.375,111.4375,25081.0,2025-03-11 04:45:00-04:00
2025-03-11 09:00:00+00:00,111.390625,111.390625,111.421875,111.34375,111.390625,23898.0,2025-03-11 05:00:00-04:00
2025-03-11 09:15:00+00:00,111.375,111.375,111.390625,111.359375,111.390625,12954.0,2025-03-11 05:15:00-04:00
2025-03-11 09:30:00+00:00,111.359375,111.359375,111.390625,111.34375,111.359375,10596.0,2025-03-11 05:30:00-04:00
2025-03-11 09:45:00+00:00,111.375,111.375,111.40625,111.359375,111.359375,18757.0,2025-03-11 05:45:00-04:00
2025-03-11 10:00:00+00:00,111.390625,111.390625,111.40625,111.34375,111.375,20679.0,2025-03-11 06:00:00-04:00
2025-03-11 10:15:00+00:00,111.296875,111.296875,111.390625,111.296875,111.375,18331.0,2025-03-11 06:15:00-04:00
2025-03-11 10:30:00+00:00,111.296875,111.296875,111.328125,111.265625,111.296875,21718.0,2025-03-11 06:30:00-04:00
2025-03-11 10:45:00+00:00,111.28125,111.28125,111.34375,111.265625,111.3125,17246.0,2025-03-11 06:45:00-04:00
2025-03-11 11:00:00+00:00,111.21875,111.21875,111.328125,111.21875,111.28125,40367.0,2025-03-11 07:00:00-04:00
2025-03-11 11:15:00+00:00,111.25,111.25,111.265625,111.203125,111.21875,18053.0,2025-03-11 07:15:00-04:00
2025-03-11 11:30:00+00:00,111.203125,111.203125,111.25,111.171875,111.234375,25997.0,2025-03-11 07:30:00-04:00
2025-03-11 11:45:00+00:00,111.1875,111.1875,111.21875,111.171875,111.1875,17587.0,2025-03-11 07:45:00-04:00
2025-03-11 12:00:00+00:00,111.21875,111.21875,111.234375,111.109375,111.1875,36666.0,2025-03-11 08:00:00-04:00
2025-03-11 12:15:00+00:00,111.25,111.25,111.25,111.140625,111.234375,54902.0,2025-03-11 08:15:00-04:00
2025-03-11 12:30:00+00:00,111.25,111.25,111.3125,111.234375,111.234375,67870.0,2025-03-11 08:30:00-04:00
2025-03-11 12:45:00+00:00,111.28125,111.28125,111.34375,111.25,111.265625,43255.0,2025-03-11 08:45:00-04:00
2025-03-11 13:00:00+00:00,111.234375,111.234375,111.28125,111.1875,111.265625,46541.0,2025-03-11 09:00:00-04:00
2025-03-11 13:15:00+00:00,111.28125,111.28125,111.28125,111.1875,111.21875,27668.0,2025-03-11 09:15:00-04:00
2025-03-11 13:30:00+00:00,111.171875,111.171875,111.359375,111.15625,111.265625,94443.0,2025-03-11 09:30:00-04:00
2025-03-11 13:45:00+00:00,111.1875,111.1875,111.21875,111.125,111.1875,76880.0,2025-03-11 09:45:00-04:00
2025-03-11 14:00:00+00:00,111.265625,111.265625,111.390625,111.0,111.171875,221674.0,2025-03-11 10:00:00-04:00
2025-03-11 14:15:00+00:00,111.4375,111.4375,111.46875,111.25,111.25,121349.0,2025-03-11 10:15:00-04:00
2025-03-11 14:30:00+00:00,111.421875,111.421875,111.546875,111.375,111.453125,128803.0,2025-03-11 10:30:00-04:00
2025-03-11 14:45:00+00:00,111.359375,111.359375,111.453125,111.25,111.4375,105431.0,2025-03-11 10:45:00-04:00
2025-03-11 15:00:00+00:00,111.171875,111.171875,111.390625,111.140625,111.359375,94264.0,2025-03-11 11:00:00-04:00
2025-03-11 15:15:00+00:00,111.078125,111.078125,111.203125,111.03125,111.171875,129664.0,2025-03-11 11:15:00-04:00
2025-03-11 15:30:00+00:00,111.078125,111.078125,111.09375,110.953125,111.09375,72977.0,2025-03-11 11:30:00-04:00
2025-03-11 15:45:00+00:00,111.109375,111.109375,111.125,111.0,111.078125,60455.0,2025-03-11 11:45:00-04:00
2025-03-11 16:00:00+00:00,111.171875,111.171875,111.1875,111.078125,111.09375,49686.0,2025-03-11 12:00:00-04:00
2025-03-11 16:15:00+00:00,111.125,111.125,111.1875,111.078125,111.171875,44838.0,2025-03-11 12:15:00-04:00
2025-03-11 16:30:00+00:00,111.125,111.125,111.15625,111.0625,111.125,34781.0,2025-03-11 12:30:00-04:00
2025-03-11 16:45:00+00:00,111.15625,111.15625,111.1875,111.09375,111.125,29870.0,2025-03-11 12:45:00-04:00
2025-03-11 17:00:00+00:00,111.234375,111.234375,111.25,111.140625,111.171875,36542.0,2025-03-11 13:00:00-04:00
2025-03-11 17:15:00+00:00,111.28125,111.28125,111.296875,111.1875,111.234375,41816.0,2025-03-11 13:15:00-04:00
2025-03-11 17:30:00+00:00,111.21875,111.21875,111.34375,111.203125,111.296875,48511.0,2025-03-11 13:30:00-04:00
2025-03-11 17:45:00+00:00,111.21875,111.21875,111.265625,111.15625,111.21875,52608.0,2025-03-11 13:45:00-04:00
2025-03-11 18:00:00+00:00,111.015625,111.015625,111.234375,111.0,111.234375,77415.0,2025-03-11 14:00:00-04:00
2025-03-11 18:15:00+00:00,110.9375,110.9375,111.015625,110.890625,111.0,71320.0,2025-03-11 14:15:00-04:00
2025-03-11 18:30:00+00:00,110.859375,110.859375,111.0,110.828125,110.9375,77010.0,2025-03-11 14:30:00-04:00
2025-03-11 18:45:00+00:00,110.828125,110.828125,110.890625,110.796875,110.859375,115685.0,2025-03-11 14:45:00-04:00
2025-03-11 19:00:00+00:00,110.859375,110.859375,110.921875,110.8125,110.84375,70813.0,2025-03-11 15:00:00-04:00
2025-03-11 19:15:00+00:00,110.921875,110.921875,110.9375,110.859375,110.859375,48151.0,2025-03-11 15:15:00-04:00
2025-03-11 19:30:00+00:00,110.890625,110.890625,110.953125,110.859375,110.921875,32028.0,2025-03-11 15:30:00-04:00
2025-03-11 19:45:00+00:00,110.921875,110.921875,110.9375,110.859375,110.890625,48187.0,2025-03-11 15:45:00-04:00
2025-03-11 20:00:00+00:00,110.875,110.875,110.9375,110.875,110.9375,33873.0,2025-03-11 16:00:00-04:00
2025-03-11 20:15:00+00:00,110.90625,110.90625,110.90625,110.859375,110.890625,17180.0,2025-03-11 16:15:00-04:00
2025-03-11 20:30:00+00:00,110.890625,110.890625,110.90625,110.859375,110.890625,13278.0,2025-03-11 16:30:00-04:00
2025-03-11 20:45:00+00:00,110.890625,110.890625,110.90625,110.875,110.875,11147.0,2025-03-11 16:45:00-04:00
2025-03-11 22:00:00+00:00,110.84375,110.84375,110.890625,110.84375,110.875,4970.0,2025-03-11 18:00:00-04:00
2025-03-11 22:15:00+00:00,110.859375,110.859375,110.875,110.828125,110.84375,1527.0,2025-03-11 18:15:00-04:00
2025-03-11 22:30:00+00:00,110.90625,110.90625,110.90625,110.859375,110.859375,4949.0,2025-03-11 18:30:00-04:00
2025-03-11 22:45:00+00:00,110.90625,110.90625,110.921875,110.890625,110.90625,2425.0,2025-03-11 18:45:00-04:00
2025-03-11 23:00:00+00:00,110.9375,110.9375,110.953125,110.90625,110.90625,2687.0,2025-03-11 19:00:00-04:00
2025-03-11 23:15:00+00:00,110.90625,110.90625,110.9375,110.890625,110.9375,2809.0,2025-03-11 19:15:00-04:00
2025-03-11 23:30:00+00:00,110.90625,110.90625,110.9375,110.90625,110.921875,2188.0,2025-03-11 19:30:00-04:00
2025-03-11 23:45:00+00:00,110.90625,110.90625,110.921875,110.890625,110.90625,3853.0,2025-03-11 19:45:00-04:00
2025-03-12 00:00:00+00:00,110.9375,110.9375,110.9375,110.890625,110.890625,6273.0,2025-03-11 20:00:00-04:00
2025-03-12 00:15:00+00:00,110.96875,110.96875,110.984375,110.9375,110.9375,6890.0,2025-03-11 20:15:00-04:00
2025-03-12 00:30:00+00:00,110.96875,110.96875,111.0,110.953125,110.96875,8389.0,2025-03-11 20:30:00-04:00
2025-03-12 00:45:00+00:00,110.90625,110.90625,110.96875,110.875,110.96875,9479.0,2025-03-11 20:45:00-04:00
2025-03-12 01:00:00+00:00,110.9375,110.9375,110.953125,110.90625,110.90625,5355.0,2025-03-11 21:00:00-04:00
2025-03-12 01:15:00+00:00,110.953125,110.953125,110.953125,110.921875,110.9375,2086.0,2025-03-11 21:15:00-04:00
2025-03-12 01:30:00+00:00,110.90625,110.90625,110.953125,110.890625,110.953125,4957.0,2025-03-11 21:30:00-04:00
2025-03-12 01:45:00+00:00,110.9375,110.9375,110.9375,110.90625,110.921875,2746.0,2025-03-11 21:45:00-04:00
2025-03-12 02:00:00+00:00,110.9375,110.9375,110.984375,110.875,110.921875,6457.0,2025-03-11 22:00:00-04:00
2025-03-12 02:15:00+00:00,110.953125,110.953125,110.96875,110.9375,110.953125,3100.0,2025-03-11 22:15:00-04:00
2025-03-12 02:30:00+00:00,110.953125,110.953125,110.96875,110.953125,110.953125,1802.0,2025-03-11 22:30:00-04:00
2025-03-12 02:45:00+00:00,110.953125,110.953125,110.96875,110.9375,110.96875,3656.0,2025-03-11 22:45:00-04:00
2025-03-12 03:00:00+00:00,110.953125,110.953125,110.96875,110.921875,110.9375,2476.0,2025-03-11 23:00:00-04:00
2025-03-12 03:15:00+00:00,110.96875,110.96875,110.96875,110.9375,110.9375,2502.0,2025-03-11 23:15:00-04:00
2025-03-12 03:30:00+00:00,110.953125,110.953125,110.96875,110.9375,110.96875,2692.0,2025-03-11 23:30:00-04:00
2025-03-12 03:45:00+00:00,110.96875,110.96875,110.96875,110.9375,110.953125,843.0,2025-03-11 23:45:00-04:00
2025-03-12 04:00:00+00:00,110.953125,110.953125,110.96875,110.9375,110.953125,2854.0,2025-03-12 00:00:00-04:00
2025-03-12 04:15:00+00:00,110.953125,110.953125,110.96875,110.953125,110.953125,2184.0,2025-03-12 00:15:00-04:00
2025-03-12 04:30:00+00:00,110.984375,110.984375,110.984375,110.953125,110.953125,980.0,2025-03-12 00:30:00-04:00
2025-03-12 04:45:00+00:00,110.984375,110.984375,110.984375,110.953125,110.984375,1701.0,2025-03-12 00:45:00-04:00
2025-03-12 05:00:00+00:00,111.0,111.0,111.0,110.96875,110.984375,3209.0,2025-03-12 01:00:00-04:00
2025-03-12 05:15:00+00:00,110.984375,110.984375,111.015625,110.984375,111.0,3358.0,2025-03-12 01:15:00-04:00
2025-03-12 05:30:00+00:00,110.96875,110.96875,111.0,110.96875,110.984375,3356.0,2025-03-12 01:30:00-04:00
2025-03-12 05:45:00+00:00,110.96875,110.96875,111.0,110.96875,110.96875,1626.0,2025-03-12 01:45:00-04:00
2025-03-12 06:00:00+00:00,111.015625,111.015625,111.015625,110.96875,110.96875,2431.0,2025-03-12 02:00:00-04:00
2025-03-12 06:15:00+00:00,111.03125,111.03125,111.03125,111.0,111.015625,5325.0,2025-03-12 02:15:00-04:00
2025-03-12 06:30:00+00:00,111.03125,111.03125,111.046875,111.015625,111.03125,4261.0,2025-03-12 02:30:00-04:00
2025-03-12 06:45:00+00:00,111.0625,111.0625,111.0625,111.0,111.015625,6713.0,2025-03-12 02:45:00-04:00
2025-03-12 07:00:00+00:00,111.046875,111.046875,111.0625,111.015625,111.046875,6092.0,2025-03-12 03:00:00-04:00
2025-03-12 07:15:00+00:00,111.0625,111.0625,111.078125,111.03125,111.046875,12779.0,2025-03-12 03:15:00-04:00
2025-03-12 07:30:00+00:00,111.015625,111.015625,111.078125,111.0,111.078125,7765.0,2025-03-12 03:30:00-04:00
2025-03-12 07:45:00+00:00,110.9375,110.9375,111.015625,110.9375,111.015625,15712.0,2025-03-12 03:45:00-04:00
2025-03-12 08:00:00+00:00,110.9375,110.9375,110.953125,110.890625,110.953125,16678.0,2025-03-12 04:00:00-04:00
2025-03-12 08:15:00+00:00,110.9375,110.9375,110.953125,110.921875,110.9219970703125,14387.0,2025-03-12 04:15:00-04:00
2025-03-12 08:30:00+00:00,110.921875,110.921875,110.96875,110.890625,110.9375,11202.0,2025-03-12 04:30:00-04:00
2025-03-12 08:45:00+00:00,110.921875,110.921875,110.984375,110.890625,110.921875,23119.0,2025-03-12 04:45:00-04:00
2025-03-12 09:00:00+00:00,110.953125,110.953125,110.984375,110.90625,110.921875,16615.0,2025-03-12 05:00:00-04:00
2025-03-12 09:15:00+00:00,110.921875,110.921875,110.96875,110.90625,110.9375,6105.0,2025-03-12 05:15:00-04:00
2025-03-12 09:30:00+00:00,110.921875,110.921875,110.96875,110.90625,110.921875,9267.0,2025-03-12 05:30:00-04:00
2025-03-12 09:45:00+00:00,110.90625,110.90625,110.9375,110.875,110.921875,11327.0,2025-03-12 05:45:00-04:00
2025-03-12 10:00:00+00:00,110.859375,110.859375,110.90625,110.84375,110.890625,11110.0,2025-03-12 06:00:00-04:00
2025-03-12 10:15:00+00:00,110.875,110.875,110.90625,110.859375,110.875,7821.0,2025-03-12 06:15:00-04:00
2025-03-12 10:30:00+00:00,110.890625,110.890625,110.921875,110.875,110.875,7741.0,2025-03-12 06:30:00-04:00
2025-03-12 10:45:00+00:00,110.859375,110.859375,110.890625,110.84375,110.890625,9562.0,2025-03-12 06:45:00-04:00
2025-03-12 11:00:00+00:00,110.828125,110.828125,110.875,110.8125,110.859375,17910.0,2025-03-12 07:00:00-04:00
2025-03-12 11:15:00+00:00,110.78125,110.78125,110.84375,110.765625,110.828125,23099.0,2025-03-12 07:15:00-04:00
2025-03-12 11:30:00+00:00,110.78125,110.78125,110.8125,110.75,110.78125,21801.0,2025-03-12 07:30:00-04:00
2025-03-12 11:45:00+00:00,110.6875,110.6875,110.796875,110.671875,110.78125,45603.0,2025-03-12 07:45:00-04:00
2025-03-12 12:00:00+00:00,110.6875,110.6875,110.75,110.609375,110.703125,40844.0,2025-03-12 08:00:00-04:00
2025-03-12 12:15:00+00:00,110.65625,110.65625,110.703125,110.609375,110.6875,57289.0,2025-03-12 08:15:00-04:00
2025-03-12 12:30:00+00:00,110.6875,110.6875,111.21875,110.5625,110.65625,316145.0,2025-03-12 08:30:00-04:00
2025-03-12 12:45:00+00:00,110.5,110.5,110.734375,110.484375,110.6875,139907.0,2025-03-12 08:45:00-04:00
2025-03-12 13:00:00+00:00,110.59375,110.59375,110.609375,110.484375,110.515625,88708.0,2025-03-12 09:00:00-04:00
2025-03-12 13:15:00+00:00,110.609375,110.609375,110.671875,110.5625,110.59375,73219.0,2025-03-12 09:15:00-04:00
2025-03-12 13:30:00+00:00,110.65625,110.65625,110.65625,110.5625,110.59375,64917.0,2025-03-12 09:30:00-04:00
2025-03-12 13:45:00+00:00,110.65625,110.65625,110.75,110.578125,110.640625,99781.0,2025-03-12 09:45:00-04:00
2025-03-12 14:00:00+00:00,110.640625,110.640625,110.75,110.609375,110.65625,70479.0,2025-03-12 10:00:00-04:00
2025-03-12 14:15:00+00:00,110.671875,110.671875,110.71875,110.625,110.625,47624.0,2025-03-12 10:15:00-04:00
2025-03-12 14:30:00+00:00,110.796875,110.796875,110.875,110.671875,110.671875,101592.0,2025-03-12 10:30:00-04:00
2025-03-12 14:45:00+00:00,110.796875,110.796875,110.84375,110.71875,110.8125,58227.0,2025-03-12 10:45:00-04:00
2025-03-12 15:00:00+00:00,110.828125,110.828125,110.875,110.765625,110.796875,64575.0,2025-03-12 11:00:00-04:00
2025-03-12 15:15:00+00:00,110.71875,110.71875,110.84375,110.703125,110.828125,45242.0,2025-03-12 11:15:00-04:00
2025-03-12 15:30:00+00:00,110.65625,110.65625,110.734375,110.640625,110.71875,40128.0,2025-03-12 11:30:00-04:00
2025-03-12 15:45:00+00:00,110.65625,110.65625,110.703125,110.640625,110.671875,38168.0,2025-03-12 11:45:00-04:00
2025-03-12 16:00:00+00:00,110.609375,110.609375,110.671875,110.59375,110.640625,46901.0,2025-03-12 12:00:00-04:00
2025-03-12 16:15:00+00:00,110.640625,110.640625,110.65625,110.59375,110.59375,32523.0,2025-03-12 12:15:00-04:00
2025-03-12 16:30:00+00:00,110.703125,110.703125,110.703125,110.609375,110.625,25798.0,2025-03-12 12:30:00-04:00
2025-03-12 16:45:00+00:00,110.671875,110.671875,110.703125,110.640625,110.6875,32531.0,2025-03-12 12:45:00-04:00
2025-03-12 17:00:00+00:00,110.703125,110.703125,110.765625,110.65625,110.671875,57748.0,2025-03-12 13:00:00-04:00
2025-03-12 17:15:00+00:00,110.71875,110.71875,110.765625,110.703125,110.703125,31660.0,2025-03-12 13:15:00-04:00
2025-03-12 17:30:00+00:00,110.71875,110.71875,110.71875,110.671875,110.71875,22009.0,2025-03-12 13:30:00-04:00
2025-03-12 17:45:00+00:00,110.828125,110.828125,110.84375,110.6875,110.71875,46216.0,2025-03-12 13:45:00-04:00
2025-03-12 18:00:00+00:00,110.734375,110.734375,110.84375,110.71875,110.828125,46470.0,2025-03-12 14:00:00-04:00
2025-03-12 18:15:00+00:00,110.6875,110.6875,110.75,110.6875,110.75,24208.0,2025-03-12 14:15:00-04:00
2025-03-12 18:30:00+00:00,110.609375,110.609375,110.6875,110.609375,110.671875,24683.0,2025-03-12 14:30:00-04:00
2025-03-12 18:45:00+00:00,110.65625,110.65625,110.671875,110.609375,110.609375,75504.0,2025-03-12 14:45:00-04:00
2025-03-12 19:00:00+00:00,110.65625,110.65625,110.6875,110.625,110.640625,50385.0,2025-03-12 15:00:00-04:00
2025-03-12 19:15:00+00:00,110.625,110.625,110.6875,110.609375,110.65625,30536.0,2025-03-12 15:15:00-04:00
2025-03-12 19:30:00+00:00,110.640625,110.640625,110.65625,110.609375,110.640625,19133.0,2025-03-12 15:30:00-04:00
2025-03-12 19:45:00+00:00,110.671875,110.671875,110.671875,110.609375,110.65625,65842.0,2025-03-12 15:45:00-04:00
2025-03-12 20:00:00+00:00,110.6875,110.6875,110.703125,110.640625,110.65625,37987.0,2025-03-12 16:00:00-04:00
2025-03-12 20:15:00+00:00,110.65625,110.65625,110.703125,110.65625,110.6875,17333.0,2025-03-12 16:15:00-04:00
2025-03-12 20:30:00+00:00,110.671875,110.671875,110.6875,110.65625,110.65625,11008.0,2025-03-12 16:30:00-04:00
2025-03-12 20:45:00+00:00,110.671875,110.671875,110.6875,110.640625,110.671875,7655.0,2025-03-12 16:45:00-04:00
2025-03-12 22:00:00+00:00,110.703125,110.703125,110.71875,110.703125,110.703125,3119.0,2025-03-12 18:00:00-04:00
2025-03-12 22:15:00+00:00,110.6875,110.6875,110.71875,110.671875,110.703125,4253.0,2025-03-12 18:15:00-04:00
2025-03-12 22:30:00+00:00,110.6875,110.6875,110.703125,110.671875,110.6875,598.0,2025-03-12 18:30:00-04:00
2025-03-12 22:45:00+00:00,110.703125,110.703125,110.703125,110.671875,110.6875,299.0,2025-03-12 18:45:00-04:00
2025-03-12 23:00:00+00:00,110.65625,110.65625,110.703125,110.640625,110.703125,3199.0,2025-03-12 19:00:00-04:00
2025-03-12 23:15:00+00:00,110.640625,110.640625,110.65625,110.640625,110.65625,911.0,2025-03-12 19:15:00-04:00
2025-03-12 23:30:00+00:00,110.640625,110.640625,110.65625,110.640625,110.640625,469.0,2025-03-12 19:30:00-04:00
2025-03-12 23:45:00+00:00,110.65625,110.65625,110.65625,110.625,110.640625,4424.0,2025-03-12 19:45:00-04:00
2025-03-13 00:00:00+00:00,110.65625,110.65625,110.671875,110.65625,110.65625,3201.0,2025-03-12 20:00:00-04:00
2025-03-13 00:15:00+00:00,110.671875,110.671875,110.6875,110.65625,110.65625,2593.0,2025-03-12 20:15:00-04:00
2025-03-13 00:30:00+00:00,110.671875,110.671875,110.6875,110.65625,110.671875,2329.0,2025-03-12 20:30:00-04:00
2025-03-13 00:45:00+00:00,110.734375,110.734375,110.734375,110.65625,110.671875,5793.0,2025-03-12 20:45:00-04:00
2025-03-13 01:00:00+00:00,110.71875,110.71875,110.765625,110.703125,110.734375,8127.0,2025-03-12 21:00:00-04:00
2025-03-13 01:15:00+00:00,110.703125,110.703125,110.71875,110.671875,110.703125,5568.0,2025-03-12 21:15:00-04:00
2025-03-13 01:30:00+00:00,110.734375,110.734375,110.734375,110.703125,110.703125,3275.0,2025-03-12 21:30:00-04:00
2025-03-13 01:45:00+00:00,110.734375,110.734375,110.75,110.71875,110.734375,4571.0,2025-03-12 21:45:00-04:00
2025-03-13 02:00:00+00:00,110.75,110.75,110.765625,110.734375,110.75,3142.0,2025-03-12 22:00:00-04:00
2025-03-13 02:15:00+00:00,110.78125,110.78125,110.78125,110.734375,110.75,3219.0,2025-03-12 22:15:00-04:00
2025-03-13 02:30:00+00:00,110.765625,110.765625,110.796875,110.765625,110.78125,8309.0,2025-03-12 22:30:00-04:00
2025-03-13 02:45:00+00:00,110.765625,110.765625,110.78125,110.765625,110.78125,2964.0,2025-03-12 22:45:00-04:00
2025-03-13 03:00:00+00:00,110.78125,110.78125,110.78125,110.765625,110.765625,1845.0,2025-03-12 23:00:00-04:00
2025-03-13 03:15:00+00:00,110.78125,110.78125,110.796875,110.765625,110.78125,3928.0,2025-03-12 23:15:00-04:00
2025-03-13 03:30:00+00:00,110.78125,110.78125,110.8125,110.765625,110.78125,4490.0,2025-03-12 23:30:00-04:00
2025-03-13 03:45:00+00:00,110.796875,110.796875,110.796875,110.765625,110.78125,1969.0,2025-03-12 23:45:00-04:00
2025-03-13 04:00:00+00:00,110.765625,110.765625,110.796875,110.75,110.796875,3388.0,2025-03-13 00:00:00-04:00
2025-03-13 04:15:00+00:00,110.78125,110.78125,110.796875,110.765625,110.765625,1420.0,2025-03-13 00:15:00-04:00
2025-03-13 04:30:00+00:00,110.8125,110.8125,110.828125,110.78125,110.78125,5491.0,2025-03-13 00:30:00-04:00
2025-03-13 04:45:00+00:00,110.78125,110.78125,110.796875,110.78125,110.796875,1895.0,2025-03-13 00:45:00-04:00
2025-03-13 05:00:00+00:00,110.765625,110.765625,110.796875,110.765625,110.796875,3180.0,2025-03-13 01:00:00-04:00
2025-03-13 05:15:00+00:00,110.78125,110.78125,110.796875,110.765625,110.765625,4166.0,2025-03-13 01:15:00-04:00
2025-03-13 05:30:00+00:00,110.796875,110.796875,110.8125,110.78125,110.796875,4472.0,2025-03-13 01:30:00-04:00
2025-03-13 05:45:00+00:00,110.78125,110.78125,110.8125,110.765625,110.8125,2433.0,2025-03-13 01:45:00-04:00
2025-03-13 06:00:00+00:00,110.796875,110.796875,110.828125,110.765625,110.78125,6140.0,2025-03-13 02:00:00-04:00
2025-03-13 06:15:00+00:00,110.84375,110.84375,110.875,110.796875,110.796875,13913.0,2025-03-13 02:15:00-04:00
2025-03-13 06:30:00+00:00,110.84375,110.84375,110.859375,110.828125,110.859375,8825.0,2025-03-13 02:30:00-04:00
2025-03-13 06:45:00+00:00,110.765625,110.765625,110.828125,110.765625,110.828125,6486.0,2025-03-13 02:45:00-04:00
2025-03-13 07:00:00+00:00,110.71875,110.71875,110.765625,110.71875,110.765625,14463.0,2025-03-13 03:00:00-04:00
2025-03-13 07:15:00+00:00,110.703125,110.703125,110.734375,110.703125,110.734375,12330.0,2025-03-13 03:15:00-04:00
2025-03-13 07:30:00+00:00,110.71875,110.71875,110.75,110.671875,110.703125,21191.0,2025-03-13 03:30:00-04:00
2025-03-13 07:45:00+00:00,110.703125,110.703125,110.734375,110.6875,110.71875,10431.0,2025-03-13 03:45:00-04:00
2025-03-13 08:00:00+00:00,110.71875,110.71875,110.71875,110.6875,110.703125,8859.0,2025-03-13 04:00:00-04:00
2025-03-13 08:15:00+00:00,110.65625,110.65625,110.75,110.640625,110.73400115966795,23402.0,2025-03-13 04:15:00-04:00
2025-03-13 08:30:00+00:00,110.71875,110.71875,110.71875,110.640625,110.65625,9785.0,2025-03-13 04:30:00-04:00
2025-03-13 08:45:00+00:00,110.6875,110.6875,110.71875,110.65625,110.71875,10626.0,2025-03-13 04:45:00-04:00
2025-03-13 09:00:00+00:00,110.671875,110.671875,110.703125,110.65625,110.671875,9437.0,2025-03-13 05:00:00-04:00
2025-03-13 09:15:00+00:00,110.640625,110.640625,110.671875,110.625,110.671875,12616.0,2025-03-13 05:15:00-04:00
2025-03-13 09:30:00+00:00,110.59375,110.59375,110.65625,110.5625,110.65625,20527.0,2025-03-13 05:30:00-04:00
2025-03-13 09:45:00+00:00,110.609375,110.609375,110.625,110.578125,110.578125,6707.0,2025-03-13 05:45:00-04:00
2025-03-13 10:00:00+00:00,110.59375,110.59375,110.625,110.578125,110.59375,9622.0,2025-03-13 06:00:00-04:00
2025-03-13 10:15:00+00:00,110.5625,110.5625,110.625,110.5625,110.59375,8701.0,2025-03-13 06:15:00-04:00
2025-03-13 10:30:00+00:00,110.546875,110.546875,110.578125,110.546875,110.5625,12882.0,2025-03-13 06:30:00-04:00
2025-03-13 10:45:00+00:00,110.53125,110.53125,110.5625,110.53125,110.546875,15968.0,2025-03-13 06:45:00-04:00
2025-03-13 11:00:00+00:00,110.515625,110.515625,110.53125,110.5,110.515625,20454.0,2025-03-13 07:00:00-04:00
2025-03-13 11:15:00+00:00,110.515625,110.515625,110.546875,110.453125,110.515625,43246.0,2025-03-13 07:15:00-04:00
2025-03-13 11:30:00+00:00,110.578125,110.578125,110.59375,110.5,110.53125,22178.0,2025-03-13 07:30:00-04:00
2025-03-13 11:45:00+00:00,110.515625,110.515625,110.59375,110.515625,110.578125,24476.0,2025-03-13 07:45:00-04:00
2025-03-13 12:00:00+00:00,110.609375,110.609375,110.609375,110.515625,110.515625,30374.0,2025-03-13 08:00:00-04:00
2025-03-13 12:15:00+00:00,110.5625,110.5625,110.609375,110.53125,110.609375,30091.0,2025-03-13 08:15:00-04:00
2025-03-13 12:30:00+00:00,110.453125,110.453125,110.765625,110.453125,110.578125,177925.0,2025-03-13 08:30:00-04:00
2025-03-13 12:45:00+00:00,110.53125,110.53125,110.5625,110.453125,110.453125,49160.0,2025-03-13 08:45:00-04:00
2025-03-13 13:00:00+00:00,110.484375,110.484375,110.578125,110.4375,110.515625,49574.0,2025-03-13 09:00:00-04:00
2025-03-13 13:15:00+00:00,110.515625,110.515625,110.515625,110.46875,110.484375,27875.0,2025-03-13 09:15:00-04:00
2025-03-13 13:30:00+00:00,110.421875,110.421875,110.546875,110.390625,110.5,68584.0,2025-03-13 09:30:00-04:00
2025-03-13 13:45:00+00:00,110.515625,110.515625,110.578125,110.40625,110.421875,82726.0,2025-03-13 09:45:00-04:00
2025-03-13 14:00:00+00:00,110.46875,110.46875,110.578125,110.46875,110.515625,57837.0,2025-03-13 10:00:00-04:00
2025-03-13 14:15:00+00:00,110.53125,110.53125,110.546875,110.453125,110.46875,39943.0,2025-03-13 10:15:00-04:00
2025-03-13 14:30:00+00:00,110.578125,110.578125,110.578125,110.46875,110.53125,40086.0,2025-03-13 10:30:00-04:00
2025-03-13 14:45:00+00:00,110.609375,110.609375,110.65625,110.546875,110.578125,51650.0,2025-03-13 10:45:00-04:00
2025-03-13 15:00:00+00:00,110.671875,110.671875,110.6875,110.5625,110.609375,60476.0,2025-03-13 11:00:00-04:00
2025-03-13 15:15:00+00:00,110.71875,110.71875,110.75,110.65625,110.671875,56273.0,2025-03-13 11:15:00-04:00
2025-03-13 15:30:00+00:00,110.734375,110.734375,110.8125,110.6875,110.734375,93606.0,2025-03-13 11:30:00-04:00
2025-03-13 15:45:00+00:00,110.78125,110.78125,110.78125,110.6875,110.75,44977.0,2025-03-13 11:45:00-04:00
2025-03-13 16:00:00+00:00,110.71875,110.71875,110.78125,110.671875,110.765625,30893.0,2025-03-13 12:00:00-04:00
2025-03-13 16:15:00+00:00,110.765625,110.765625,110.78125,110.703125,110.71875,42094.0,2025-03-13 12:15:00-04:00
2025-03-13 16:30:00+00:00,110.75,110.75,110.78125,110.6875,110.765625,43610.0,2025-03-13 12:30:00-04:00
2025-03-13 16:45:00+00:00,110.828125,110.828125,110.859375,110.75,110.765625,64445.0,2025-03-13 12:45:00-04:00
2025-03-13 17:00:00+00:00,110.84375,110.84375,110.875,110.796875,110.828125,39793.0,2025-03-13 13:00:00-04:00
2025-03-13 17:15:00+00:00,110.9375,110.9375,110.96875,110.84375,110.84375,54084.0,2025-03-13 13:15:00-04:00
2025-03-13 17:30:00+00:00,111.03125,111.03125,111.03125,110.921875,110.9375,1769431.0,2025-03-13 13:30:00-04:00
2025-03-13 17:45:00+00:00,111.046875,111.046875,111.078125,110.984375,111.03125,60487.0,2025-03-13 13:45:00-04:00
2025-03-13 18:00:00+00:00,110.953125,110.953125,111.0625,110.9375,111.046875,35085.0,2025-03-13 14:00:00-04:00
2025-03-13 18:15:00+00:00,110.96875,110.96875,111.0,110.9375,110.953125,41586.0,2025-03-13 14:15:00-04:00
2025-03-13 18:30:00+00:00,110.921875,110.921875,110.984375,110.90625,110.953125,21046.0,2025-03-13 14:30:00-04:00
2025-03-13 18:45:00+00:00,110.953125,110.953125,110.96875,110.90625,110.921875,50584.0,2025-03-13 14:45:00-04:00
2025-03-13 19:00:00+00:00,110.96875,110.96875,110.984375,110.890625,110.953125,28134.0,2025-03-13 15:00:00-04:00
2025-03-13 19:15:00+00:00,110.96875,110.96875,111.0,110.9375,110.96875,20625.0,2025-03-13 15:15:00-04:00
2025-03-13 19:30:00+00:00,111.0,111.0,111.03125,110.96875,110.96875,42582.0,2025-03-13 15:30:00-04:00
2025-03-13 19:45:00+00:00,111.0,111.0,111.046875,110.984375,111.0,34758.0,2025-03-13 15:45:00-04:00
2025-03-13 20:00:00+00:00,110.96875,110.96875,111.015625,110.953125,111.0,15553.0,2025-03-13 16:00:00-04:00
2025-03-13 20:15:00+00:00,110.96875,110.96875,110.96875,110.9375,110.953125,8760.0,2025-03-13 16:15:00-04:00
2025-03-13 20:30:00+00:00,110.953125,110.953125,111.0,110.953125,110.96875,16520.0,2025-03-13 16:30:00-04:00
2025-03-13 20:45:00+00:00,110.953125,110.953125,110.984375,110.953125,110.953125,7204.0,2025-03-13 16:45:00-04:00
2025-03-13 22:00:00+00:00,110.90625,110.90625,110.96875,110.90625,110.953125,2809.0,2025-03-13 18:00:00-04:00
2025-03-13 22:15:00+00:00,110.9375,110.9375,110.9375,110.890625,110.90625,2781.0,2025-03-13 18:15:00-04:00
2025-03-13 22:30:00+00:00,110.921875,110.921875,110.9375,110.921875,110.9375,913.0,2025-03-13 18:30:00-04:00
2025-03-13 22:45:00+00:00,110.90625,110.90625,110.921875,110.890625,110.921875,2790.0,2025-03-13 18:45:00-04:00
2025-03-13 23:00:00+00:00,110.890625,110.890625,110.90625,110.796875,110.90625,3184.0,2025-03-13 19:00:00-04:00
2025-03-13 23:15:00+00:00,110.890625,110.890625,110.90625,110.875,110.890625,1477.0,2025-03-13 19:15:00-04:00
2025-03-13 23:30:00+00:00,110.890625,110.890625,110.90625,110.890625,110.890625,675.0,2025-03-13 19:30:00-04:00
2025-03-13 23:45:00+00:00,110.921875,110.921875,110.921875,110.890625,110.90625,3436.0,2025-03-13 19:45:00-04:00
2025-03-14 00:00:00+00:00,110.90625,110.90625,110.9375,110.90625,110.90625,3391.0,2025-03-13 20:00:00-04:00
2025-03-14 00:15:00+00:00,110.890625,110.890625,110.9375,110.890625,110.921875,2515.0,2025-03-13 20:15:00-04:00
2025-03-14 00:30:00+00:00,110.890625,110.890625,110.90625,110.875,110.890625,3606.0,2025-03-13 20:30:00-04:00
2025-03-14 00:45:00+00:00,110.875,110.875,110.90625,110.859375,110.890625,2714.0,2025-03-13 20:45:00-04:00
2025-03-14 01:00:00+00:00,110.859375,110.859375,110.875,110.859375,110.875,3158.0,2025-03-13 21:00:00-04:00
2025-03-14 01:15:00+00:00,110.875,110.875,110.890625,110.859375,110.875,3554.0,2025-03-13 21:15:00-04:00
2025-03-14 01:30:00+00:00,110.921875,110.921875,110.921875,110.890625,110.890625,4005.0,2025-03-13 21:30:00-04:00
2025-03-14 01:45:00+00:00,110.90625,110.90625,110.921875,110.875,110.921875,6240.0,2025-03-13 21:45:00-04:00
2025-03-14 02:00:00+00:00,110.875,110.875,110.90625,110.875,110.90625,2773.0,2025-03-13 22:00:00-04:00
2025-03-14 02:15:00+00:00,110.890625,110.890625,110.890625,110.875,110.875,546.0,2025-03-13 22:15:00-04:00
2025-03-14 02:30:00+00:00,110.875,110.875,110.890625,110.875,110.890625,2088.0,2025-03-13 22:30:00-04:00
2025-03-14 02:45:00+00:00,110.859375,110.859375,110.890625,110.859375,110.890625,2546.0,2025-03-13 22:45:00-04:00
2025-03-14 03:00:00+00:00,110.828125,110.828125,110.875,110.828125,110.859375,4068.0,2025-03-13 23:00:00-04:00
2025-03-14 03:15:00+00:00,110.828125,110.828125,110.84375,110.8125,110.828125,2019.0,2025-03-13 23:15:00-04:00
2025-03-14 03:30:00+00:00,110.828125,110.828125,110.84375,110.828125,110.828125,215.0,2025-03-13 23:30:00-04:00
2025-03-14 03:45:00+00:00,110.796875,110.796875,110.84375,110.796875,110.828125,4290.0,2025-03-13 23:45:00-04:00
2025-03-14 04:00:00+00:00,110.828125,110.828125,110.828125,110.796875,110.796875,1685.0,2025-03-14 00:00:00-04:00
2025-03-14 04:15:00+00:00,110.8125,110.8125,110.828125,110.796875,110.828125,3173.0,2025-03-14 00:15:00-04:00
2025-03-14 04:30:00+00:00,110.828125,110.828125,110.828125,110.8125,110.8125,1242.0,2025-03-14 00:30:00-04:00
2025-03-14 04:45:00+00:00,110.828125,110.828125,110.828125,110.8125,110.828125,1027.0,2025-03-14 00:45:00-04:00
2025-03-14 05:00:00+00:00,110.828125,110.828125,110.828125,110.8125,110.828125,1721.0,2025-03-14 01:00:00-04:00
2025-03-14 05:15:00+00:00,110.828125,110.828125,110.828125,110.8125,110.8125,1217.0,2025-03-14 01:15:00-04:00
2025-03-14 05:30:00+00:00,110.8125,110.8125,110.828125,110.8125,110.8125,1258.0,2025-03-14 01:30:00-04:00
2025-03-14 05:45:00+00:00,110.859375,110.859375,110.859375,110.828125,110.828125,1722.0,2025-03-14 01:45:00-04:00
2025-03-14 06:00:00+00:00,110.828125,110.828125,110.859375,110.8125,110.84375,5321.0,2025-03-14 02:00:00-04:00
2025-03-14 06:15:00+00:00,110.8125,110.8125,110.828125,110.8125,110.8125,1654.0,2025-03-14 02:15:00-04:00
2025-03-14 06:30:00+00:00,110.828125,110.828125,110.828125,110.8125,110.8125,4941.0,2025-03-14 02:30:00-04:00
2025-03-14 06:45:00+00:00,110.828125,110.828125,110.84375,110.796875,110.828125,5210.0,2025-03-14 02:45:00-04:00
2025-03-14 07:00:00+00:00,110.8125,110.8125,110.859375,110.8125,110.828125,10069.0,2025-03-14 03:00:00-04:00
2025-03-14 07:15:00+00:00,110.8125,110.8125,110.84375,110.796875,110.828125,8659.0,2025-03-14 03:15:00-04:00
2025-03-14 07:30:00+00:00,110.84375,110.84375,110.875,110.828125,110.828125,10366.0,2025-03-14 03:30:00-04:00
2025-03-14 07:45:00+00:00,110.875,110.875,110.875,110.828125,110.84375,8767.0,2025-03-14 03:45:00-04:00
2025-03-14 08:00:00+00:00,110.859375,110.859375,110.921875,110.859375,110.875,22237.0,2025-03-14 04:00:00-04:00
2025-03-14 08:15:00+00:00,110.796875,110.796875,110.859375,110.78125,110.859375,12136.0,2025-03-14 04:15:00-04:00
2025-03-14 08:30:00+00:00,110.796875,110.796875,110.8125,110.78125,110.78125,10829.0,2025-03-14 04:30:00-04:00
2025-03-14 08:45:00+00:00,110.796875,110.796875,110.8125,110.78125,110.796875,5385.0,2025-03-14 04:45:00-04:00
2025-03-14 09:00:00+00:00,110.765625,110.765625,110.796875,110.75,110.796875,9118.0,2025-03-14 05:00:00-04:00
2025-03-14 09:15:00+00:00,110.78125,110.78125,110.796875,110.75,110.78125,9771.0,2025-03-14 05:15:00-04:00
2025-03-14 09:30:00+00:00,110.78125,110.78125,110.796875,110.78125,110.796875,5999.0,2025-03-14 05:30:00-04:00
2025-03-14 09:45:00+00:00,110.765625,110.765625,110.796875,110.75,110.78125,6794.0,2025-03-14 05:45:00-04:00
2025-03-14 10:00:00+00:00,110.78125,110.78125,110.796875,110.765625,110.765625,5861.0,2025-03-14 06:00:00-04:00
2025-03-14 10:15:00+00:00,110.8125,110.8125,110.828125,110.765625,110.78125,8477.0,2025-03-14 06:15:00-04:00
2025-03-14 10:30:00+00:00,110.8125,110.8125,110.859375,110.796875,110.8125,15111.0,2025-03-14 06:30:00-04:00
2025-03-14 10:45:00+00:00,110.765625,110.765625,110.828125,110.75,110.828125,22798.0,2025-03-14 06:45:00-04:00
2025-03-14 11:00:00+00:00,110.78125,110.78125,110.796875,110.71875,110.765625,19179.0,2025-03-14 07:00:00-04:00
2025-03-14 11:15:00+00:00,110.78125,110.78125,110.8125,110.765625,110.78125,16680.0,2025-03-14 07:15:00-04:00
2025-03-14 11:30:00+00:00,110.75,110.75,110.78125,110.734375,110.78125,12652.0,2025-03-14 07:30:00-04:00
2025-03-14 11:45:00+00:00,110.71875,110.71875,110.765625,110.71875,110.75,18230.0,2025-03-14 07:45:00-04:00
2025-03-14 12:00:00+00:00,110.703125,110.703125,110.734375,110.65625,110.734375,30093.0,2025-03-14 08:00:00-04:00
2025-03-14 12:15:00+00:00,110.640625,110.640625,110.703125,110.609375,110.6875,38993.0,2025-03-14 08:15:00-04:00
2025-03-14 12:30:00+00:00,110.6875,110.6875,110.6875,110.625,110.640625,41413.0,2025-03-14 08:30:00-04:00
2025-03-14 12:45:00+00:00,110.703125,110.703125,110.703125,110.640625,110.671875,33889.0,2025-03-14 08:45:00-04:00
2025-03-14 13:00:00+00:00,110.640625,110.640625,110.75,110.640625,110.703125,42421.0,2025-03-14 09:00:00-04:00
2025-03-14 13:15:00+00:00,110.734375,110.734375,110.75,110.640625,110.640625,24380.0,2025-03-14 09:15:00-04:00
2025-03-14 13:30:00+00:00,110.703125,110.703125,110.796875,110.6875,110.734375,64335.0,2025-03-14 09:30:00-04:00
2025-03-14 13:45:00+00:00,110.75,110.75,110.75,110.671875,110.703125,34336.0,2025-03-14 09:45:00-04:00
2025-03-14 14:00:00+00:00,110.703125,110.703125,110.765625,110.59375,110.734375,104022.0,2025-03-14 10:00:00-04:00
2025-03-14 14:15:00+00:00,110.71875,110.71875,110.78125,110.671875,110.71875,52888.0,2025-03-14 10:15:00-04:00
2025-03-14 14:30:00+00:00,110.71875,110.71875,110.796875,110.6875,110.71875,50438.0,2025-03-14 10:30:00-04:00
2025-03-14 14:45:00+00:00,110.71875,110.71875,110.78125,110.6875,110.703125,41001.0,2025-03-14 10:45:00-04:00
2025-03-14 15:00:00+00:00,110.6875,110.6875,110.734375,110.625,110.71875,55310.0,2025-03-14 11:00:00-04:00
2025-03-14 15:15:00+00:00,110.703125,110.703125,110.75,110.65625,110.703125,41662.0,2025-03-14 11:15:00-04:00
2025-03-14 15:30:00+00:00,110.65625,110.65625,110.71875,110.625,110.703125,33793.0,2025-03-14 11:30:00-04:00
2025-03-14 15:45:00+00:00,110.671875,110.671875,110.71875,110.640625,110.640625,26044.0,2025-03-14 11:45:00-04:00
2025-03-14 16:00:00+00:00,110.734375,110.734375,110.75,110.640625,110.65625,38702.0,2025-03-14 12:00:00-04:00
2025-03-14 16:15:00+00:00,110.75,110.75,110.765625,110.703125,110.734375,30150.0,2025-03-14 12:15:00-04:00
2025-03-14 16:30:00+00:00,110.734375,110.734375,110.75,110.71875,110.75,16931.0,2025-03-14 12:30:00-04:00
2025-03-14 16:45:00+00:00,110.71875,110.71875,110.75,110.71875,110.75,17358.0,2025-03-14 12:45:00-04:00
2025-03-14 17:00:00+00:00,110.734375,110.734375,110.734375,110.6875,110.734375,27216.0,2025-03-14 13:00:00-04:00
2025-03-14 17:15:00+00:00,110.734375,110.734375,110.75,110.71875,110.734375,10120.0,2025-03-14 13:15:00-04:00
2025-03-14 17:30:00+00:00,110.703125,110.703125,110.75,110.6875,110.71875,14551.0,2025-03-14 13:30:00-04:00
2025-03-14 17:45:00+00:00,110.6875,110.6875,110.71875,110.671875,110.703125,25009.0,2025-03-14 13:45:00-04:00
2025-03-14 18:00:00+00:00,110.6875,110.6875,110.6875,110.65625,110.671875,10714.0,2025-03-14 14:00:00-04:00
2025-03-14 18:15:00+00:00,110.65625,110.65625,110.6875,110.65625,110.671875,6864.0,2025-03-14 14:15:00-04:00
2025-03-14 18:30:00+00:00,110.640625,110.640625,110.671875,110.625,110.65625,19503.0,2025-03-14 14:30:00-04:00
2025-03-14 18:45:00+00:00,110.640625,110.640625,110.65625,110.609375,110.640625,50269.0,2025-03-14 14:45:00-04:00
2025-03-14 19:00:00+00:00,110.59375,110.59375,110.65625,110.59375,110.640625,44407.0,2025-03-14 15:00:00-04:00
2025-03-14 19:15:00+00:00,110.625,110.625,110.625,110.59375,110.59375,17871.0,2025-03-14 15:15:00-04:00
2025-03-14 19:30:00+00:00,110.609375,110.609375,110.625,110.59375,110.609375,13874.0,2025-03-14 15:30:00-04:00
2025-03-14 19:45:00+00:00,110.59375,110.59375,110.609375,110.578125,110.609375,22081.0,2025-03-14 15:45:00-04:00
2025-03-14 20:00:00+00:00,110.578125,110.578125,110.609375,110.5625,110.59375,23026.0,2025-03-14 16:00:00-04:00
2025-03-14 20:15:00+00:00,110.578125,110.578125,110.59375,110.5625,110.578125,13380.0,2025-03-14 16:15:00-04:00
2025-03-14 20:30:00+00:00,110.59375,110.59375,110.59375,110.5625,110.5625,8932.0,2025-03-14 16:30:00-04:00
2025-03-14 20:45:00+00:00,110.609375,110.609375,110.625,110.5625,110.59375,8625.0,2025-03-14 16:45:00-04:00
2025-03-16 22:00:00+00:00,110.65625,110.65625,110.671875,110.59375,110.625,7475.0,2025-03-16 18:00:00-04:00
2025-03-16 22:15:00+00:00,110.6875,110.6875,110.703125,110.65625,110.65625,3059.0,2025-03-16 18:15:00-04:00
2025-03-16 22:30:00+00:00,110.71875,110.71875,110.71875,110.671875,110.6875,3918.0,2025-03-16 18:30:00-04:00
2025-03-16 22:45:00+00:00,110.75,110.75,110.765625,110.703125,110.703125,9243.0,2025-03-16 18:45:00-04:00
2025-03-16 23:00:00+00:00,110.8125,110.8125,110.8125,110.75,110.765625,6711.0,2025-03-16 19:00:00-04:00
2025-03-16 23:15:00+00:00,110.765625,110.765625,110.8125,110.765625,110.8125,3018.0,2025-03-16 19:15:00-04:00
2025-03-16 23:30:00+00:00,110.765625,110.765625,110.78125,110.75,110.765625,1696.0,2025-03-16 19:30:00-04:00
2025-03-16 23:45:00+00:00,110.765625,110.765625,110.78125,110.765625,110.765625,724.0,2025-03-16 19:45:00-04:00
2025-03-17 00:00:00+00:00,110.71875,110.71875,110.78125,110.71875,110.765625,5440.0,2025-03-16 20:00:00-04:00
2025-03-17 00:15:00+00:00,110.6875,110.6875,110.734375,110.671875,110.71875,1921.0,2025-03-16 20:15:00-04:00
2025-03-17 00:30:00+00:00,110.703125,110.703125,110.71875,110.671875,110.6875,3308.0,2025-03-16 20:30:00-04:00
2025-03-17 00:45:00+00:00,110.6875,110.6875,110.703125,110.6875,110.6875,3209.0,2025-03-16 20:45:00-04:00
2025-03-17 01:00:00+00:00,110.671875,110.671875,110.6875,110.640625,110.6875,5203.0,2025-03-16 21:00:00-04:00
2025-03-17 01:15:00+00:00,110.671875,110.671875,110.6875,110.65625,110.65625,1877.0,2025-03-16 21:15:00-04:00
2025-03-17 01:30:00+00:00,110.65625,110.65625,110.6875,110.640625,110.65625,1861.0,2025-03-16 21:30:00-04:00
2025-03-17 01:45:00+00:00,110.640625,110.640625,110.671875,110.625,110.65625,3929.0,2025-03-16 21:45:00-04:00
2025-03-17 02:00:00+00:00,110.65625,110.65625,110.671875,110.640625,110.640625,3405.0,2025-03-16 22:00:00-04:00
2025-03-17 02:15:00+00:00,110.640625,110.640625,110.671875,110.640625,110.65625,1019.0,2025-03-16 22:15:00-04:00
2025-03-17 02:30:00+00:00,110.65625,110.65625,110.65625,110.625,110.65625,3245.0,2025-03-16 22:30:00-04:00
2025-03-17 02:45:00+00:00,110.65625,110.65625,110.65625,110.640625,110.65625,2549.0,2025-03-16 22:45:00-04:00
2025-03-17 03:00:00+00:00,110.640625,110.640625,110.65625,110.625,110.640625,3937.0,2025-03-16 23:00:00-04:00
2025-03-17 03:15:00+00:00,110.640625,110.640625,110.671875,110.625,110.65625,3896.0,2025-03-16 23:15:00-04:00
2025-03-17 03:30:00+00:00,110.640625,110.640625,110.65625,110.625,110.640625,2158.0,2025-03-16 23:30:00-04:00
2025-03-17 03:45:00+00:00,110.640625,110.640625,110.65625,110.609375,110.640625,3347.0,2025-03-16 23:45:00-04:00
2025-03-17 04:00:00+00:00,110.625,110.625,110.65625,110.609375,110.65625,5054.0,2025-03-17 00:00:00-04:00
2025-03-17 04:15:00+00:00,110.671875,110.671875,110.671875,110.625,110.625,6724.0,2025-03-17 00:15:00-04:00
2025-03-17 04:30:00+00:00,110.640625,110.640625,110.671875,110.640625,110.671875,1572.0,2025-03-17 00:30:00-04:00
2025-03-17 04:45:00+00:00,110.640625,110.640625,110.65625,110.640625,110.640625,442.0,2025-03-17 00:45:00-04:00
2025-03-17 05:00:00+00:00,110.640625,110.640625,110.671875,110.640625,110.65625,6598.0,2025-03-17 01:00:00-04:00
2025-03-17 05:15:00+00:00,110.640625,110.640625,110.640625,110.625,110.640625,6633.0,2025-03-17 01:15:00-04:00
2025-03-17 05:30:00+00:00,110.640625,110.640625,110.65625,110.625,110.65625,3027.0,2025-03-17 01:30:00-04:00
2025-03-17 05:45:00+00:00,110.65625,110.65625,110.65625,110.625,110.640625,3081.0,2025-03-17 01:45:00-04:00
2025-03-17 06:00:00+00:00,110.6875,110.6875,110.6875,110.65625,110.65625,2275.0,2025-03-17 02:00:00-04:00
2025-03-17 06:15:00+00:00,110.71875,110.71875,110.71875,110.671875,110.6875,6073.0,2025-03-17 02:15:00-04:00
2025-03-17 06:30:00+00:00,110.703125,110.703125,110.734375,110.703125,110.71875,4112.0,2025-03-17 02:30:00-04:00
2025-03-17 06:45:00+00:00,110.703125,110.703125,110.71875,110.6875,110.71875,3299.0,2025-03-17 02:45:00-04:00
2025-03-17 07:00:00+00:00,110.6875,110.6875,110.703125,110.65625,110.703125,7536.0,2025-03-17 03:00:00-04:00
2025-03-17 07:15:00+00:00,110.703125,110.703125,110.71875,110.671875,110.6875,6423.0,2025-03-17 03:15:00-04:00
2025-03-17 07:30:00+00:00,110.6875,110.6875,110.703125,110.671875,110.6875,4987.0,2025-03-17 03:30:00-04:00
2025-03-17 07:45:00+00:00,110.65625,110.65625,110.6875,110.640625,110.6875,7373.0,2025-03-17 03:45:00-04:00
2025-03-17 08:00:00+00:00,110.65625,110.65625,110.734375,110.65625,110.671875,22835.0,2025-03-17 04:00:00-04:00
2025-03-17 08:15:00+00:00,110.640625,110.640625,110.640625,110.59375,110.60900115966797,25977.0,2025-03-17 04:15:00-04:00
2025-03-17 08:30:00+00:00,110.71875,110.71875,110.71875,110.640625,110.640625,15265.0,2025-03-17 04:30:00-04:00
2025-03-17 08:45:00+00:00,110.71875,110.71875,110.71875,110.671875,110.71875,13434.0,2025-03-17 04:45:00-04:00
2025-03-17 09:00:00+00:00,110.734375,110.734375,110.75,110.71875,110.71875,11377.0,2025-03-17 05:00:00-04:00
2025-03-17 09:15:00+00:00,110.765625,110.765625,110.78125,110.734375,110.75,12484.0,2025-03-17 05:15:00-04:00
2025-03-17 09:30:00+00:00,110.765625,110.765625,110.796875,110.75,110.765625,14467.0,2025-03-17 05:30:00-04:00
2025-03-17 09:45:00+00:00,110.78125,110.78125,110.796875,110.75,110.765625,4533.0,2025-03-17 05:45:00-04:00
2025-03-17 10:00:00+00:00,110.78125,110.78125,110.78125,110.75,110.765625,9825.0,2025-03-17 06:00:00-04:00
2025-03-17 10:15:00+00:00,110.78125,110.78125,110.796875,110.765625,110.76599884033203,7652.0,2025-03-17 06:15:00-04:00
2025-03-17 10:30:00+00:00,110.765625,110.765625,110.796875,110.75,110.78125,12466.0,2025-03-17 06:30:00-04:00
2025-03-17 10:45:00+00:00,110.71875,110.71875,110.78125,110.71875,110.78125,12529.0,2025-03-17 06:45:00-04:00
2025-03-17 11:00:00+00:00,110.71875,110.71875,110.734375,110.703125,110.71875,22031.0,2025-03-17 07:00:00-04:00
2025-03-17 11:15:00+00:00,110.703125,110.703125,110.734375,110.6875,110.734375,13044.0,2025-03-17 07:15:00-04:00
2025-03-17 11:30:00+00:00,110.71875,110.71875,110.71875,110.6875,110.703125,12031.0,2025-03-17 07:30:00-04:00
2025-03-17 11:45:00+00:00,110.734375,110.734375,110.75,110.703125,110.71875,12749.0,2025-03-17 07:45:00-04:00
2025-03-17 12:00:00+00:00,110.796875,110.796875,110.8125,110.703125,110.71875,28644.0,2025-03-17 08:00:00-04:00
2025-03-17 12:15:00+00:00,110.734375,110.734375,110.8125,110.6875,110.796875,55464.0,2025-03-17 08:15:00-04:00
2025-03-17 12:30:00+00:00,110.46875,110.46875,110.859375,110.4375,110.734375,187396.0,2025-03-17 08:30:00-04:00
2025-03-17 12:45:00+00:00,110.53125,110.53125,110.53125,110.4375,110.484375,63356.0,2025-03-17 08:45:00-04:00
2025-03-17 13:00:00+00:00,110.59375,110.59375,110.640625,110.515625,110.515625,53812.0,2025-03-17 09:00:00-04:00
2025-03-17 13:15:00+00:00,110.71875,110.71875,110.75,110.59375,110.59375,79961.0,2025-03-17 09:15:00-04:00
2025-03-17 13:30:00+00:00,110.625,110.625,110.75,110.609375,110.734375,70727.0,2025-03-17 09:30:00-04:00
2025-03-17 13:45:00+00:00,110.625,110.625,110.65625,110.53125,110.609375,65920.0,2025-03-17 09:45:00-04:00
2025-03-17 14:00:00+00:00,110.625,110.625,110.71875,110.609375,110.625,52515.0,2025-03-17 10:00:00-04:00
2025-03-17 14:15:00+00:00,110.734375,110.734375,110.734375,110.625,110.625,42849.0,2025-03-17 10:15:00-04:00
2025-03-17 14:30:00+00:00,110.734375,110.734375,110.8125,110.71875,110.75,49786.0,2025-03-17 10:30:00-04:00
2025-03-17 14:45:00+00:00,110.765625,110.765625,110.796875,110.734375,110.75,34912.0,2025-03-17 10:45:00-04:00
2025-03-17 15:00:00+00:00,110.8125,110.8125,110.84375,110.734375,110.765625,44659.0,2025-03-17 11:00:00-04:00
2025-03-17 15:15:00+00:00,110.890625,110.890625,110.890625,110.796875,110.8125,39555.0,2025-03-17 11:15:00-04:00
2025-03-17 15:30:00+00:00,110.90625,110.90625,110.9375,110.875,110.875,41536.0,2025-03-17 11:30:00-04:00
2025-03-17 15:45:00+00:00,110.890625,110.890625,110.921875,110.859375,110.90625,36902.0,2025-03-17 11:45:00-04:00
2025-03-17 16:00:00+00:00,110.859375,110.859375,110.9375,110.84375,110.890625,29979.0,2025-03-17 12:00:00-04:00
2025-03-17 16:15:00+00:00,110.890625,110.890625,110.921875,110.828125,110.859375,29344.0,2025-03-17 12:15:00-04:00
2025-03-17 16:30:00+00:00,110.84375,110.84375,110.890625,110.828125,110.890625,15501.0,2025-03-17 12:30:00-04:00
2025-03-17 16:45:00+00:00,110.8125,110.8125,110.875,110.796875,110.84375,28860.0,2025-03-17 12:45:00-04:00
2025-03-17 17:00:00+00:00,110.78125,110.78125,110.828125,110.765625,110.796875,24537.0,2025-03-17 13:00:00-04:00
2025-03-17 17:15:00+00:00,110.734375,110.734375,110.796875,110.734375,110.78125,19427.0,2025-03-17 13:15:00-04:00
2025-03-17 17:30:00+00:00,110.734375,110.734375,110.796875,110.734375,110.75,17955.0,2025-03-17 13:30:00-04:00
2025-03-17 17:45:00+00:00,110.703125,110.703125,110.765625,110.703125,110.734375,28006.0,2025-03-17 13:45:00-04:00
2025-03-17 18:00:00+00:00,110.640625,110.640625,110.734375,110.625,110.703125,67508.0,2025-03-17 14:00:00-04:00
2025-03-17 18:15:00+00:00,110.640625,110.640625,110.65625,110.609375,110.640625,31230.0,2025-03-17 14:15:00-04:00
2025-03-17 18:30:00+00:00,110.546875,110.546875,110.640625,110.53125,110.640625,37704.0,2025-03-17 14:30:00-04:00
2025-03-17 18:45:00+00:00,110.609375,110.609375,110.609375,110.53125,110.546875,49169.0,2025-03-17 14:45:00-04:00
2025-03-17 19:00:00+00:00,110.609375,110.609375,110.640625,110.59375,110.59375,36407.0,2025-03-17 15:00:00-04:00
2025-03-17 19:15:00+00:00,110.578125,110.578125,110.625,110.5625,110.59375,17820.0,2025-03-17 15:15:00-04:00
2025-03-17 19:30:00+00:00,110.59375,110.59375,110.59375,110.5625,110.578125,13039.0,2025-03-17 15:30:00-04:00
2025-03-17 19:45:00+00:00,110.609375,110.609375,110.625,110.5625,110.578125,32651.0,2025-03-17 15:45:00-04:00
2025-03-17 20:00:00+00:00,110.65625,110.65625,110.671875,110.609375,110.625,21134.0,2025-03-17 16:00:00-04:00
2025-03-17 20:15:00+00:00,110.625,110.625,110.671875,110.625,110.65625,10507.0,2025-03-17 16:15:00-04:00
2025-03-17 20:30:00+00:00,110.65625,110.65625,110.65625,110.625,110.640625,5430.0,2025-03-17 16:30:00-04:00
2025-03-17 20:45:00+00:00,110.640625,110.640625,110.65625,110.625,110.640625,10392.0,2025-03-17 16:45:00-04:00
2025-03-17 22:00:00+00:00,110.5625,110.5625,110.625,110.5625,110.625,5224.0,2025-03-17 18:00:00-04:00
2025-03-17 22:15:00+00:00,110.59375,110.59375,110.59375,110.5625,110.5625,835.0,2025-03-17 18:15:00-04:00
2025-03-17 22:30:00+00:00,110.578125,110.578125,110.578125,110.578125,110.578125,180.0,2025-03-17 18:30:00-04:00
2025-03-17 22:45:00+00:00,110.59375,110.59375,110.59375,110.5625,110.5625,466.0,2025-03-17 18:45:00-04:00
2025-03-17 23:00:00+00:00,110.609375,110.609375,110.625,110.578125,110.59375,2148.0,2025-03-17 19:00:00-04:00
2025-03-17 23:15:00+00:00,110.625,110.625,110.640625,110.609375,110.625,3490.0,2025-03-17 19:15:00-04:00
2025-03-17 23:30:00+00:00,110.609375,110.609375,110.609375,110.609375,110.609375,1638.0,2025-03-17 19:30:00-04:00
2025-03-17 23:45:00+00:00,110.640625,110.640625,110.640625,110.625,110.625,664.0,2025-03-17 19:45:00-04:00
2025-03-18 00:00:00+00:00,110.640625,110.640625,110.65625,110.625,110.640625,4888.0,2025-03-17 20:00:00-04:00
2025-03-18 00:15:00+00:00,110.65625,110.65625,110.65625,110.625,110.625,2502.0,2025-03-17 20:15:00-04:00
2025-03-18 00:30:00+00:00,110.625,110.625,110.671875,110.625,110.65625,3571.0,2025-03-17 20:30:00-04:00
2025-03-18 00:45:00+00:00,110.640625,110.640625,110.65625,110.609375,110.640625,3606.0,2025-03-17 20:45:00-04:00
2025-03-18 01:00:00+00:00,110.625,110.625,110.65625,110.625,110.640625,661.0,2025-03-17 21:00:00-04:00
2025-03-18 01:15:00+00:00,110.640625,110.640625,110.640625,110.625,110.625,2182.0,2025-03-17 21:15:00-04:00
2025-03-18 01:30:00+00:00,110.671875,110.671875,110.671875,110.640625,110.640625,2058.0,2025-03-17 21:30:00-04:00
2025-03-18 01:45:00+00:00,110.671875,110.671875,110.6875,110.65625,110.65625,728.0,2025-03-17 21:45:00-04:00
2025-03-18 02:00:00+00:00,110.6875,110.6875,110.703125,110.65625,110.6875,3871.0,2025-03-17 22:00:00-04:00
2025-03-18 02:15:00+00:00,110.6875,110.6875,110.703125,110.671875,110.6875,8762.0,2025-03-17 22:15:00-04:00
2025-03-18 02:30:00+00:00,110.6875,110.6875,110.703125,110.671875,110.6875,1920.0,2025-03-17 22:30:00-04:00
2025-03-18 02:45:00+00:00,110.6875,110.6875,110.71875,110.6875,110.6875,1509.0,2025-03-17 22:45:00-04:00
2025-03-18 03:00:00+00:00,110.71875,110.71875,110.71875,110.6875,110.703125,2120.0,2025-03-17 23:00:00-04:00
2025-03-18 03:15:00+00:00,110.71875,110.71875,110.71875,110.703125,110.71875,3581.0,2025-03-17 23:15:00-04:00
2025-03-18 03:30:00+00:00,110.734375,110.734375,110.734375,110.703125,110.703125,2487.0,2025-03-17 23:30:00-04:00
2025-03-18 03:45:00+00:00,110.71875,110.71875,110.734375,110.71875,110.734375,2486.0,2025-03-17 23:45:00-04:00
2025-03-18 04:00:00+00:00,110.765625,110.765625,110.765625,110.734375,110.734375,4455.0,2025-03-18 00:00:00-04:00
2025-03-18 04:15:00+00:00,110.71875,110.71875,110.765625,110.71875,110.765625,3678.0,2025-03-18 00:15:00-04:00
2025-03-18 04:30:00+00:00,110.734375,110.734375,110.734375,110.71875,110.734375,4467.0,2025-03-18 00:30:00-04:00
2025-03-18 04:45:00+00:00,110.734375,110.734375,110.734375,110.71875,110.71875,2975.0,2025-03-18 00:45:00-04:00
2025-03-18 05:00:00+00:00,110.6875,110.6875,110.734375,110.671875,110.734375,9786.0,2025-03-18 01:00:00-04:00
2025-03-18 05:15:00+00:00,110.671875,110.671875,110.703125,110.671875,110.6875,4145.0,2025-03-18 01:15:00-04:00
2025-03-18 05:30:00+00:00,110.671875,110.671875,110.6875,110.671875,110.671875,2327.0,2025-03-18 01:30:00-04:00
2025-03-18 05:45:00+00:00,110.6875,110.6875,110.703125,110.671875,110.671875,3242.0,2025-03-18 01:45:00-04:00
2025-03-18 06:00:00+00:00,110.71875,110.71875,110.71875,110.6875,110.6875,3071.0,2025-03-18 02:00:00-04:00
2025-03-18 06:15:00+00:00,110.734375,110.734375,110.75,110.71875,110.71875,2484.0,2025-03-18 02:15:00-04:00
2025-03-18 06:30:00+00:00,110.65625,110.65625,110.75,110.65625,110.75,12782.0,2025-03-18 02:30:00-04:00
2025-03-18 06:45:00+00:00,110.65625,110.65625,110.671875,110.65625,110.671875,4482.0,2025-03-18 02:45:00-04:00
2025-03-18 07:00:00+00:00,110.65625,110.65625,110.671875,110.625,110.671875,9251.0,2025-03-18 03:00:00-04:00
2025-03-18 07:15:00+00:00,110.65625,110.65625,110.65625,110.625,110.640625,7495.0,2025-03-18 03:15:00-04:00
2025-03-18 07:30:00+00:00,110.609375,110.609375,110.671875,110.609375,110.640625,7019.0,2025-03-18 03:30:00-04:00
2025-03-18 07:45:00+00:00,110.625,110.625,110.625,110.609375,110.609375,7902.0,2025-03-18 03:45:00-04:00
2025-03-18 08:00:00+00:00,110.53125,110.53125,110.625,110.53125,110.609375,17300.0,2025-03-18 04:00:00-04:00
2025-03-18 08:15:00+00:00,110.5625,110.5625,110.578125,110.53125,110.546875,17544.0,2025-03-18 04:15:00-04:00
2025-03-18 08:30:00+00:00,110.578125,110.578125,110.578125,110.53125,110.5625,14904.0,2025-03-18 04:30:00-04:00
2025-03-18 08:45:00+00:00,110.578125,110.578125,110.609375,110.5625,110.5625,12306.0,2025-03-18 04:45:00-04:00
2025-03-18 09:00:00+00:00,110.609375,110.609375,110.609375,110.5625,110.578125,10875.0,2025-03-18 05:00:00-04:00
2025-03-18 09:15:00+00:00,110.546875,110.546875,110.609375,110.546875,110.59375,5649.0,2025-03-18 05:15:00-04:00
2025-03-18 09:30:00+00:00,110.546875,110.546875,110.578125,110.546875,110.5625,9986.0,2025-03-18 05:30:00-04:00
2025-03-18 09:45:00+00:00,110.578125,110.578125,110.59375,110.546875,110.546875,5808.0,2025-03-18 05:45:00-04:00
2025-03-18 10:00:00+00:00,110.625,110.625,110.65625,110.5625,110.578125,13562.0,2025-03-18 06:00:00-04:00
2025-03-18 10:15:00+00:00,110.640625,110.640625,110.671875,110.625,110.640625,13213.0,2025-03-18 06:15:00-04:00
2025-03-18 10:30:00+00:00,110.625,110.625,110.65625,110.625,110.640625,6298.0,2025-03-18 06:30:00-04:00
2025-03-18 10:45:00+00:00,110.640625,110.640625,110.65625,110.625,110.625,4587.0,2025-03-18 06:45:00-04:00
2025-03-18 11:00:00+00:00,110.609375,110.609375,110.65625,110.609375,110.640625,7354.0,2025-03-18 07:00:00-04:00
2025-03-18 11:15:00+00:00,110.578125,110.578125,110.640625,110.5625,110.609375,8972.0,2025-03-18 07:15:00-04:00
2025-03-18 11:30:00+00:00,110.59375,110.59375,110.625,110.578125,110.59375,15319.0,2025-03-18 07:30:00-04:00
2025-03-18 11:45:00+00:00,110.53125,110.53125,110.609375,110.53125,110.59375,25630.0,2025-03-18 07:45:00-04:00
2025-03-18 12:00:00+00:00,110.53125,110.53125,110.578125,110.53125,110.546875,11400.0,2025-03-18 08:00:00-04:00
2025-03-18 12:15:00+00:00,110.59375,110.59375,110.609375,110.53125,110.546875,34713.0,2025-03-18 08:15:00-04:00
2025-03-18 12:30:00+00:00,110.46875,110.46875,110.59375,110.4375,110.59375,80593.0,2025-03-18 08:30:00-04:00
2025-03-18 12:45:00+00:00,110.53125,110.53125,110.5625,110.46875,110.484375,32601.0,2025-03-18 08:45:00-04:00
2025-03-18 13:00:00+00:00,110.5625,110.5625,110.640625,110.546875,110.546875,37355.0,2025-03-18 09:00:00-04:00
2025-03-18 13:15:00+00:00,110.5,110.5,110.5625,110.5,110.5625,30910.0,2025-03-18 09:15:00-04:00
2025-03-18 13:30:00+00:00,110.65625,110.65625,110.65625,110.5,110.5,49261.0,2025-03-18 09:30:00-04:00
2025-03-18 13:45:00+00:00,110.671875,110.671875,110.671875,110.578125,110.65625,55025.0,2025-03-18 09:45:00-04:00
2025-03-18 14:00:00+00:00,110.640625,110.640625,110.71875,110.625,110.65625,63439.0,2025-03-18 10:00:00-04:00
2025-03-18 14:15:00+00:00,110.671875,110.671875,110.703125,110.640625,110.640625,33707.0,2025-03-18 10:15:00-04:00
2025-03-18 14:30:00+00:00,110.625,110.625,110.6875,110.59375,110.65625,42724.0,2025-03-18 10:30:00-04:00
2025-03-18 14:45:00+00:00,110.609375,110.609375,110.640625,110.5625,110.625,44353.0,2025-03-18 10:45:00-04:00
2025-03-18 15:00:00+00:00,110.625,110.625,110.6875,110.59375,110.609375,41689.0,2025-03-18 11:00:00-04:00
2025-03-18 15:15:00+00:00,110.671875,110.671875,110.703125,110.625,110.625,29278.0,2025-03-18 11:15:00-04:00
2025-03-18 15:30:00+00:00,110.734375,110.734375,110.734375,110.65625,110.671875,34830.0,2025-03-18 11:30:00-04:00
2025-03-18 15:45:00+00:00,110.734375,110.734375,110.78125,110.703125,110.71875,35424.0,2025-03-18 11:45:00-04:00
2025-03-18 16:00:00+00:00,110.6875,110.6875,110.75,110.6875,110.75,22789.0,2025-03-18 12:00:00-04:00
2025-03-18 16:15:00+00:00,110.6875,110.6875,110.71875,110.671875,110.703125,21394.0,2025-03-18 12:15:00-04:00
2025-03-18 16:30:00+00:00,110.734375,110.734375,110.734375,110.671875,110.6875,33798.0,2025-03-18 12:30:00-04:00
2025-03-18 16:45:00+00:00,110.71875,110.71875,110.75,110.703125,110.734375,37441.0,2025-03-18 12:45:00-04:00
2025-03-18 17:00:00+00:00,110.796875,110.796875,110.859375,110.703125,110.71875,51282.0,2025-03-18 13:00:00-04:00
2025-03-18 17:15:00+00:00,110.8125,110.8125,110.875,110.78125,110.796875,67769.0,2025-03-18 13:15:00-04:00
2025-03-18 17:30:00+00:00,110.828125,110.828125,110.84375,110.78125,110.796875,35566.0,2025-03-18 13:30:00-04:00
2025-03-18 17:45:00+00:00,110.84375,110.84375,110.859375,110.8125,110.828125,14927.0,2025-03-18 13:45:00-04:00
2025-03-18 18:00:00+00:00,110.875,110.875,110.875,110.828125,110.84375,24600.0,2025-03-18 14:00:00-04:00
2025-03-18 18:15:00+00:00,110.890625,110.890625,110.890625,110.84375,110.875,18769.0,2025-03-18 14:15:00-04:00
2025-03-18 18:30:00+00:00,110.828125,110.828125,110.90625,110.828125,110.875,27167.0,2025-03-18 14:30:00-04:00
2025-03-18 18:45:00+00:00,110.796875,110.796875,110.84375,110.78125,110.84375,57865.0,2025-03-18 14:45:00-04:00
2025-03-18 19:00:00+00:00,110.765625,110.765625,110.8125,110.765625,110.796875,29051.0,2025-03-18 15:00:00-04:00
2025-03-18 19:15:00+00:00,110.765625,110.765625,110.8125,110.765625,110.765625,23403.0,2025-03-18 15:15:00-04:00
2025-03-18 19:30:00+00:00,110.765625,110.765625,110.78125,110.734375,110.765625,21838.0,2025-03-18 15:30:00-04:00
2025-03-18 19:45:00+00:00,110.734375,110.734375,110.796875,110.734375,110.765625,49983.0,2025-03-18 15:45:00-04:00
2025-03-18 20:00:00+00:00,110.765625,110.765625,110.765625,110.703125,110.734375,32733.0,2025-03-18 16:00:00-04:00
2025-03-18 20:15:00+00:00,110.75,110.75,110.765625,110.734375,110.75,7311.0,2025-03-18 16:15:00-04:00
2025-03-18 20:30:00+00:00,110.765625,110.765625,110.765625,110.75,110.75,3086.0,2025-03-18 16:30:00-04:00
2025-03-18 20:45:00+00:00,110.75,110.75,110.765625,110.734375,110.765625,11598.0,2025-03-18 16:45:00-04:00
2025-03-18 22:00:00+00:00,110.75,110.75,110.765625,110.71875,110.71875,2468.0,2025-03-18 18:00:00-04:00
2025-03-18 22:15:00+00:00,110.734375,110.734375,110.765625,110.734375,110.765625,369.0,2025-03-18 18:15:00-04:00
2025-03-18 22:30:00+00:00,110.765625,110.765625,110.765625,110.75,110.75,390.0,2025-03-18 18:30:00-04:00
2025-03-18 22:45:00+00:00,110.734375,110.734375,110.765625,110.734375,110.75,690.0,2025-03-18 18:45:00-04:00
2025-03-18 23:00:00+00:00,110.75,110.75,110.75,110.734375,110.734375,1131.0,2025-03-18 19:00:00-04:00
2025-03-18 23:15:00+00:00,110.734375,110.734375,110.75,110.734375,110.75,415.0,2025-03-18 19:15:00-04:00
2025-03-18 23:30:00+00:00,110.71875,110.71875,110.75,110.71875,110.734375,1018.0,2025-03-18 19:30:00-04:00
2025-03-18 23:45:00+00:00,110.703125,110.703125,110.734375,110.703125,110.734375,1819.0,2025-03-18 19:45:00-04:00
2025-03-19 00:00:00+00:00,110.703125,110.703125,110.71875,110.6875,110.71875,1941.0,2025-03-18 20:00:00-04:00
2025-03-19 00:15:00+00:00,110.6875,110.6875,110.71875,110.6875,110.6875,2383.0,2025-03-18 20:15:00-04:00
2025-03-19 00:30:00+00:00,110.671875,110.671875,110.6875,110.65625,110.6875,1465.0,2025-03-18 20:30:00-04:00
2025-03-19 00:45:00+00:00,110.671875,110.671875,110.6875,110.65625,110.671875,2549.0,2025-03-18 20:45:00-04:00
2025-03-19 01:00:00+00:00,110.671875,110.671875,110.6875,110.65625,110.65625,3891.0,2025-03-18 21:00:00-04:00
2025-03-19 01:15:00+00:00,110.6875,110.6875,110.703125,110.671875,110.671875,3021.0,2025-03-18 21:15:00-04:00
2025-03-19 01:30:00+00:00,110.6875,110.6875,110.703125,110.6875,110.6875,2818.0,2025-03-18 21:30:00-04:00
2025-03-19 01:45:00+00:00,110.6875,110.6875,110.703125,110.671875,110.6875,455.0,2025-03-18 21:45:00-04:00
2025-03-19 02:00:00+00:00,110.703125,110.703125,110.703125,110.6875,110.703125,200.0,2025-03-18 22:00:00-04:00
2025-03-19 02:15:00+00:00,110.6875,110.6875,110.71875,110.671875,110.703125,6889.0,2025-03-18 22:15:00-04:00
2025-03-19 02:30:00+00:00,110.703125,110.703125,110.734375,110.703125,110.703125,3575.0,2025-03-18 22:30:00-04:00
2025-03-19 02:45:00+00:00,110.703125,110.703125,110.71875,110.6875,110.71875,1767.0,2025-03-18 22:45:00-04:00
2025-03-19 03:00:00+00:00,110.703125,110.703125,110.703125,110.6875,110.703125,837.0,2025-03-18 23:00:00-04:00
2025-03-19 03:15:00+00:00,110.671875,110.671875,110.703125,110.671875,110.703125,1518.0,2025-03-18 23:15:00-04:00
2025-03-19 03:30:00+00:00,110.671875,110.671875,110.671875,110.65625,110.671875,1538.0,2025-03-18 23:30:00-04:00
2025-03-19 03:45:00+00:00,110.671875,110.671875,110.671875,110.65625,110.671875,909.0,2025-03-18 23:45:00-04:00
2025-03-19 04:00:00+00:00,110.6875,110.6875,110.6875,110.671875,110.671875,277.0,2025-03-19 00:00:00-04:00
2025-03-19 04:15:00+00:00,110.671875,110.671875,110.6875,110.671875,110.6875,991.0,2025-03-19 00:15:00-04:00
2025-03-19 04:30:00+00:00,110.671875,110.671875,110.671875,110.671875,110.671875,30.0,2025-03-19 00:30:00-04:00
2025-03-19 04:45:00+00:00,110.65625,110.65625,110.6875,110.65625,110.671875,1023.0,2025-03-19 00:45:00-04:00
2025-03-19 05:00:00+00:00,110.671875,110.671875,110.671875,110.65625,110.65625,579.0,2025-03-19 01:00:00-04:00
2025-03-19 05:15:00+00:00,110.65625,110.65625,110.671875,110.65625,110.671875,217.0,2025-03-19 01:15:00-04:00
2025-03-19 05:30:00+00:00,110.65625,110.65625,110.671875,110.640625,110.65625,6129.0,2025-03-19 01:30:00-04:00
2025-03-19 05:45:00+00:00,110.671875,110.671875,110.6875,110.65625,110.65625,1395.0,2025-03-19 01:45:00-04:00
2025-03-19 06:00:00+00:00,110.671875,110.671875,110.6875,110.65625,110.65625,3212.0,2025-03-19 02:00:00-04:00
2025-03-19 06:15:00+00:00,110.671875,110.671875,110.6875,110.671875,110.6875,1392.0,2025-03-19 02:15:00-04:00
2025-03-19 06:30:00+00:00,110.6875,110.6875,110.6875,110.65625,110.65625,4579.0,2025-03-19 02:30:00-04:00
2025-03-19 06:45:00+00:00,110.6875,110.6875,110.703125,110.671875,110.6875,67006.0,2025-03-19 02:45:00-04:00
2025-03-19 07:00:00+00:00,110.71875,110.71875,110.71875,110.6875,110.6875,5703.0,2025-03-19 03:00:00-04:00
2025-03-19 07:15:00+00:00,110.734375,110.734375,110.734375,110.6875,110.703125,6894.0,2025-03-19 03:15:00-04:00
2025-03-19 07:30:00+00:00,110.796875,110.796875,110.84375,110.71875,110.734375,21809.0,2025-03-19 03:30:00-04:00
2025-03-19 07:45:00+00:00,110.796875,110.796875,110.8125,110.765625,110.78125,17332.0,2025-03-19 03:45:00-04:00
2025-03-19 08:00:00+00:00,110.78125,110.78125,110.796875,110.75,110.796875,16577.0,2025-03-19 04:00:00-04:00
2025-03-19 08:15:00+00:00,110.765625,110.765625,110.796875,110.75,110.78125,12554.0,2025-03-19 04:15:00-04:00
2025-03-19 08:30:00+00:00,110.734375,110.734375,110.765625,110.734375,110.765625,11397.0,2025-03-19 04:30:00-04:00
2025-03-19 08:45:00+00:00,110.703125,110.703125,110.734375,110.6875,110.734375,18585.0,2025-03-19 04:45:00-04:00
2025-03-19 09:00:00+00:00,110.71875,110.71875,110.734375,110.6875,110.703125,26564.0,2025-03-19 05:00:00-04:00
2025-03-19 09:15:00+00:00,110.703125,110.703125,110.734375,110.703125,110.71875,4704.0,2025-03-19 05:15:00-04:00
2025-03-19 09:30:00+00:00,110.71875,110.71875,110.734375,110.6875,110.71875,6872.0,2025-03-19 05:30:00-04:00
2025-03-19 09:45:00+00:00,110.734375,110.734375,110.75,110.71875,110.734375,11309.0,2025-03-19 05:45:00-04:00
2025-03-19 10:00:00+00:00,110.71875,110.71875,110.734375,110.703125,110.71875,2894.0,2025-03-19 06:00:00-04:00
2025-03-19 10:15:00+00:00,110.734375,110.734375,110.734375,110.71875,110.734375,7611.0,2025-03-19 06:15:00-04:00
2025-03-19 10:30:00+00:00,110.71875,110.71875,110.734375,110.703125,110.71875,13357.0,2025-03-19 06:30:00-04:00
2025-03-19 10:45:00+00:00,110.6875,110.6875,110.71875,110.6875,110.71875,6230.0,2025-03-19 06:45:00-04:00
2025-03-19 11:00:00+00:00,110.671875,110.671875,110.703125,110.671875,110.6875,9144.0,2025-03-19 07:00:00-04:00
2025-03-19 11:15:00+00:00,110.65625,110.65625,110.703125,110.65625,110.671875,7814.0,2025-03-19 07:15:00-04:00
2025-03-19 11:30:00+00:00,110.65625,110.65625,110.671875,110.640625,110.671875,9101.0,2025-03-19 07:30:00-04:00
2025-03-19 11:45:00+00:00,110.671875,110.671875,110.71875,110.640625,110.65625,40869.0,2025-03-19 07:45:00-04:00
2025-03-19 12:00:00+00:00,110.671875,110.671875,110.671875,110.625,110.671875,20456.0,2025-03-19 08:00:00-04:00
2025-03-19 12:15:00+00:00,110.734375,110.734375,110.734375,110.65625,110.671875,24492.0,2025-03-19 08:15:00-04:00
2025-03-19 12:30:00+00:00,110.71875,110.71875,110.78125,110.71875,110.734375,23119.0,2025-03-19 08:30:00-04:00
2025-03-19 12:45:00+00:00,110.71875,110.71875,110.75,110.6875,110.71875,18556.0,2025-03-19 08:45:00-04:00
2025-03-19 13:00:00+00:00,110.65625,110.65625,110.734375,110.640625,110.71875,22398.0,2025-03-19 09:00:00-04:00
2025-03-19 13:15:00+00:00,110.609375,110.609375,110.65625,110.59375,110.65625,35935.0,2025-03-19 09:15:00-04:00
2025-03-19 13:30:00+00:00,110.59375,110.59375,110.625,110.546875,110.609375,55378.0,2025-03-19 09:30:00-04:00
2025-03-19 13:45:00+00:00,110.53125,110.53125,110.59375,110.5,110.59375,49007.0,2025-03-19 09:45:00-04:00
2025-03-19 14:00:00+00:00,110.53125,110.53125,110.5625,110.515625,110.53125,31734.0,2025-03-19 10:00:00-04:00
2025-03-19 14:15:00+00:00,110.5625,110.5625,110.578125,110.515625,110.53125,38307.0,2025-03-19 10:15:00-04:00
2025-03-19 14:30:00+00:00,110.609375,110.609375,110.625,110.5625,110.5625,33944.0,2025-03-19 10:30:00-04:00
2025-03-19 14:45:00+00:00,110.59375,110.59375,110.625,110.578125,110.609375,703819.0,2025-03-19 10:45:00-04:00
2025-03-19 15:00:00+00:00,110.5625,110.5625,110.59375,110.546875,110.59375,17922.0,2025-03-19 11:00:00-04:00
2025-03-19 15:15:00+00:00,110.5625,110.5625,110.59375,110.546875,110.578125,24833.0,2025-03-19 11:15:00-04:00
2025-03-19 15:30:00+00:00,110.5625,110.5625,110.578125,110.515625,110.5625,27302.0,2025-03-19 11:30:00-04:00
2025-03-19 15:45:00+00:00,110.546875,110.546875,110.578125,110.546875,110.546875,24912.0,2025-03-19 11:45:00-04:00
2025-03-19 16:00:00+00:00,110.59375,110.59375,110.59375,110.546875,110.546875,14663.0,2025-03-19 12:00:00-04:00
2025-03-19 16:15:00+00:00,110.5625,110.5625,110.609375,110.5625,110.578125,25078.0,2025-03-19 12:15:00-04:00
2025-03-19 16:30:00+00:00,110.5625,110.5625,110.59375,110.546875,110.578125,14774.0,2025-03-19 12:30:00-04:00
2025-03-19 16:45:00+00:00,110.53125,110.53125,110.59375,110.53125,110.5625,11236.0,2025-03-19 12:45:00-04:00
2025-03-19 17:00:00+00:00,110.515625,110.515625,110.546875,110.484375,110.53125,14178.0,2025-03-19 13:00:00-04:00
2025-03-19 17:15:00+00:00,110.515625,110.515625,110.515625,110.484375,110.5,19372.0,2025-03-19 13:15:00-04:00
2025-03-19 17:30:00+00:00,110.5,110.5,110.53125,110.46875,110.515625,14730.0,2025-03-19 13:30:00-04:00
2025-03-19 17:45:00+00:00,110.484375,110.484375,110.515625,110.453125,110.5,30796.0,2025-03-19 13:45:00-04:00
2025-03-19 18:00:00+00:00,110.75,110.75,110.765625,110.453125,110.484375,138497.0,2025-03-19 14:00:00-04:00
2025-03-19 18:15:00+00:00,110.84375,110.84375,110.875,110.703125,110.75,86185.0,2025-03-19 14:15:00-04:00
2025-03-19 18:30:00+00:00,111.015625,111.015625,111.03125,110.78125,110.859375,113510.0,2025-03-19 14:30:00-04:00
2025-03-19 18:45:00+00:00,111.0,111.0,111.03125,110.9375,111.015625,128690.0,2025-03-19 14:45:00-04:00
2025-03-19 19:00:00+00:00,111.015625,111.015625,111.09375,110.953125,111.0,134233.0,2025-03-19 15:00:00-04:00
2025-03-19 19:15:00+00:00,111.03125,111.03125,111.046875,110.953125,111.015625,58898.0,2025-03-19 15:15:00-04:00
2025-03-19 19:30:00+00:00,110.984375,110.984375,111.03125,110.984375,111.03125,41365.0,2025-03-19 15:30:00-04:00
2025-03-19 19:45:00+00:00,111.015625,111.015625,111.0625,110.96875,111.0,50712.0,2025-03-19 15:45:00-04:00
2025-03-19 20:00:00+00:00,111.0625,111.0625,111.0625,111.0,111.03125,29751.0,2025-03-19 16:00:00-04:00
2025-03-19 20:15:00+00:00,111.03125,111.03125,111.078125,111.015625,111.046875,18057.0,2025-03-19 16:15:00-04:00
2025-03-19 20:30:00+00:00,111.0625,111.0625,111.0625,111.015625,111.03125,10538.0,2025-03-19 16:30:00-04:00
2025-03-19 20:45:00+00:00,111.0625,111.0625,111.09375,111.046875,111.046875,12192.0,2025-03-19 16:45:00-04:00
2025-03-19 22:00:00+00:00,111.078125,111.078125,111.09375,111.046875,111.09375,1136.0,2025-03-19 18:00:00-04:00
2025-03-19 22:15:00+00:00,111.140625,111.140625,111.140625,111.09375,111.09375,3455.0,2025-03-19 18:15:00-04:00
2025-03-19 22:30:00+00:00,111.125,111.125,111.140625,111.125,111.140625,1537.0,2025-03-19 18:30:00-04:00
2025-03-19 22:45:00+00:00,111.125,111.125,111.140625,111.125,111.140625,1865.0,2025-03-19 18:45:00-04:00
2025-03-19 23:00:00+00:00,111.109375,111.109375,111.125,111.109375,111.125,68.0,2025-03-19 19:00:00-04:00
